-0.005 -0.045 0.035
-0.009 -0.043 0.045
-0.011 -0.041 0.041
-0.003 -0.051 0.051
-0.003 -0.047 0.061
-0.015 -0.017 0.039
-0.017 -0.027 0.047
-0.001 -0.007 0.063
-0.009 -0.059 0.087
-0.001 -0.057 0.105
-0.005 -0.037 0.099
-0.005 -0.051 0.105
-0.003 -0.049 0.043
0.015 -0.051 0.039
0.001 -0.049 0.037
-0.003 -0.051 0.045
0.011 -0.049 0.039
0.005 -0.051 0.051
-0.003 -0.051 0.053
-0.009 -0.039 0.051
-0.009 -0.037 0.057
-0.007 -0.045 0.057
-0.007 -0.041 0.061
-0.003 -0.049 0.059
-0.005 -0.039 0.067
-0.005 -0.061 0.085
0.005 -0.055 0.095
-0.007 -0.063 0.093
-0.009 -0.051 0.099
-0.009 -0.051 0.099
-0.005 -0.053 0.099
-0.001 -0.055 0.099
0.005 -0.013 0.065
-0.003 -0.029 0.073
0.001 -0.011 0.067
-0.007 -0.037 0.097
-0.001 -0.051 0.107
0.005 -0.033 0.105
-0.001 -0.023 0.105
0.013 -0.033 0.105
-0.015 0.001 0.033
-0.015 0.003 0.035
-0.015 0.005 0.035
-0.015 0.005 0.037
-0.009 0.015 0.039
-0.013 0.017 0.043
-0.017 0.019 0.045
-0.015 0.033 0.043
-0.003 0.021 0.071
-0.007 0.013 0.039
-0.009 0.013 0.043
-0.003 -0.015 0.055
-0.005 0.009 0.041
-0.005 -0.015 0.053
-0.001 -0.017 0.057
-0.001 0.011 0.049
-0.003 0.009 0.047
0.001 0.003 0.075
0.003 -0.017 0.079
0.007 -0.007 0.079
0.001 -0.001 0.079
0.007 0.009 0.091
0.003 0.007 0.087
0.003 0.039 0.069
0.001 0.025 0.075
0.001 0.027 0.081
0.001 0.019 0.081
0.003 0.033 0.079
0.005 0.041 0.087
0.003 0.051 0.087
0.005 0.041 0.085
-0.009 -0.039 0.057
-0.017 -0.025 0.045
-0.015 -0.017 0.041
-0.007 -0.005 0.043
-0.007 -0.027 0.055
-0.003 -0.023 0.055
-0.005 -0.007 0.055
-0.003 -0.005 0.055
-0.013 -0.055 0.087
-0.007 -0.039 0.097
-0.003 -0.027 0.067
-0.003 -0.025 0.085
-0.007 -0.051 0.105
-0.009 -0.045 0.101
-0.005 -0.029 0.097
-0.015 -0.033 0.045
-0.009 -0.033 0.057
-0.007 -0.035 0.063
-0.007 -0.011 0.049
-0.003 -0.005 0.045
-0.005 -0.005 0.041
-0.001 -0.005 0.041
0.007 -0.017 0.063
0.001 -0.013 0.063
-0.001 -0.035 0.075
-0.001 -0.031 0.077
-0.001 -0.031 0.077
-0.005 -0.037 0.089
-0.005 -0.031 0.095
0.001 -0.023 0.069
-0.001 -0.021 0.087
0.003 0.005 0.087
-0.001 -0.021 0.083
0.001 -0.019 0.091
0.003 -0.009 0.101
-0.003 -0.049 0.107
0.007 -0.039 0.105
0.005 -0.007 0.101
0.013 -0.009 0.109
0.013 -0.009 0.109
-0.009 0.005 0.039
-0.015 0.019 0.033
-0.015 0.021 0.035
-0.015 0.043 0.043
-0.013 0.043 0.037
-0.015 0.035 0.043
-0.015 0.033 0.043
-0.009 0.013 0.047
-0.019 0.023 0.051
-0.015 0.027 0.059
-0.015 0.029 0.055
-0.011 0.029 0.059
0.005 0.015 0.061
-0.011 0.021 0.063
0.005 0.031 0.053
0.003 0.027 0.057
-0.013 0.043 0.051
0.001 0.015 0.079
0.003 0.015 0.089
0.001 0.023 0.077
0.001 0.029 0.077
0.001 0.005 0.083
0.005 0.007 0.089
0.011 0.025 0.093
0.005 0.043 0.079
0.017 -0.017 0.053
0.013 -0.033 0.061
0.013 -0.037 0.065
0.019 -0.007 0.049
0.021 -0.013 0.041
-0.007 -0.005 0.035
0.015 -0.003 0.047
0.013 -0.001 0.047
0.015 -0.015 0.059
0.021 -0.025 0.093
0.021 -0.015 0.091
0.015 -0.013 0.085
0.025 -0.015 0.093
0.003 -0.049 0.103
0.005 -0.049 0.101
0.021 -0.023 0.105
0.025 -0.013 0.103
0.021 -0.033 0.039
0.021 -0.031 0.041
0.011 -0.045 0.059
0.015 -0.037 0.057
0.013 -0.039 0.059
0.013 -0.035 0.059
0.017 -0.037 0.055
0.023 -0.015 0.035
0.023 -0.019 0.039
0.021 -0.013 0.035
0.019 -0.009 0.047
0.011 -0.029 0.059
0.019 -0.005 0.051
0.011 -0.039 0.071
0.013 -0.037 0.065
0.003 -0.055 0.085
0.015 -0.037 0.085
0.017 -0.031 0.087
0.017 -0.029 0.083
0.017 -0.029 0.087
0.021 -0.029 0.097
0.017 -0.035 0.095
0.025 -0.021 0.097
0.017 -0.033 0.091
0.011 -0.019 0.067
0.015 -0.009 0.073
0.015 -0.013 0.085
0.025 -0.017 0.097
0.021 -0.015 0.093
0.013 -0.013 0.085
0.013 -0.011 0.081
0.015 -0.001 0.087
0.017 -0.015 0.091
0.015 -0.013 0.095
0.013 -0.035 0.105
0.025 -0.013 0.101
0.017 -0.015 0.109
0.013 -0.021 0.113
0.005 0.039 0.041
-0.001 0.035 0.047
0.005 0.029 0.045
0.017 0.029 0.055
0.011 0.031 0.055
0.019 0.027 0.059
-0.005 0.047 0.041
0.001 0.047 0.049
0.003 0.045 0.055
0.003 0.041 0.055
0.019 0.033 0.071
0.019 0.029 0.071
0.029 0.023 0.037
0.019 0.011 0.047
0.021 0.015 0.047
0.019 0.031 0.039
0.003 0.033 0.043
0.019 0.017 0.059
0.019 0.019 0.063
0.021 0.019 0.057
0.003 0.043 0.037
0.019 0.033 0.069
0.019 0.021 0.071
0.019 0.011 0.089
0.017 0.011 0.091
0.017 0.015 0.091
0.017 0.021 0.091
0.009 0.041 0.065
0.011 0.047 0.081
0.007 0.051 0.085
-0.017 -0.025 0.045
-0.017 -0.025 0.045
-0.015 -0.017 0.041
-0.013 -0.023 0.049
-0.009 -0.057 0.089
-0.007 -0.059 0.093
-0.007 -0.035 0.097
-0.001 -0.003 0.071
-0.007 -0.049 0.103
-0.007 -0.037 0.097
-0.005 -0.039 0.099
-0.001 -0.015 0.057
-0.009 -0.051 0.099
-0.003 -0.045 0.103
-0.009 -0.051 0.103
-0.001 -0.031 0.105
0.001 -0.031 0.105
0.005 -0.013 0.067
-0.003 -0.007 0.059
-0.001 -0.007 0.067
-0.003 -0.033 0.103
-0.003 -0.025 0.097
-0.001 -0.023 0.105
-0.001 -0.021 0.107
-0.001 -0.023 0.105
0.005 -0.009 0.103
0.003 -0.037 0.105
0.007 -0.047 0.099
0.005 -0.011 0.103
0.017 -0.003 0.081
0.011 -0.025 0.113
0.009 -0.021 0.109
0.001 -0.017 0.099
0.001 -0.049 0.107
0.007 -0.041 0.105
0.009 -0.033 0.105
-0.001 -0.021 0.107
0.011 -0.027 0.109
0.019 -0.025 0.107
0.019 -0.023 0.103
0.019 -0.025 0.107
0.011 -0.015 0.099
-0.005 0.009 0.045
-0.009 0.015 0.051
-0.009 0.021 0.063
-0.011 0.025 0.063
-0.015 0.027 0.059
-0.013 0.041 0.051
-0.011 0.037 0.051
-0.009 0.037 0.053
-0.003 0.009 0.047
0.005 0.001 0.085
-0.001 0.013 0.049
0.001 0.021 0.063
-0.003 0.021 0.073
0.003 0.017 0.087
0.003 0.017 0.089
0.007 0.013 0.091
0.005 0.005 0.089
0.001 0.009 0.083
0.015 0.007 0.091
0.009 0.015 0.093
0.003 0.011 0.089
0.001 0.017 0.085
0.003 0.027 0.087
0.013 0.021 0.095
0.003 0.031 0.083
0.005 0.041 0.083
0.005 0.033 0.081
0.009 0.039 0.081
0.009 0.045 0.085
0.015 -0.043 0.047
0.011 -0.049 0.053
0.013 -0.045 0.051
0.021 -0.039 0.039
0.021 -0.031 0.043
0.017 -0.023 0.049
0.017 -0.035 0.055
0.017 -0.015 0.057
-0.003 -0.059 0.091
-0.003 -0.059 0.093
0.011 -0.043 0.087
0.001 -0.055 0.105
0.007 -0.051 0.099
0.011 -0.043 0.103
0.021 -0.051 0.037
0.023 -0.045 0.037
0.015 -0.043 0.049
0.009 -0.049 0.059
0.023 -0.029 0.035
0.021 -0.027 0.039
0.021 -0.027 0.041
0.021 -0.013 0.041
0.007 -0.041 0.089
0.015 -0.031 0.067
0.015 -0.009 0.073
0.017 -0.007 0.073
0.021 -0.027 0.093
0.021 -0.027 0.095
0.017 -0.017 0.085
0.015 -0.005 0.081
0.023 -0.021 0.091
0.009 -0.047 0.097
0.005 -0.049 0.101
0.015 -0.037 0.097
0.025 -0.021 0.099
0.017 -0.015 0.109
0.017 -0.013 0.109
0.025 -0.017 0.097
0.021 -0.011 0.041
0.011 -0.003 0.041
0.009 0.009 0.035
0.023 0.011 0.043
0.017 0.013 0.037
0.017 0.009 0.045
0.011 0.007 0.049
0.025 0.015 0.043
0.021 0.017 0.049
0.003 0.041 0.043
0.001 0.045 0.049
0.001 0.043 0.049
0.013 0.015 0.065
0.013 0.011 0.033
0.013 0.011 0.033
0.007 0.011 0.033
0.013 0.011 0.033
0.019 -0.005 0.057
0.011 0.011 0.057
0.009 0.011 0.057
0.021 0.017 0.055
0.019 0.023 0.053
0.019 0.019 0.063
0.021 0.023 0.059
0.021 0.017 0.049
0.023 0.027 0.041
0.015 0.035 0.033
0.017 0.019 0.071
0.015 -0.001 0.085
0.019 0.009 0.087
0.021 0.011 0.087
0.019 0.011 0.089
0.013 0.023 0.095
0.009 0.051 0.077
0.007 0.055 0.079
-0.001 -0.047 0.035
0.001 -0.049 0.037
-0.005 -0.049 0.041
-0.007 -0.047 0.051
-0.015 -0.039 0.037
-0.011 -0.039 0.037
0.005 -0.047 0.035
-0.011 -0.041 0.045
-0.005 -0.049 0.045
-0.005 -0.049 0.043
0.003 -0.051 0.045
-0.003 -0.051 0.049
-0.003 -0.061 0.085
-0.005 -0.061 0.085
-0.007 -0.059 0.089
-0.005 -0.061 0.087
-0.001 -0.061 0.085
-0.003 -0.043 0.095
0.003 -0.051 0.093
0.001 -0.041 0.073
-0.003 -0.055 0.103
0.003 -0.055 0.097
0.009 -0.049 0.047
0.015 -0.053 0.035
0.015 -0.053 0.035
0.019 -0.041 0.045
0.011 -0.049 0.053
0.023 -0.027 0.035
0.023 -0.025 0.039
0.021 -0.035 0.043
0.019 -0.041 0.049
0.011 -0.047 0.055
0.019 -0.015 0.053
0.011 -0.045 0.065
0.015 -0.035 0.087
0.005 -0.053 0.095
0.013 -0.035 0.065
0.011 -0.041 0.071
0.015 -0.025 0.073
0.015 -0.013 0.065
0.013 -0.037 0.069
0.003 -0.031 0.081
0.017 -0.031 0.093
0.019 -0.027 0.083
0.005 -0.057 0.097
0.007 -0.053 0.095
0.005 -0.059 0.101
0.007 -0.055 0.097
0.017 -0.035 0.099
0.003 -0.019 0.109
0.017 -0.037 0.095
0.001 -0.049 0.041
0.009 -0.049 0.043
0.005 -0.049 0.039
0.007 -0.047 0.039
0.007 -0.051 0.051
0.009 -0.049 0.051
0.009 -0.049 0.045
0.003 -0.051 0.053
0.011 -0.045 0.061
0.009 -0.049 0.043
0.009 -0.049 0.049
0.021 -0.051 0.037
0.019 -0.041 0.047
0.019 -0.017 0.049
0.021 0.015 0.039
0.021 0.013 0.045
0.019 -0.017 0.049
0.017 0.015 0.061
0.021 0.017 0.057
0.017 -0.035 0.055
0.021 -0.001 0.063
0.015 -0.015 0.059
0.013 -0.011 0.069
0.017 -0.009 0.069
0.013 -0.035 0.075
0.021 -0.001 0.075
0.015 -0.031 0.069
0.021 -0.027 0.089
0.021 -0.003 0.071
-0.011 -0.039 0.047
-0.007 -0.035 0.061
-0.019 -0.029 0.041
-0.019 -0.025 0.041
-0.015 -0.009 0.037
-0.011 -0.015 0.043
-0.005 -0.033 0.065
-0.013 -0.051 0.083
-0.007 -0.047 0.089
-0.007 -0.045 0.089
-0.009 -0.041 0.083
-0.001 -0.025 0.069
-0.001 -0.029 0.075
-0.009 -0.047 0.101
-0.001 -0.021 0.105
-0.013 -0.021 0.047
-0.009 -0.011 0.047
-0.005 -0.015 0.053
-0.001 -0.007 0.037
0.003 0.001 0.049
0.001 0.003 0.063
0.003 0.005 0.067
0.001 -0.023 0.069
-0.001 -0.025 0.083
-0.005 -0.039 0.089
-0.007 -0.035 0.097
-0.001 -0.021 0.097
0.007 -0.019 0.069
0.003 -0.019 0.073
0.001 -0.007 0.069
0.001 -0.005 0.075
0.005 -0.007 0.089
0.007 -0.007 0.089
-0.009 -0.051 0.101
-0.003 -0.031 0.103
-0.001 -0.023 0.103
0.005 -0.011 0.103
0.001 -0.015 0.101
0.011 -0.017 0.105
0.003 -0.011 0.101
0.013 -0.011 0.109
-0.017 0.021 0.045
-0.013 0.025 0.043
-0.019 0.023 0.055
-0.019 0.023 0.051
-0.017 0.027 0.055
-0.015 0.025 0.061
-0.013 0.037 0.033
-0.015 0.039 0.037
-0.015 0.033 0.037
-0.003 0.041 0.033
0.001 0.043 0.033
-0.015 0.035 0.043
-0.011 0.035 0.049
-0.013 0.039 0.051
-0.013 0.037 0.047
-0.011 0.043 0.055
-0.013 0.027 0.061
-0.011 0.025 0.065
0.003 0.025 0.057
-0.003 0.049 0.059
0.001 0.003 0.067
-0.003 0.021 0.073
0.005 0.035 0.075
0.009 0.033 0.087
0.003 0.041 0.071
0.007 0.035 0.081
