0.023 -0.049 0.035
-0.017 -0.039 0.035
0.001 -0.049 0.039
-0.005 -0.049 0.041
0.007 -0.051 0.049
0.009 -0.047 0.063
-0.001 -0.051 0.043
0.005 -0.051 0.047
0.015 -0.053 0.037
0.011 -0.047 0.043
0.019 -0.037 0.035
0.021 -0.037 0.039
0.021 -0.033 0.041
0.011 -0.049 0.053
0.019 -0.041 0.053
0.015 -0.023 0.051
0.009 -0.017 0.061
0.011 -0.015 0.063
0.001 -0.047 0.065
0.001 -0.061 0.085
0.003 -0.057 0.087
0.005 -0.049 0.089
0.011 -0.047 0.093
-0.007 -0.053 0.099
-0.005 -0.053 0.099
-0.005 -0.055 0.103
0.003 -0.059 0.099
-0.005 -0.055 0.105
0.003 -0.059 0.103
0.005 -0.057 0.103
0.005 -0.057 0.099
0.011 -0.043 0.099
0.007 -0.039 0.031
0.007 -0.039 0.031
0.011 -0.031 0.031
0.021 -0.031 0.033
0.023 -0.019 0.031
0.021 -0.031 0.033
0.001 -0.049 0.041
0.003 -0.047 0.035
0.019 -0.051 0.035
0.021 -0.051 0.035
0.015 -0.043 0.045
0.015 -0.041 0.043
0.019 -0.041 0.045
0.021 -0.035 0.047
0.007 -0.051 0.049
0.007 -0.047 0.063
0.021 -0.039 0.049
0.017 -0.041 0.055
0.021 -0.033 0.035
0.023 -0.029 0.035
0.023 -0.025 0.033
0.025 -0.023 0.033
0.023 -0.031 0.037
0.023 -0.031 0.035
0.023 -0.029 0.035
0.023 -0.031 0.037
0.021 -0.031 0.039
0.023 -0.019 0.039
0.021 -0.029 0.047
0.021 -0.037 0.051
0.019 -0.005 0.059
0.011 -0.041 0.069
0.007 -0.039 0.075
0.007 -0.039 0.075
0.009 -0.041 0.073
0.003 -0.057 0.083
0.003 -0.057 0.087
0.013 -0.041 0.085
0.013 -0.045 0.093
0.009 -0.045 0.091
0.007 -0.041 0.089
0.013 -0.041 0.091
0.017 -0.027 0.075
0.017 -0.021 0.077
0.011 -0.019 0.067
0.015 -0.027 0.067
0.015 -0.021 0.073
0.017 -0.019 0.079
0.017 -0.011 0.065
0.017 -0.009 0.069
0.015 -0.039 0.093
0.017 -0.029 0.083
0.017 -0.031 0.085
0.021 -0.023 0.087
0.021 -0.021 0.087
0.025 -0.019 0.093
0.019 -0.025 0.083
0.013 -0.007 0.085
0.019 -0.027 0.087
0.019 -0.029 0.089
0.019 -0.029 0.091
0.009 -0.053 0.097
0.013 -0.041 0.097
0.013 -0.043 0.101
0.017 -0.035 0.097
0.019 -0.031 0.101
0.019 -0.033 0.101
0.013 -0.041 0.103
0.013 -0.033 0.105
0.017 -0.033 0.103
0.019 -0.031 0.097
0.021 -0.027 0.103
0.021 -0.029 0.099
0.021 -0.027 0.107
0.017 -0.013 0.109
0.007 0.011 0.033
0.015 0.015 0.033
0.023 -0.031 0.037
0.021 -0.031 0.041
0.023 -0.021 0.041
0.023 -0.019 0.039
0.023 -0.019 0.041
0.019 -0.007 0.047
0.017 -0.015 0.057
0.021 -0.013 0.053
0.021 -0.013 0.053
0.015 -0.013 0.063
0.011 0.009 0.035
0.021 -0.015 0.045
0.017 0.009 0.049
0.021 0.013 0.045
0.019 -0.001 0.055
0.015 0.009 0.053
0.021 0.015 0.051
0.021 0.017 0.057
0.017 -0.009 0.069
0.015 0.015 0.033
0.011 0.031 0.031
0.025 0.019 0.033
0.015 0.015 0.033
0.023 -0.017 0.043
0.017 0.019 0.037
0.029 0.019 0.037
0.029 0.019 0.037
0.023 0.013 0.045
0.021 -0.015 0.051
0.019 -0.003 0.053
0.015 -0.013 0.061
0.019 -0.003 0.063
0.019 0.013 0.049
0.019 -0.005 0.061
0.021 0.015 0.051
0.027 0.019 0.035
0.023 0.013 0.041
0.017 0.017 0.063
0.017 -0.011 0.065
0.015 -0.011 0.069
0.019 -0.005 0.073
0.019 -0.005 0.075
0.019 -0.003 0.077
0.019 -0.003 0.077
0.019 0.025 0.069
0.023 -0.019 0.087
0.025 -0.015 0.089
0.015 0.007 0.091
0.017 -0.001 0.083
0.021 0.021 0.085
0.021 0.015 0.087
0.021 0.023 0.083
0.017 0.019 0.071
0.019 0.031 0.071
0.021 0.027 0.075
0.019 0.031 0.077
0.021 0.023 0.081
0.021 0.017 0.085
0.019 0.023 0.089
0.011 0.047 0.081
-0.021 -0.025 0.033
-0.021 -0.027 0.037
-0.019 -0.027 0.039
-0.019 -0.025 0.041
-0.013 -0.015 0.041
-0.005 -0.047 0.059
-0.009 -0.041 0.049
-0.017 -0.025 0.037
-0.015 -0.017 0.041
-0.015 -0.017 0.035
-0.015 -0.023 0.045
-0.009 -0.005 0.043
-0.009 -0.005 0.043
-0.007 -0.007 0.045
-0.003 -0.023 0.055
-0.007 -0.029 0.057
-0.007 -0.009 0.051
-0.003 -0.043 0.067
-0.005 -0.037 0.069
-0.001 -0.035 0.075
-0.011 -0.051 0.087
-0.009 -0.041 0.083
-0.007 -0.043 0.087
-0.005 -0.045 0.089
-0.009 -0.043 0.097
-0.001 -0.025 0.075
-0.001 -0.003 0.067
-0.003 -0.027 0.087
-0.003 -0.025 0.089
-0.003 -0.027 0.091
-0.001 -0.025 0.093
-0.003 -0.029 0.099
-0.003 -0.025 0.097
-0.003 -0.029 0.101
-0.013 -0.025 0.047
-0.011 -0.007 0.043
-0.009 -0.045 0.051
-0.009 -0.041 0.055
-0.009 -0.039 0.049
-0.013 -0.029 0.051
-0.011 -0.035 0.055
-0.009 -0.031 0.057
-0.009 -0.025 0.053
-0.009 -0.023 0.053
-0.007 -0.023 0.053
-0.009 -0.027 0.055
-0.005 -0.031 0.063
0.003 -0.027 0.059
-0.005 -0.045 0.063
-0.003 -0.043 0.067
-0.005 -0.035 0.065
-0.005 -0.033 0.069
-0.003 -0.029 0.073
-0.005 -0.033 0.065
-0.001 -0.027 0.063
-0.007 -0.015 0.047
-0.005 -0.019 0.053
-0.007 -0.009 0.051
-0.003 -0.013 0.055
-0.005 -0.007 0.055
-0.003 -0.011 0.057
-0.003 -0.011 0.057
-0.003 -0.007 0.057
-0.001 -0.003 0.057
-0.001 -0.001 0.059
0.005 -0.023 0.057
0.005 -0.013 0.067
-0.001 -0.005 0.063
-0.003 -0.037 0.071
-0.001 -0.033 0.075
0.001 -0.029 0.079
-0.001 -0.027 0.079
-0.005 -0.031 0.083
-0.005 -0.031 0.085
-0.005 -0.047 0.103
-0.003 -0.029 0.087
-0.005 -0.033 0.089
-0.005 -0.031 0.097
-0.003 -0.035 0.101
0.001 -0.021 0.079
0.007 -0.021 0.065
0.003 -0.021 0.069
0.001 -0.021 0.079
0.003 -0.011 0.087
0.001 -0.001 0.075
0.001 -0.003 0.077
0.001 0.005 0.077
0.001 -0.019 0.089
-0.001 -0.019 0.095
0.001 -0.021 0.093
0.003 -0.011 0.101
0.011 0.001 0.091
0.025 -0.013 0.097
-0.005 -0.053 0.105
-0.009 -0.051 0.103
-0.007 -0.049 0.103
-0.001 -0.039 0.103
-0.001 -0.039 0.103
-0.001 -0.033 0.105
0.001 -0.031 0.105
0.005 -0.035 0.105
-0.001 -0.021 0.101
0.003 -0.017 0.105
0.009 -0.025 0.109
0.009 -0.019 0.103
0.013 -0.009 0.109
-0.015 0.031 0.039
-0.013 0.003 0.037
-0.013 0.007 0.039
-0.015 0.009 0.037
-0.009 0.009 0.037
-0.009 0.013 0.043
-0.009 0.015 0.043
-0.005 0.011 0.049
-0.013 0.021 0.039
-0.017 0.025 0.059
-0.015 0.029 0.051
-0.011 0.029 0.055
-0.005 0.031 0.047
-0.005 0.013 0.051
-0.019 0.021 0.051
-0.017 0.025 0.057
-0.015 0.023 0.061
-0.015 0.025 0.061
-0.015 0.039 0.037
-0.015 0.043 0.043
-0.013 0.045 0.047
-0.009 0.049 0.051
-0.009 0.023 0.065
-0.015 0.035 0.043
-0.013 0.043 0.047
-0.011 0.015 0.047
-0.003 0.011 0.049
-0.001 0.011 0.049
-0.009 0.023 0.067
-0.017 0.025 0.057
-0.011 0.037 0.051
0.003 0.027 0.049
0.003 0.027 0.049
0.005 0.029 0.051
-0.009 0.027 0.063
-0.007 0.037 0.053
-0.005 0.037 0.055
-0.009 0.027 0.063
0.005 0.005 0.059
0.001 0.011 0.049
0.009 0.009 0.055
0.007 0.013 0.061
-0.011 0.025 0.063
0.005 0.029 0.055
0.005 0.031 0.055
0.003 0.029 0.059
-0.007 0.021 0.069
0.005 0.031 0.057
0.003 0.035 0.071
-0.013 0.043 0.051
-0.003 0.041 0.063
0.005 0.035 0.061
0.009 0.017 0.069
0.001 0.011 0.081
-0.005 0.025 0.069
0.001 0.023 0.077
0.001 0.029 0.077
0.001 0.011 0.081
0.001 0.013 0.081
0.009 0.005 0.091
0.011 0.001 0.091
0.011 0.009 0.095
0.007 0.029 0.087
0.009 0.019 0.093
0.011 0.019 0.095
0.007 0.027 0.089
0.005 0.035 0.077
0.003 0.033 0.079
0.005 0.047 0.077
0.005 0.047 0.077
0.009 0.037 0.081
-0.005 -0.007 0.033
0.021 -0.039 0.051
0.021 -0.015 0.047
0.017 -0.021 0.043
0.017 -0.033 0.053
0.017 -0.019 0.049
0.013 -0.031 0.059
0.009 -0.025 0.059
0.013 -0.033 0.063
0.019 -0.009 0.049
0.021 -0.011 0.045
0.015 -0.007 0.039
0.009 -0.003 0.041
0.019 -0.003 0.051
0.019 -0.007 0.061
0.019 0.003 0.067
0.017 -0.025 0.077
0.005 -0.051 0.087
0.011 -0.047 0.093
0.017 -0.037 0.095
0.011 -0.043 0.091
0.017 -0.033 0.091
0.021 -0.025 0.089
0.023 -0.017 0.091
0.011 -0.019 0.067
0.017 -0.017 0.081
0.003 -0.051 0.103
0.013 -0.035 0.105
0.021 -0.039 0.049
0.023 -0.031 0.037
0.019 -0.039 0.037
0.023 -0.031 0.037
0.021 -0.037 0.049
0.021 -0.033 0.037
0.019 -0.039 0.041
0.021 -0.037 0.045
0.011 -0.043 0.065
0.013 -0.043 0.059
0.013 -0.041 0.063
0.013 -0.035 0.057
0.013 -0.033 0.057
0.021 -0.039 0.051
0.019 -0.033 0.051
0.021 -0.035 0.049
0.015 -0.011 0.037
0.023 -0.027 0.035
0.023 -0.029 0.033
0.023 -0.019 0.041
0.011 -0.003 0.041
0.013 -0.007 0.037
0.011 -0.005 0.039
0.019 -0.013 0.035
0.013 -0.023 0.053
0.009 -0.027 0.059
0.019 -0.031 0.051
0.021 -0.015 0.049
0.019 -0.005 0.063
0.021 -0.013 0.053
0.017 -0.003 0.049
0.019 -0.001 0.055
0.019 0.001 0.057
0.015 -0.031 0.077
0.003 -0.061 0.083
0.007 -0.051 0.083
0.013 -0.039 0.081
0.015 -0.035 0.083
0.021 -0.025 0.087
0.017 -0.033 0.097
0.017 -0.033 0.093
0.021 -0.025 0.095
0.013 -0.025 0.065
0.009 -0.021 0.065
0.017 -0.025 0.075
0.017 -0.021 0.075
0.013 -0.017 0.073
0.017 -0.017 0.079
0.019 -0.003 0.073
0.019 -0.007 0.071
0.017 -0.005 0.079
0.019 0.001 0.079
0.019 -0.003 0.079
0.021 -0.001 0.067
0.019 -0.005 0.073
0.025 -0.019 0.097
0.027 -0.013 0.095
0.019 -0.025 0.083
0.023 -0.017 0.091
0.015 -0.003 0.083
0.013 -0.007 0.085
0.013 -0.001 0.089
0.019 -0.001 0.081
0.021 -0.015 0.089
0.011 -0.043 0.103
0.003 -0.049 0.105
0.015 -0.037 0.103
0.021 -0.027 0.105
0.019 -0.031 0.101
0.021 -0.023 0.107
0.013 -0.033 0.105
0.021 -0.029 0.105
0.013 -0.025 0.109
0.017 -0.011 0.111
0.015 -0.019 0.105
0.025 -0.021 0.099
0.021 -0.025 0.105
0.015 -0.015 0.097
0.017 -0.009 0.107
0.019 -0.007 0.111
0.009 0.041 0.035
0.021 0.021 0.047
0.021 0.025 0.045
0.021 0.023 0.043
0.003 0.033 0.043
0.013 0.037 0.037
0.011 0.037 0.037
0.007 0.033 0.057
0.007 0.035 0.059
0.017 0.035 0.069
0.019 0.033 0.069
-0.001 0.043 0.035
0.005 0.043 0.035
0.001 0.045 0.047
0.001 0.047 0.047
-0.005 0.049 0.047
0.001 0.043 0.045
0.005 0.047 0.059
0.007 0.045 0.061
0.009 0.043 0.063
-0.005 0.049 0.055
0.019 0.029 0.037
0.013 0.037 0.031
0.025 0.017 0.043
0.019 0.013 0.049
0.019 0.029 0.041
0.017 0.029 0.047
0.025 0.021 0.041
0.027 0.023 0.037
0.017 0.029 0.045
0.019 0.013 0.055
0.011 0.007 0.063
0.013 0.029 0.053
0.009 0.035 0.041
0.007 0.035 0.041
0.007 0.033 0.057
0.009 0.035 0.059
0.017 0.011 0.073
0.015 0.013 0.071
0.021 0.017 0.079
0.021 0.019 0.081
0.019 0.009 0.071
0.017 0.013 0.073
0.019 0.015 0.077
0.021 0.023 0.077
0.019 0.027 0.067
0.021 0.025 0.075
0.021 0.027 0.073
0.021 0.027 0.075
0.017 0.011 0.091
0.017 0.027 0.089
0.017 0.023 0.091
0.015 0.029 0.089
0.013 0.037 0.067
0.011 0.049 0.079
0.007 0.047 0.087
0.011 0.045 0.083
0.011 0.049 0.081
