-0.001 -0.051 0.049
-0.005 -0.049 0.049
-0.009 -0.059 0.087
-0.007 -0.063 0.093
-0.015 -0.027 0.047
-0.005 -0.049 0.089
-0.011 -0.009 0.043
-0.001 -0.057 0.105
0.005 -0.051 0.049
0.013 -0.041 0.065
0.003 -0.055 0.089
-0.001 -0.055 0.105
0.007 -0.041 0.105
0.003 -0.059 0.103
0.011 -0.045 0.097
0.003 -0.061 0.083
0.009 -0.049 0.097
-0.001 -0.025 0.105
-0.001 -0.023 0.105
0.005 -0.045 0.101
-0.001 -0.039 0.105
0.013 -0.027 0.107
0.013 -0.025 0.111
0.007 -0.055 0.099
0.001 -0.057 0.105
0.013 -0.021 0.115
-0.005 0.007 0.039
-0.011 0.017 0.043
-0.011 0.017 0.043
-0.011 0.017 0.051
-0.013 0.019 0.053
-0.013 0.019 0.051
-0.009 0.017 0.053
-0.005 0.017 0.051
-0.007 0.021 0.061
-0.011 0.039 0.053
0.005 -0.037 0.105
-0.001 -0.021 0.097
0.011 -0.033 0.105
0.011 -0.027 0.107
-0.001 -0.021 0.107
0.015 -0.013 0.111
0.003 0.017 0.089
0.003 0.011 0.089
0.009 0.005 0.091
0.003 0.013 0.089
-0.013 -0.033 0.047
-0.023 -0.035 0.037
-0.015 -0.031 0.047
-0.013 -0.007 0.037
-0.013 -0.019 0.045
-0.005 -0.011 0.053
-0.003 -0.039 0.069
-0.005 -0.033 0.069
-0.009 -0.053 0.103
-0.009 -0.051 0.103
-0.011 -0.041 0.045
0.003 -0.051 0.045
-0.007 -0.047 0.045
-0.001 -0.051 0.045
-0.007 -0.037 0.063
-0.005 -0.037 0.067
0.003 -0.047 0.065
-0.003 -0.061 0.085
-0.007 -0.057 0.091
-0.007 -0.041 0.087
-0.007 -0.035 0.085
-0.007 -0.047 0.095
0.001 -0.017 0.091
-0.001 -0.023 0.105
-0.001 -0.053 0.105
-0.009 0.007 0.039
-0.003 0.007 0.039
-0.013 0.015 0.035
-0.015 0.017 0.041
-0.015 0.017 0.041
-0.015 0.021 0.057
-0.015 0.019 0.051
-0.009 -0.011 0.045
-0.001 -0.017 0.057
-0.003 -0.021 0.055
0.005 -0.013 0.067
0.005 0.013 0.059
0.003 0.017 0.063
-0.001 -0.011 0.063
-0.011 0.017 0.049
-0.001 -0.001 0.069
0.003 0.019 0.065
0.001 0.001 0.073
0.009 0.005 0.091
0.009 0.015 0.093
0.001 0.025 0.083
0.005 0.019 0.091
0.005 0.041 0.085
0.005 0.047 0.089
0.023 -0.047 0.035
0.003 -0.047 0.035
0.001 -0.051 0.045
0.019 -0.041 0.041
0.019 -0.037 0.041
0.015 -0.043 0.055
0.011 -0.015 0.061
0.001 -0.061 0.083
0.005 -0.055 0.081
0.007 -0.051 0.083
0.013 -0.041 0.067
-0.005 -0.053 0.099
0.007 -0.053 0.095
0.009 -0.043 0.101
0.013 -0.045 0.053
0.025 -0.023 0.033
0.023 -0.021 0.041
0.023 -0.029 0.037
0.013 -0.041 0.061
0.017 -0.023 0.049
0.013 -0.041 0.065
0.003 -0.057 0.087
0.009 -0.035 0.079
0.015 -0.023 0.073
0.015 -0.023 0.071
0.017 -0.023 0.077
0.017 -0.025 0.077
0.017 -0.011 0.065
0.021 -0.027 0.093
0.017 -0.017 0.083
0.001 -0.057 0.105
0.009 -0.051 0.097
0.013 -0.041 0.099
0.017 -0.033 0.103
0.013 -0.023 0.111
0.019 -0.031 0.097
0.017 -0.021 0.049
0.015 -0.015 0.059
0.017 0.009 0.049
0.019 0.011 0.051
0.015 0.013 0.059
0.013 0.013 0.033
0.011 0.007 0.045
0.021 0.023 0.047
0.019 -0.007 0.051
0.023 0.011 0.043
0.021 0.001 0.069
0.021 0.001 0.073
0.021 -0.001 0.075
0.019 0.021 0.073
0.019 0.027 0.065
0.019 0.021 0.077
0.017 0.035 0.079
0.011 0.045 0.081
-0.009 -0.041 0.055
-0.019 -0.027 0.043
-0.015 -0.021 0.041
-0.011 -0.019 0.049
-0.009 -0.011 0.047
-0.003 -0.029 0.061
-0.009 -0.043 0.097
-0.009 -0.041 0.097
-0.007 -0.041 0.099
-0.001 -0.021 0.101
-0.003 -0.027 0.067
-0.005 -0.009 0.055
-0.001 -0.019 0.055
-0.001 -0.001 0.071
0.001 0.003 0.073
-0.003 -0.043 0.101
-0.007 -0.035 0.095
-0.005 -0.033 0.093
-0.003 -0.031 0.091
-0.003 -0.037 0.101
-0.005 -0.033 0.097
0.007 -0.011 0.073
-0.001 -0.023 0.105
0.003 -0.001 0.083
0.003 -0.011 0.099
-0.001 -0.021 0.105
0.003 -0.015 0.103
0.011 -0.015 0.107
0.015 -0.011 0.111
-0.015 0.035 0.037
-0.013 0.007 0.039
-0.013 0.017 0.045
-0.011 0.023 0.063
-0.009 0.045 0.039
-0.013 0.043 0.051
-0.011 0.019 0.061
0.003 0.005 0.061
0.005 0.031 0.057
0.003 0.047 0.063
-0.003 0.021 0.073
0.007 0.003 0.089
0.003 0.015 0.089
0.009 0.005 0.091
0.001 0.019 0.081
0.003 0.019 0.089
0.007 0.035 0.081
0.009 0.039 0.081
0.005 0.049 0.079
0.005 0.055 0.075
0.003 0.045 0.083
0.005 0.055 0.085
0.005 0.031 0.053
0.009 0.027 0.049
0.003 0.027 0.053
0.013 0.003 0.091
0.011 -0.015 0.095
0.003 -0.009 0.097
0.017 0.005 0.063
0.015 -0.035 0.055
0.017 0.009 0.091
0.017 -0.015 0.087
0.015 -0.015 0.097
0.007 -0.015 0.099
0.021 0.023 0.077
0.021 0.005 0.071
0.021 -0.015 0.087
0.021 -0.015 0.091
-0.001 0.035 0.045
0.001 0.045 0.051
0.003 0.049 0.059
-0.003 0.049 0.053
-0.009 0.047 0.055
0.019 0.031 0.039
0.023 0.027 0.041
0.015 0.031 0.057
0.013 0.029 0.053
0.021 0.025 0.063
0.019 0.027 0.057
0.005 0.047 0.059
0.019 0.033 0.069
0.017 0.035 0.077
0.019 0.003 0.065
0.013 0.035 0.087
0.017 0.019 0.091
0.005 0.047 0.067
0.007 0.049 0.073
0.007 0.055 0.079
0.023 -0.017 0.041
0.013 -0.031 0.059
0.009 -0.025 0.059
0.003 -0.055 0.089
-0.001 -0.049 0.107
0.021 -0.033 0.045
0.013 -0.037 0.063
0.021 -0.039 0.051
0.019 -0.033 0.051
0.017 -0.021 0.045
0.005 -0.003 0.039
0.007 -0.021 0.063
0.013 -0.033 0.077
0.015 -0.035 0.085
0.011 -0.015 0.069
0.015 -0.013 0.081
0.019 -0.005 0.075
0.021 0.001 0.075
0.015 -0.037 0.103
0.023 -0.025 0.107
0.015 -0.019 0.109
0.023 0.021 0.043
0.023 0.017 0.045
0.019 0.031 0.065
0.019 0.031 0.065
-0.007 0.049 0.051
0.019 0.011 0.075
0.007 0.041 0.031
0.023 0.027 0.039
0.025 0.021 0.041
0.021 0.027 0.043
0.017 0.017 0.063
0.021 0.017 0.057
0.011 0.035 0.039
0.007 0.035 0.041
0.001 0.039 0.055
0.019 0.011 0.075
0.015 0.025 0.091
0.011 0.043 0.069
0.003 0.045 0.069
0.011 0.039 0.075
0.019 0.033 0.077
0.013 0.035 0.083
0.021 -0.029 0.047
0.021 -0.015 0.047
0.015 -0.035 0.055
0.011 -0.047 0.059
0.015 -0.027 0.051
0.017 -0.027 0.049
0.017 -0.019 0.045
0.017 -0.015 0.057
0.019 -0.007 0.057
0.009 -0.039 0.075
0.001 -0.057 0.089
0.003 -0.055 0.089
0.015 -0.021 0.103
0.023 -0.049 0.035
0.007 -0.051 0.051
0.009 -0.049 0.057
0.009 -0.049 0.059
0.015 -0.045 0.051
0.009 -0.019 0.061
0.013 -0.015 0.063
0.007 -0.045 0.069
0.009 -0.045 0.067
0.011 -0.039 0.073
0.013 -0.039 0.089
0.017 -0.021 0.075
0.015 -0.019 0.075
0.017 -0.009 0.069
0.023 -0.023 0.091
0.023 -0.013 0.097
0.007 -0.049 0.099
0.005 -0.043 0.103
0.011 -0.045 0.097
0.021 -0.025 0.109
0.023 -0.025 0.101
-0.005 0.005 0.039
0.021 0.017 0.055
0.017 0.027 0.055
0.015 0.017 0.067
0.003 0.041 0.043
0.013 0.033 0.059
0.009 0.045 0.065
0.015 0.009 0.039
0.023 0.013 0.043
0.017 0.005 0.065
0.019 0.003 0.065
0.019 0.025 0.069
0.021 0.023 0.063
0.021 0.011 0.077
0.013 0.017 0.069
0.017 0.017 0.065
0.019 0.023 0.073
0.021 0.019 0.079
0.021 0.025 0.079
0.013 0.011 0.095
0.011 0.043 0.077
0.019 0.033 0.069
-0.019 -0.025 0.039
-0.023 -0.033 0.037
-0.009 -0.037 0.053
-0.013 -0.013 0.039
-0.011 -0.007 0.043
-0.009 -0.049 0.089
-0.007 -0.035 0.095
-0.013 -0.033 0.047
-0.005 -0.049 0.041
-0.003 -0.047 0.061
-0.017 -0.023 0.043
-0.015 -0.027 0.047
-0.005 -0.025 0.055
-0.011 -0.015 0.043
0.003 -0.017 0.059
-0.003 -0.011 0.057
-0.003 -0.009 0.057
-0.003 -0.039 0.089
-0.007 -0.037 0.095
0.007 -0.015 0.067
0.007 -0.009 0.077
-0.001 -0.023 0.097
0.001 -0.023 0.107
0.009 -0.025 0.111
0.003 -0.017 0.109
0.001 -0.019 0.109
-0.013 0.013 0.037
-0.007 0.011 0.043
-0.015 0.019 0.047
-0.017 0.021 0.055
-0.013 0.019 0.057
-0.013 0.031 0.035
-0.009 0.013 0.037
-0.005 0.007 0.039
-0.017 0.021 0.047
-0.017 0.021 0.053
-0.001 0.011 0.049
-0.003 -0.005 0.059
0.009 0.009 0.055
0.005 0.013 0.059
-0.017 0.021 0.049
0.001 0.005 0.069
0.001 0.015 0.081
0.003 0.029 0.085
0.009 0.037 0.081
0.003 -0.045 0.033
-0.003 -0.049 0.057
-0.019 -0.039 0.039
-0.005 -0.049 0.047
0.009 -0.047 0.039
0.005 -0.051 0.057
-0.009 -0.059 0.087
-0.009 -0.051 0.083
0.001 -0.057 0.105
0.007 -0.039 0.031
0.017 -0.053 0.033
0.021 -0.049 0.039
0.013 -0.043 0.057
0.021 -0.037 0.047
0.021 -0.037 0.049
0.023 -0.047 0.037
0.021 -0.015 0.045
0.019 -0.041 0.049
0.019 -0.015 0.053
0.003 -0.059 0.081
0.003 -0.059 0.085
0.011 -0.043 0.085
0.011 -0.047 0.093
0.003 -0.033 0.079
0.005 -0.037 0.077
0.017 -0.027 0.077
0.011 -0.039 0.071
0.017 -0.011 0.067
0.009 -0.053 0.095
0.015 -0.039 0.101
0.019 -0.031 0.099
0.017 -0.033 0.103
0.011 -0.047 0.041
0.009 -0.047 0.039
0.001 -0.051 0.057
0.017 -0.043 0.051
0.019 -0.041 0.051
0.015 -0.043 0.045
0.019 -0.017 0.049
0.021 0.011 0.043
0.013 -0.045 0.055
0.015 -0.041 0.057
0.019 0.001 0.061
0.023 -0.031 0.037
0.019 -0.041 0.053
0.013 -0.039 0.081
0.015 -0.035 0.083
0.023 -0.021 0.089
0.017 -0.023 0.079
-0.009 -0.041 0.055
-0.011 -0.035 0.053
-0.021 -0.027 0.037
-0.015 -0.019 0.037
-0.009 -0.011 0.045
-0.011 -0.025 0.053
-0.009 -0.047 0.101
-0.003 -0.049 0.107
-0.015 -0.017 0.039
-0.009 -0.005 0.037
-0.011 -0.021 0.049
-0.013 -0.021 0.047
0.007 0.005 0.057
0.001 -0.027 0.081
-0.005 -0.031 0.095
-0.001 -0.005 0.067
-0.001 -0.003 0.071
0.003 -0.015 0.087
-0.003 -0.029 0.099
-0.001 -0.025 0.105
-0.001 -0.019 0.107
-0.013 0.043 0.037
-0.011 0.047 0.043
-0.005 0.043 0.063
-0.015 0.033 0.039
-0.009 0.043 0.035
-0.015 0.023 0.041
-0.013 0.041 0.047
-0.019 0.025 0.055
-0.019 0.025 0.055
-0.013 0.045 0.043
0.003 0.013 0.077
-0.005 0.025 0.069
0.003 0.035 0.073
0.001 0.031 0.075
0.003 0.013 0.089
0.003 0.015 0.089
0.007 0.023 0.091
-0.001 0.041 0.067
0.003 0.041 0.071
-0.015 0.009 0.037
-0.007 -0.005 0.039
-0.013 -0.009 0.041
-0.011 -0.007 0.041
-0.009 -0.041 0.083
-0.005 -0.039 0.089
-0.005 -0.033 0.083
-0.005 -0.031 0.095
-0.007 -0.035 0.097
-0.015 0.043 0.045
-0.009 -0.009 0.045
-0.001 -0.027 0.061
-0.001 -0.005 0.061
-0.013 0.027 0.051
-0.015 0.029 0.055
-0.013 0.025 0.045
-0.001 -0.001 0.063
-0.001 -0.031 0.075
-0.001 -0.023 0.089
0.003 -0.021 0.069
0.001 0.005 0.081
0.001 0.009 0.083
0.001 0.015 0.085
0.003 -0.013 0.103
0.011 -0.017 0.107
0.021 -0.017 0.099
-0.017 0.021 0.043
-0.013 0.029 0.053
-0.001 0.047 0.045
-0.005 0.049 0.051
-0.003 0.049 0.061
-0.013 0.045 0.047
-0.007 0.049 0.049
-0.009 0.047 0.057
-0.009 0.027 0.063
-0.001 0.043 0.035
-0.001 0.047 0.045
-0.003 0.049 0.049
0.001 0.025 0.073
0.001 0.045 0.069
0.003 0.045 0.069
0.005 0.051 0.079
0.005 0.045 0.073
