-0.019 -0.039 0.059
-0.017 -0.037 0.063
-0.037 -0.019 0.037
-0.037 -0.021 0.043
-0.037 -0.023 0.047
-0.033 -0.015 0.047
-0.037 -0.033 0.057
-0.031 -0.037 0.065
-0.033 -0.033 0.065
-0.021 -0.041 0.055
-0.023 -0.037 0.069
-0.031 -0.037 0.065
-0.025 -0.037 0.069
-0.043 -0.043 0.087
-0.041 -0.041 0.089
-0.023 -0.039 0.065
-0.017 -0.037 0.065
-0.031 -0.041 0.083
-0.037 -0.045 0.099
-0.039 -0.041 0.105
-0.013 -0.041 0.045
-0.019 -0.041 0.055
-0.019 -0.039 0.059
0.025 -0.009 0.043
0.025 -0.007 0.045
0.001 -0.025 0.051
0.007 -0.021 0.057
-0.001 -0.031 0.085
0.007 -0.019 0.109
-0.015 -0.041 0.053
-0.037 -0.035 0.055
-0.037 -0.031 0.059
-0.033 -0.027 0.067
-0.021 -0.037 0.069
-0.023 -0.035 0.073
0.001 -0.021 0.061
-0.015 -0.035 0.073
0.005 -0.025 0.053
-0.031 -0.031 0.069
-0.039 -0.043 0.081
-0.033 -0.041 0.083
-0.021 -0.037 0.087
-0.007 -0.035 0.103
-0.001 -0.033 0.089
-0.013 -0.035 0.089
-0.017 -0.037 0.103
-0.003 -0.033 0.031
-0.017 -0.049 0.039
-0.017 -0.049 0.039
-0.015 -0.047 0.035
-0.015 -0.045 0.037
-0.015 -0.041 0.055
-0.011 -0.041 0.039
-0.013 -0.041 0.053
-0.003 -0.033 0.043
0.003 -0.033 0.035
-0.005 -0.023 0.055
-0.003 -0.027 0.049
0.005 -0.021 0.055
-0.029 -0.037 0.067
-0.033 -0.041 0.083
-0.009 -0.029 0.065
-0.015 -0.033 0.075
-0.001 -0.017 0.073
-0.017 -0.037 0.083
-0.013 -0.037 0.093
-0.039 -0.041 0.105
-0.005 -0.035 0.103
-0.031 -0.043 0.099
-0.027 -0.041 0.097
-0.013 -0.035 0.101
-0.001 -0.033 0.099
-0.003 -0.035 0.105
0.001 -0.023 0.107
0.001 -0.031 0.041
0.021 -0.003 0.037
0.023 -0.009 0.041
0.011 -0.017 0.059
0.013 -0.015 0.059
0.027 -0.003 0.049
0.005 -0.017 0.071
0.009 -0.017 0.069
0.017 -0.013 0.079
0.005 -0.013 0.083
-0.009 0.011 0.033
0.003 0.005 0.035
0.003 0.005 0.035
0.023 0.001 0.033
0.027 -0.009 0.037
0.023 -0.005 0.049
0.029 -0.005 0.045
0.025 -0.003 0.057
0.023 -0.003 0.055
0.017 -0.013 0.077
0.035 0.013 0.065
0.031 0.003 0.087
0.033 0.007 0.087
0.031 0.015 0.089
0.033 0.003 0.065
0.033 0.003 0.071
0.035 0.007 0.065
0.035 0.017 0.077
0.033 0.003 0.081
0.043 0.035 0.087
-0.011 0.005 0.037
-0.025 -0.019 0.065
0.007 0.031 0.057
0.005 0.029 0.061
-0.007 -0.005 0.063
-0.001 0.001 0.061
-0.029 -0.005 0.045
-0.037 -0.007 0.043
-0.033 -0.023 0.061
-0.011 0.003 0.041
0.013 0.025 0.059
-0.019 -0.005 0.047
0.005 0.029 0.057
-0.023 -0.019 0.063
0.011 0.025 0.063
-0.017 -0.007 0.049
0.005 0.029 0.061
-0.005 -0.003 0.063
-0.017 -0.015 0.097
0.001 0.001 0.071
-0.025 -0.017 0.085
-0.019 -0.015 0.091
-0.005 -0.009 0.091
-0.021 -0.017 0.099
-0.011 -0.015 0.105
-0.003 -0.009 0.103
-0.033 -0.023 0.099
-0.019 -0.017 0.099
0.001 -0.027 0.099
-0.001 -0.025 0.099
0.025 0.039 0.057
0.011 0.005 0.055
0.035 0.035 0.053
0.025 0.021 0.067
0.013 0.011 0.079
0.011 -0.005 0.093
0.023 0.015 0.089
0.031 0.017 0.089
-0.011 0.001 0.045
0.019 0.041 0.043
0.025 0.041 0.043
0.017 0.039 0.039
0.009 0.029 0.047
0.025 0.041 0.051
0.009 0.029 0.061
0.033 0.021 0.037
0.033 0.029 0.039
0.019 0.039 0.039
0.025 0.039 0.057
0.033 0.035 0.063
0.033 0.033 0.049
0.033 0.035 0.063
0.003 0.001 0.069
0.011 0.025 0.065
0.013 0.021 0.069
0.013 0.021 0.071
0.023 0.021 0.079
0.043 0.037 0.079
0.035 0.033 0.065
0.035 0.031 0.069
0.035 0.027 0.075
0.043 0.037 0.079
-0.037 -0.023 0.047
-0.021 -0.009 0.051
-0.015 -0.007 0.049
-0.027 -0.019 0.067
-0.031 -0.025 0.069
-0.021 -0.017 0.069
-0.037 -0.025 0.049
-0.039 -0.009 0.045
-0.027 -0.003 0.041
-0.007 -0.007 0.065
-0.031 -0.029 0.089
-0.021 -0.017 0.097
-0.037 -0.025 0.085
-0.043 -0.029 0.089
-0.029 -0.021 0.067
-0.019 -0.017 0.075
-0.011 -0.017 0.071
-0.001 -0.015 0.077
-0.021 -0.017 0.089
-0.015 -0.015 0.087
-0.023 -0.031 0.105
-0.003 -0.033 0.109
-0.025 -0.019 0.099
-0.015 -0.015 0.107
-0.015 -0.015 0.103
0.005 -0.005 0.045
0.003 -0.003 0.047
0.001 0.001 0.065
0.003 0.001 0.079
0.021 0.017 0.087
0.001 -0.017 0.087
0.003 -0.009 0.083
0.007 -0.001 0.089
0.001 -0.017 0.107
0.003 -0.017 0.109
-0.015 0.005 0.035
0.003 0.021 0.045
0.005 0.029 0.045
0.019 0.025 0.047
0.019 0.039 0.049
0.005 0.025 0.035
0.013 0.035 0.043
0.013 0.033 0.045
0.015 0.037 0.043
0.017 0.039 0.039
0.019 0.035 0.051
0.021 0.039 0.051
0.027 0.019 0.057
0.025 0.017 0.057
0.013 0.025 0.063
0.025 0.039 0.057
0.031 0.039 0.053
0.031 0.039 0.049
0.027 0.021 0.073
0.025 0.015 0.089
-0.015 -0.035 0.067
-0.015 -0.035 0.063
-0.005 -0.029 0.045
-0.011 -0.029 0.053
0.017 -0.013 0.069
0.007 -0.021 0.045
0.001 -0.031 0.039
0.013 -0.009 0.055
0.011 -0.011 0.053
-0.009 -0.025 0.053
-0.009 -0.023 0.065
0.005 -0.021 0.063
0.015 -0.013 0.065
0.013 -0.017 0.069
-0.005 -0.035 0.099
-0.029 -0.043 0.097
-0.005 -0.035 0.097
-0.001 -0.017 0.073
-0.005 -0.023 0.071
0.001 -0.015 0.081
0.025 -0.005 0.083
0.003 -0.031 0.101
-0.017 -0.037 0.103
-0.007 -0.027 0.107
-0.019 -0.027 0.105
-0.001 -0.023 0.109
-0.005 -0.029 0.103
0.001 -0.031 0.101
0.007 -0.019 0.111
0.007 -0.027 0.035
0.009 -0.019 0.057
0.013 -0.009 0.059
0.027 -0.003 0.055
0.017 -0.005 0.091
0.015 -0.001 0.057
0.027 -0.003 0.081
0.031 0.001 0.045
0.031 0.001 0.047
0.029 0.015 0.057
0.033 0.023 0.039
0.029 0.017 0.043
0.031 0.001 0.059
0.033 0.013 0.061
0.035 0.017 0.071
0.037 0.013 0.075
0.037 0.021 0.069
0.035 0.011 0.063
0.029 0.037 0.041
0.033 0.037 0.059
0.035 0.019 0.075
0.023 0.003 0.093
0.029 0.013 0.091
0.033 0.033 0.067
-0.039 -0.011 0.033
-0.035 -0.037 0.041
-0.035 -0.039 0.051
-0.037 -0.035 0.051
-0.025 -0.041 0.035
-0.031 -0.037 0.037
-0.037 -0.027 0.053
-0.031 -0.039 0.063
-0.035 -0.023 0.039
-0.041 -0.007 0.043
-0.035 -0.025 0.035
-0.039 -0.017 0.035
-0.031 -0.003 0.037
-0.033 -0.013 0.047
-0.031 -0.019 0.057
-0.035 -0.027 0.061
-0.033 -0.023 0.061
-0.041 -0.039 0.083
-0.031 -0.037 0.065
-0.027 -0.031 0.073
-0.025 -0.029 0.091
-0.047 -0.031 0.083
-0.047 -0.029 0.087
-0.025 -0.019 0.069
-0.047 -0.027 0.085
-0.039 -0.027 0.095
-0.027 -0.021 0.093
-0.005 -0.009 0.091
-0.043 -0.029 0.101
-0.019 -0.017 0.103
-0.021 -0.021 0.105
-0.019 -0.021 0.105
-0.015 -0.015 0.103
-0.035 -0.015 0.045
-0.011 -0.003 0.053
-0.005 -0.001 0.061
0.001 -0.013 0.079
0.001 -0.013 0.081
-0.029 -0.023 0.093
-0.005 -0.019 0.109
-0.019 0.003 0.035
-0.001 0.001 0.069
-0.009 0.011 0.035
-0.003 0.007 0.039
-0.003 0.007 0.035
-0.003 0.011 0.039
0.009 0.003 0.043
0.003 0.015 0.047
0.003 0.023 0.049
0.017 0.015 0.057
0.003 0.025 0.051
0.007 0.031 0.057
0.011 0.031 0.057
0.009 0.025 0.065
0.017 0.037 0.049
0.023 0.037 0.057
0.007 0.005 0.079
0.003 0.003 0.073
0.017 0.015 0.067
0.007 0.005 0.075
0.017 0.015 0.085
0.019 0.003 0.067
-0.019 -0.051 0.035
-0.023 -0.049 0.037
-0.021 -0.049 0.039
-0.031 -0.039 0.041
-0.015 -0.049 0.037
-0.021 -0.039 0.057
-0.017 -0.037 0.063
-0.033 -0.039 0.043
-0.033 -0.039 0.055
-0.005 -0.035 0.045
-0.015 -0.041 0.045
-0.001 -0.027 0.043
-0.007 -0.023 0.055
-0.023 -0.041 0.053
-0.021 -0.041 0.055
-0.039 -0.043 0.085
-0.031 -0.039 0.081
-0.025 -0.039 0.065
-0.039 -0.043 0.083
-0.027 -0.037 0.087
-0.017 -0.035 0.089
-0.019 -0.039 0.093
-0.011 -0.031 0.081
0.001 -0.031 0.089
-0.009 -0.035 0.101
-0.003 -0.033 0.097
-0.005 -0.035 0.105
0.007 -0.027 0.039
0.027 -0.009 0.037
0.035 -0.007 0.033
0.013 -0.017 0.065
0.013 -0.017 0.065
0.001 -0.015 0.075
0.011 -0.017 0.073
0.019 -0.009 0.071
0.003 -0.031 0.091
0.007 -0.011 0.085
0.017 -0.003 0.093
-0.007 -0.037 0.041
-0.003 -0.029 0.043
0.035 -0.007 0.033
0.013 0.001 0.033
0.007 -0.015 0.045
0.019 -0.001 0.035
0.029 -0.005 0.045
0.027 -0.007 0.045
0.013 -0.003 0.049
0.011 -0.015 0.053
0.025 -0.001 0.061
0.035 0.003 0.041
0.033 0.005 0.061
0.023 -0.009 0.043
0.027 -0.007 0.041
0.031 0.003 0.065
0.043 0.029 0.079
0.041 0.025 0.081
0.041 0.023 0.077
-0.037 -0.023 0.053
-0.037 -0.019 0.043
-0.041 -0.007 0.043
-0.035 -0.023 0.057
-0.041 -0.013 0.037
-0.029 -0.011 0.049
-0.025 -0.003 0.037
-0.031 -0.007 0.047
-0.023 -0.005 0.047
-0.027 -0.017 0.059
-0.027 -0.021 0.071
-0.039 -0.025 0.083
-0.029 -0.029 0.073
-0.015 -0.017 0.069
-0.025 -0.017 0.085
-0.031 -0.023 0.089
-0.015 -0.015 0.097
-0.041 -0.037 0.103
-0.043 -0.035 0.105
-0.027 -0.025 0.105
-0.023 -0.019 0.101
-0.029 -0.025 0.101
-0.023 -0.023 0.105
-0.011 -0.013 0.109
0.005 0.007 0.043
-0.005 -0.005 0.065
0.011 0.001 0.053
0.007 0.003 0.071
-0.015 -0.015 0.091
0.007 -0.001 0.089
0.011 0.003 0.091
-0.005 0.013 0.039
0.003 0.023 0.037
0.009 0.027 0.037
0.003 0.017 0.045
0.009 0.025 0.039
0.009 0.023 0.035
0.013 0.029 0.045
0.015 0.005 0.063
0.009 0.027 0.063
0.005 0.031 0.051
0.017 0.011 0.069
0.017 0.013 0.075
0.017 0.017 0.079
0.025 0.021 0.067
0.027 0.029 0.065
0.013 0.005 0.091
0.015 0.013 0.085
0.017 0.015 0.083
0.021 0.015 0.089
0.033 0.023 0.077
0.037 0.033 0.085
-0.001 -0.001 0.047
0.037 0.025 0.063
-0.001 0.001 0.067
0.039 0.023 0.081
0.041 0.035 0.083
0.037 0.031 0.089
0.041 0.029 0.083
0.035 0.017 0.081
0.035 0.015 0.075
0.041 0.023 0.079
-0.021 -0.009 0.051
-0.037 -0.007 0.045
0.043 0.029 0.081
0.013 0.025 0.063
0.037 0.031 0.065
0.009 0.017 0.053
-0.027 -0.019 0.063
0.039 0.027 0.087
-0.007 -0.011 0.093
-0.003 -0.009 0.095
0.003 -0.019 0.091
-0.003 -0.021 0.101
-0.003 -0.025 0.101
-0.015 -0.015 0.077
0.023 0.015 0.089
-0.005 -0.009 0.093
-0.017 -0.015 0.097
0.003 -0.025 0.091
-0.001 -0.009 0.089
-0.035 -0.031 0.105
-0.029 -0.023 0.103
-0.027 -0.021 0.103
-0.033 -0.023 0.099
-0.001 -0.009 0.103
0.037 0.025 0.065
0.033 -0.003 0.041
0.033 0.005 0.049
0.035 0.013 0.083
0.015 0.013 0.087
0.033 0.015 0.085
0.019 -0.001 0.095
0.023 0.041 0.051
0.029 0.041 0.047
0.029 0.033 0.037
0.029 0.039 0.057
0.035 0.033 0.063
0.025 0.017 0.045
0.027 0.041 0.053
0.023 0.041 0.045
0.025 0.041 0.051
0.035 0.035 0.057
0.033 0.037 0.057
0.037 0.031 0.065
0.043 0.033 0.083
0.011 0.031 0.055
0.013 0.023 0.061
0.035 0.027 0.033
0.025 0.039 0.055
0.035 0.033 0.055
0.037 0.011 0.075
0.013 0.019 0.071
0.019 0.019 0.065
0.043 0.033 0.083
0.043 0.033 0.077
0.035 0.011 0.081
0.035 0.013 0.081
0.033 0.033 0.065
