0.007 0.001 0.065
-0.013 -0.001 0.049
-0.005 -0.017 0.075
-0.013 -0.021 0.063
0.005 -0.001 0.087
-0.035 -0.005 0.035
-0.039 -0.007 0.043
-0.009 -0.003 0.053
-0.027 -0.019 0.097
-0.009 -0.011 0.095
-0.003 -0.019 0.109
-0.037 -0.027 0.089
-0.023 -0.021 0.077
-0.023 -0.017 0.097
0.023 0.017 0.087
0.021 0.019 0.083
0.023 0.015 0.089
0.023 0.021 0.077
0.043 0.029 0.081
0.007 0.001 0.089
0.025 0.011 0.091
0.029 0.011 0.093
0.015 -0.001 0.095
0.015 -0.001 0.095
0.017 0.001 0.095
0.015 0.037 0.045
0.013 0.027 0.059
0.009 0.031 0.051
0.011 0.027 0.061
0.033 0.027 0.039
0.035 0.035 0.061
0.025 0.021 0.069
0.019 0.019 0.073
0.037 0.023 0.085
0.041 0.035 0.081
-0.017 -0.051 0.037
-0.021 -0.051 0.037
-0.019 -0.045 0.039
-0.037 -0.019 0.033
-0.037 -0.035 0.045
-0.035 -0.029 0.063
-0.029 -0.037 0.067
-0.045 -0.043 0.083
-0.039 -0.043 0.085
-0.031 -0.035 0.067
-0.033 -0.027 0.067
-0.017 -0.037 0.083
-0.045 -0.039 0.089
-0.019 -0.037 0.099
-0.041 -0.031 0.099
-0.013 -0.027 0.107
-0.003 -0.035 0.039
-0.025 -0.039 0.061
0.031 -0.009 0.041
0.003 -0.023 0.055
0.013 -0.017 0.071
-0.003 -0.033 0.095
-0.037 -0.033 0.053
-0.017 -0.041 0.053
-0.025 -0.039 0.063
-0.035 -0.033 0.059
-0.033 -0.033 0.065
-0.025 -0.039 0.065
0.007 -0.021 0.061
-0.017 -0.033 0.077
-0.009 -0.031 0.079
-0.031 -0.035 0.067
-0.019 -0.033 0.077
-0.027 -0.039 0.085
-0.025 -0.039 0.091
-0.025 -0.037 0.099
-0.019 -0.037 0.103
0.001 -0.033 0.033
-0.025 -0.035 0.033
-0.021 -0.045 0.041
-0.015 -0.041 0.043
-0.017 -0.039 0.057
-0.005 -0.037 0.035
0.009 -0.015 0.047
-0.009 -0.021 0.057
-0.033 -0.039 0.081
-0.017 -0.037 0.067
-0.015 -0.035 0.069
-0.023 -0.035 0.073
-0.009 -0.031 0.075
-0.007 -0.025 0.067
-0.003 -0.031 0.083
0.001 -0.021 0.087
-0.003 -0.033 0.103
0.003 -0.031 0.101
-0.001 -0.011 0.103
0.003 -0.031 0.031
0.005 -0.029 0.041
0.017 -0.005 0.039
0.029 -0.009 0.037
0.033 -0.005 0.037
0.001 -0.025 0.051
0.005 -0.029 0.093
0.009 -0.011 0.087
0.007 -0.019 0.109
0.013 -0.001 0.037
0.029 0.001 0.049
0.031 0.001 0.049
0.025 -0.001 0.063
0.035 0.009 0.061
0.029 0.025 0.059
0.031 0.019 0.061
0.033 0.019 0.039
0.035 0.025 0.061
0.019 -0.009 0.087
0.027 -0.003 0.085
0.029 0.007 0.091
0.037 0.011 0.069
0.041 0.029 0.073
0.007 0.029 0.061
-0.029 -0.009 0.047
-0.037 -0.007 0.037
-0.019 -0.015 0.091
-0.009 -0.011 0.093
0.001 -0.019 0.097
-0.021 -0.017 0.069
-0.019 -0.017 0.077
-0.015 -0.017 0.079
0.003 0.003 0.077
-0.009 -0.011 0.089
-0.003 -0.009 0.091
-0.027 -0.019 0.097
-0.013 -0.013 0.107
-0.001 -0.017 0.107
0.023 0.037 0.055
0.025 0.041 0.051
0.035 0.009 0.039
0.025 0.035 0.061
0.035 0.033 0.063
0.025 0.021 0.079
0.031 0.017 0.089
-0.011 0.005 0.039
0.023 0.041 0.041
0.035 0.035 0.057
0.019 0.019 0.075
0.013 0.011 0.085
0.023 0.009 0.093
0.041 0.035 0.075
0.041 0.035 0.075
-0.005 -0.027 0.051
-0.007 -0.037 0.043
0.011 -0.015 0.079
0.015 -0.013 0.083
-0.009 -0.027 0.053
-0.005 -0.035 0.097
-0.017 -0.033 0.105
0.001 -0.023 0.085
0.001 -0.019 0.093
0.011 -0.009 0.091
-0.003 -0.023 0.109
-0.003 -0.025 0.101
-0.003 -0.025 0.101
-0.017 -0.031 0.105
-0.005 -0.031 0.107
-0.005 -0.025 0.113
0.007 -0.029 0.089
-0.009 -0.033 0.105
-0.001 -0.031 0.107
0.009 -0.017 0.113
0.007 -0.023 0.041
0.009 -0.017 0.047
0.035 -0.005 0.037
0.005 -0.013 0.085
0.017 -0.013 0.079
0.021 -0.009 0.083
0.011 -0.009 0.091
0.003 -0.031 0.099
0.033 0.005 0.079
0.023 -0.007 0.087
0.033 0.003 0.063
0.031 0.031 0.037
0.033 0.007 0.083
0.019 0.001 0.063
0.031 0.001 0.083
0.031 0.013 0.089
0.035 0.015 0.037
0.035 0.021 0.033
0.033 0.029 0.037
0.033 0.031 0.047
0.033 0.033 0.049
0.043 0.029 0.081
0.023 -0.003 0.091
0.025 -0.003 0.089
0.031 0.001 0.077
0.025 0.009 0.095
0.025 0.007 0.095
0.029 0.013 0.091
0.041 0.029 0.085
-0.015 0.003 0.039
-0.037 -0.025 0.055
-0.011 -0.017 0.057
-0.041 -0.007 0.041
-0.031 -0.019 0.059
-0.043 -0.029 0.089
-0.015 -0.017 0.073
-0.023 -0.019 0.095
-0.043 -0.027 0.085
-0.017 -0.015 0.085
-0.007 -0.015 0.081
-0.005 -0.003 0.067
-0.011 -0.015 0.077
-0.003 -0.009 0.093
-0.039 -0.031 0.103
-0.009 -0.023 0.113
0.007 -0.001 0.057
0.001 -0.011 0.081
0.009 0.001 0.067
0.015 0.013 0.077
0.021 0.007 0.093
-0.017 0.005 0.035
0.013 0.033 0.045
0.017 0.037 0.049
0.009 0.029 0.059
0.027 0.033 0.063
0.027 0.041 0.053
0.019 0.039 0.039
0.015 0.001 0.071
0.023 0.007 0.095
0.033 0.031 0.069
0.035 0.031 0.083
0.039 0.033 0.079
0.005 -0.029 0.033
0.005 -0.025 0.035
-0.025 -0.041 0.045
0.005 -0.029 0.041
0.005 -0.027 0.043
0.001 -0.033 0.037
0.003 -0.031 0.037
0.001 -0.025 0.047
0.005 -0.017 0.041
-0.033 -0.041 0.085
-0.025 -0.039 0.085
-0.007 -0.033 0.087
-0.009 -0.031 0.071
-0.001 -0.025 0.085
-0.013 -0.037 0.099
0.025 -0.007 0.045
0.005 -0.023 0.049
0.013 -0.017 0.063
0.037 -0.005 0.037
0.027 -0.003 0.079
0.001 -0.023 0.085
0.023 -0.003 0.091
0.035 0.019 0.031
0.033 -0.007 0.039
0.025 0.023 0.043
0.035 0.019 0.035
0.021 0.021 0.047
0.035 0.005 0.039
0.035 0.025 0.061
0.037 0.027 0.061
0.037 0.027 0.063
0.031 0.033 0.039
0.031 0.003 0.085
0.027 -0.001 0.089
0.025 0.005 0.093
0.029 0.011 0.093
0.043 0.031 0.081
-0.037 -0.035 0.049
-0.031 -0.037 0.037
-0.021 -0.043 0.041
-0.031 -0.039 0.063
-0.027 -0.041 0.059
-0.035 -0.029 0.035
-0.037 -0.023 0.041
-0.037 -0.025 0.055
-0.043 -0.009 0.039
-0.027 -0.009 0.051
-0.037 -0.023 0.047
-0.033 -0.017 0.055
-0.031 -0.013 0.049
-0.011 -0.003 0.053
-0.041 -0.043 0.087
-0.049 -0.039 0.093
-0.049 -0.037 0.093
-0.043 -0.041 0.089
-0.037 -0.041 0.097
-0.007 -0.011 0.065
-0.047 -0.031 0.089
-0.037 -0.025 0.087
-0.041 -0.039 0.105
-0.023 -0.039 0.103
-0.017 -0.033 0.105
-0.015 -0.035 0.105
-0.043 -0.033 0.101
-0.025 -0.027 0.105
-0.021 -0.033 0.105
-0.015 -0.033 0.105
-0.025 -0.019 0.099
-0.029 -0.027 0.071
-0.031 -0.023 0.067
-0.013 -0.013 0.097
-0.031 -0.007 0.047
-0.007 0.011 0.035
0.005 0.015 0.039
0.003 0.025 0.039
0.003 0.023 0.039
-0.003 0.009 0.039
-0.007 0.013 0.037
-0.013 -0.003 0.051
-0.003 0.015 0.037
0.003 0.023 0.039
0.003 0.025 0.051
0.005 0.013 0.049
-0.001 0.001 0.067
-0.003 -0.003 0.069
0.003 0.029 0.055
0.009 0.021 0.067
0.005 0.007 0.047
0.001 0.001 0.075
0.011 0.017 0.071
0.037 0.033 0.081
-0.041 -0.013 0.039
-0.033 -0.037 0.039
-0.037 -0.035 0.047
-0.037 -0.033 0.047
-0.035 -0.037 0.057
-0.037 -0.027 0.043
-0.039 -0.009 0.033
-0.033 -0.017 0.053
-0.007 -0.017 0.061
-0.049 -0.031 0.085
-0.025 -0.025 0.075
-0.033 -0.021 0.085
-0.041 -0.027 0.101
-0.037 -0.021 0.045
-0.015 -0.007 0.051
-0.019 -0.005 0.045
-0.009 -0.009 0.059
-0.015 0.001 0.043
-0.001 -0.015 0.073
0.005 -0.005 0.087
-0.005 0.013 0.039
-0.009 0.001 0.045
0.003 0.027 0.049
0.003 0.025 0.051
0.001 0.001 0.063
0.013 0.007 0.059
0.005 0.025 0.059
0.003 0.029 0.051
0.003 0.023 0.043
0.015 0.013 0.065
0.019 0.041 0.043
0.023 0.021 0.077
0.017 0.013 0.089
-0.011 -0.021 0.105
-0.039 -0.007 0.043
-0.035 -0.025 0.061
-0.031 -0.021 0.097
-0.025 -0.013 0.055
-0.003 -0.009 0.103
-0.027 -0.015 0.057
-0.013 -0.003 0.051
-0.005 -0.001 0.061
-0.003 -0.001 0.063
-0.015 -0.021 0.105
-0.031 -0.033 0.103
-0.007 -0.031 0.105
-0.019 -0.019 0.103
-0.005 -0.015 0.101
-0.001 -0.003 0.079
-0.021 -0.017 0.091
-0.003 -0.031 0.107
-0.025 -0.023 0.105
-0.007 -0.023 0.115
0.005 -0.001 0.087
0.023 0.003 0.095
0.025 0.009 0.095
0.007 -0.011 0.089
0.001 -0.017 0.089
0.003 -0.013 0.085
0.011 -0.007 0.091
0.023 -0.003 0.091
0.011 -0.013 0.113
-0.017 0.001 0.039
0.015 0.011 0.065
0.019 0.013 0.089
0.003 0.025 0.055
0.011 0.007 0.053
0.025 0.019 0.081
0.009 0.021 0.067
0.029 0.011 0.093
0.031 0.023 0.073
0.031 0.017 0.089
0.029 0.027 0.069
0.029 0.015 0.089
0.035 0.021 0.081
0.033 0.027 0.073
0.035 0.031 0.087
0.033 0.019 0.085
0.041 0.029 0.085
-0.023 -0.033 0.031
-0.023 -0.049 0.039
-0.017 -0.041 0.043
-0.027 -0.043 0.039
-0.007 -0.039 0.035
-0.013 -0.035 0.055
-0.005 -0.029 0.049
-0.005 -0.027 0.051
-0.005 -0.025 0.053
-0.041 -0.043 0.087
-0.023 -0.037 0.069
-0.041 -0.043 0.085
-0.029 -0.039 0.085
-0.005 -0.017 0.065
-0.025 -0.039 0.083
-0.021 -0.037 0.087
-0.015 -0.037 0.093
-0.003 -0.029 0.079
-0.025 -0.037 0.099
-0.021 -0.039 0.101
-0.019 -0.037 0.097
0.005 -0.029 0.033
0.005 -0.029 0.037
0.023 -0.005 0.045
0.015 -0.007 0.089
0.013 0.003 0.031
0.015 0.001 0.033
0.021 -0.005 0.047
0.035 0.003 0.041
0.025 -0.009 0.043
0.015 -0.003 0.051
0.013 -0.003 0.051
0.011 -0.007 0.053
0.023 -0.003 0.037
0.023 -0.005 0.047
0.019 0.003 0.067
0.023 0.001 0.073
0.021 0.001 0.095
-0.041 -0.013 0.033
-0.037 -0.019 0.035
-0.019 0.003 0.033
-0.041 -0.013 0.037
-0.035 -0.007 0.039
-0.031 -0.003 0.037
-0.019 -0.015 0.055
-0.029 -0.025 0.071
-0.021 -0.027 0.079
-0.029 -0.023 0.071
-0.035 -0.023 0.085
-0.033 -0.021 0.085
-0.031 -0.021 0.095
-0.009 -0.011 0.087
-0.027 -0.025 0.105
-0.021 -0.021 0.105
-0.017 -0.019 0.105
-0.009 -0.013 0.097
-0.011 -0.013 0.109
0.009 0.001 0.045
0.005 0.005 0.043
0.005 0.009 0.047
-0.009 -0.011 0.059
0.003 0.017 0.045
0.003 0.003 0.073
-0.013 -0.013 0.097
0.007 -0.009 0.089
-0.005 0.013 0.039
0.003 0.025 0.041
0.009 0.025 0.037
0.003 0.029 0.047
0.005 0.023 0.059
0.027 0.027 0.063
0.013 0.035 0.037
0.011 0.019 0.071
0.031 0.025 0.073
0.023 0.021 0.071
0.033 0.025 0.079
0.033 0.027 0.083
0.031 0.033 0.065
-0.021 0.001 0.037
-0.017 0.005 0.035
-0.029 -0.005 0.045
-0.033 -0.019 0.053
-0.023 -0.019 0.063
-0.037 -0.027 0.043
-0.023 -0.001 0.037
-0.013 0.003 0.039
-0.013 0.005 0.037
-0.039 -0.027 0.095
-0.025 -0.021 0.073
-0.005 -0.019 0.073
-0.007 -0.011 0.087
-0.037 -0.023 0.097
-0.039 -0.027 0.097
-0.035 -0.023 0.097
-0.023 -0.023 0.105
-0.015 -0.015 0.107
-0.011 0.001 0.047
0.003 0.023 0.045
0.005 0.027 0.059
0.009 0.021 0.065
-0.009 -0.011 0.101
-0.015 0.001 0.041
0.015 0.033 0.033
0.015 0.035 0.047
0.003 0.029 0.047
0.013 0.033 0.035
0.017 0.033 0.049
0.021 0.041 0.045
0.019 0.039 0.049
0.003 0.025 0.053
0.023 0.041 0.043
0.019 0.019 0.073
0.019 0.011 0.091
0.023 0.007 0.095
0.035 0.029 0.079
0.031 0.017 0.087
