-0.009 0.003 0.037
-0.013 -0.021 0.061
-0.037 -0.011 0.045
0.015 0.013 0.087
-0.017 -0.019 0.063
-0.027 -0.027 0.105
-0.021 -0.017 0.073
-0.011 -0.013 0.095
-0.009 -0.011 0.095
0.001 -0.017 0.085
-0.001 -0.001 0.077
-0.011 -0.013 0.101
-0.021 -0.017 0.095
-0.039 -0.031 0.105
-0.001 -0.019 0.109
0.021 0.017 0.087
0.025 0.019 0.083
0.009 0.003 0.089
0.019 0.001 0.095
0.011 0.027 0.061
0.031 0.039 0.047
0.009 0.029 0.061
0.029 0.035 0.063
0.017 0.039 0.043
0.029 0.039 0.043
0.029 0.039 0.053
0.021 0.017 0.087
0.025 0.007 0.095
0.037 0.031 0.089
-0.035 -0.029 0.035
-0.037 -0.027 0.053
-0.019 -0.043 0.041
-0.037 -0.021 0.043
-0.035 -0.027 0.061
-0.025 -0.039 0.061
-0.037 -0.031 0.059
-0.045 -0.041 0.085
-0.029 -0.039 0.083
-0.025 -0.039 0.091
-0.029 -0.033 0.071
-0.023 -0.035 0.073
-0.027 -0.037 0.087
-0.011 -0.035 0.085
-0.017 -0.033 0.105
-0.021 -0.033 0.105
0.001 -0.031 0.085
-0.007 -0.033 0.085
-0.001 -0.033 0.091
-0.023 -0.039 0.061
-0.021 -0.037 0.067
-0.029 -0.029 0.073
-0.033 -0.041 0.085
-0.031 -0.041 0.083
-0.023 -0.033 0.075
-0.037 -0.043 0.083
-0.013 -0.035 0.085
-0.027 -0.041 0.097
-0.023 -0.039 0.103
-0.023 -0.039 0.101
0.033 0.003 0.073
-0.013 -0.035 0.087
-0.019 -0.039 0.101
-0.015 -0.035 0.105
0.003 -0.031 0.033
-0.023 -0.039 0.043
-0.023 -0.041 0.057
-0.021 -0.039 0.061
-0.003 -0.035 0.039
-0.003 -0.035 0.037
-0.001 -0.027 0.049
-0.013 -0.037 0.055
-0.009 -0.027 0.053
-0.027 -0.041 0.095
-0.029 -0.041 0.093
0.001 -0.029 0.085
-0.019 -0.039 0.101
-0.017 -0.037 0.103
-0.005 -0.033 0.095
0.003 -0.013 0.037
0.031 -0.009 0.041
0.011 -0.013 0.051
0.003 -0.017 0.037
0.003 0.003 0.033
0.017 0.003 0.031
0.031 0.001 0.047
0.029 -0.007 0.043
0.035 0.013 0.033
0.031 0.007 0.053
0.025 0.027 0.055
0.035 0.011 0.033
0.033 0.025 0.037
0.033 0.027 0.057
0.033 0.003 0.077
0.035 0.011 0.077
-0.031 -0.037 0.065
-0.049 -0.037 0.093
-0.045 -0.037 0.093
-0.037 -0.023 0.045
-0.021 -0.013 0.053
-0.013 -0.003 0.051
-0.039 -0.041 0.089
-0.035 -0.037 0.089
-0.043 -0.031 0.091
-0.043 -0.031 0.105
-0.039 -0.025 0.101
-0.019 -0.037 0.103
-0.017 -0.015 0.105
-0.003 -0.009 0.075
-0.025 -0.023 0.105
-0.017 -0.015 0.097
-0.005 -0.009 0.099
0.005 -0.005 0.087
-0.003 0.007 0.035
0.003 0.023 0.051
0.007 0.025 0.063
0.021 0.031 0.053
0.023 0.035 0.059
0.021 0.039 0.053
0.011 0.009 0.087
0.021 0.015 0.089
0.019 0.015 0.087
0.033 0.025 0.085
-0.023 -0.017 0.059
-0.015 -0.011 0.055
-0.025 -0.019 0.097
-0.025 -0.019 0.071
-0.001 0.001 0.071
-0.009 -0.011 0.095
-0.025 -0.023 0.105
-0.015 -0.015 0.105
-0.005 -0.009 0.101
-0.001 -0.011 0.099
0.011 0.027 0.051
0.019 0.017 0.061
0.011 0.029 0.059
0.005 -0.027 0.091
0.009 0.031 0.049
0.019 0.039 0.037
0.025 0.037 0.059
0.021 0.019 0.075
0.023 0.021 0.073
0.025 0.021 0.075
0.043 0.037 0.079
0.029 -0.003 0.043
0.031 0.011 0.045
0.019 -0.009 0.071
0.005 -0.027 0.043
0.007 -0.019 0.045
0.033 0.015 0.061
0.035 0.007 0.067
0.013 -0.015 0.057
0.015 -0.011 0.063
0.001 -0.025 0.097
-0.001 -0.027 0.085
0.007 -0.025 0.095
0.007 -0.025 0.095
0.023 0.001 0.093
0.031 0.003 0.075
-0.003 -0.027 0.075
0.027 0.005 0.091
-0.003 -0.019 0.097
-0.001 -0.011 0.097
-0.001 -0.021 0.099
-0.001 -0.019 0.105
-0.005 -0.017 0.099
0.007 -0.023 0.039
0.033 0.001 0.043
0.001 -0.023 0.091
0.029 -0.001 0.085
0.035 0.017 0.031
0.035 0.015 0.035
0.033 0.033 0.051
0.029 0.017 0.043
0.033 0.033 0.049
0.035 0.033 0.065
0.029 0.039 0.053
0.027 0.009 0.093
-0.015 0.001 0.041
-0.019 -0.015 0.055
-0.017 -0.021 0.061
-0.027 -0.009 0.049
-0.013 -0.007 0.055
-0.047 -0.035 0.091
-0.019 -0.017 0.089
-0.011 -0.013 0.103
-0.017 -0.017 0.069
-0.001 -0.001 0.077
-0.021 -0.017 0.097
-0.001 -0.009 0.089
-0.005 -0.009 0.097
-0.035 -0.027 0.101
-0.029 -0.023 0.103
0.001 0.001 0.061
0.003 0.003 0.075
0.019 0.015 0.087
0.009 0.027 0.039
0.005 0.029 0.049
0.003 0.025 0.051
0.015 0.037 0.041
0.017 0.033 0.049
0.009 0.027 0.063
0.025 0.017 0.053
0.029 0.039 0.043
-0.015 -0.041 0.055
-0.001 -0.035 0.035
0.007 -0.021 0.041
0.007 -0.021 0.049
0.005 -0.009 0.041
-0.009 -0.027 0.053
-0.017 -0.037 0.083
-0.013 -0.035 0.083
-0.017 -0.037 0.087
-0.011 -0.033 0.069
-0.001 -0.021 0.077
-0.001 -0.025 0.085
-0.001 -0.011 0.093
-0.035 -0.037 0.107
0.003 -0.027 0.031
0.007 -0.015 0.043
0.005 -0.023 0.053
0.011 -0.015 0.053
0.015 -0.005 0.063
0.015 -0.013 0.081
0.027 -0.009 0.037
0.031 0.011 0.047
0.033 0.009 0.035
0.035 0.025 0.035
0.029 0.011 0.049
0.013 -0.005 0.059
0.029 0.019 0.057
0.015 -0.003 0.065
0.033 0.003 0.077
0.037 0.021 0.071
-0.035 -0.029 0.037
-0.037 -0.035 0.045
-0.027 -0.049 0.035
-0.033 -0.035 0.037
-0.035 -0.033 0.059
-0.035 -0.011 0.045
-0.033 -0.031 0.065
-0.045 -0.041 0.087
-0.045 -0.029 0.089
-0.039 -0.027 0.089
-0.033 -0.025 0.089
-0.029 -0.031 0.095
-0.047 -0.037 0.093
-0.025 -0.019 0.099
-0.041 -0.031 0.099
-0.037 -0.023 0.099
-0.043 -0.033 0.103
-0.027 -0.023 0.103
-0.019 -0.017 0.103
-0.035 -0.033 0.061
-0.035 -0.025 0.057
-0.017 -0.013 0.055
-0.029 -0.029 0.073
-0.027 -0.023 0.073
-0.043 -0.027 0.087
-0.027 -0.019 0.097
-0.013 -0.001 0.047
-0.029 -0.015 0.057
0.011 0.009 0.051
0.009 0.009 0.049
0.015 0.013 0.059
0.011 0.031 0.037
0.003 0.025 0.051
-0.035 -0.037 0.051
-0.035 -0.037 0.055
-0.035 -0.037 0.057
-0.037 -0.019 0.041
-0.037 -0.025 0.055
-0.033 -0.023 0.059
-0.035 -0.029 0.037
-0.035 -0.027 0.037
-0.041 -0.013 0.035
-0.041 -0.007 0.041
-0.025 -0.007 0.049
-0.037 -0.025 0.055
-0.031 -0.035 0.065
-0.039 -0.027 0.089
-0.037 -0.025 0.095
-0.013 -0.015 0.079
-0.039 -0.025 0.097
-0.039 -0.039 0.101
-0.027 -0.021 0.101
-0.011 -0.027 0.109
-0.013 -0.013 0.099
-0.009 -0.015 0.059
-0.007 -0.003 0.057
-0.015 -0.015 0.075
-0.005 -0.005 0.069
-0.001 -0.001 0.071
0.001 -0.013 0.081
-0.003 -0.011 0.073
-0.015 0.003 0.041
-0.003 0.007 0.037
0.003 0.023 0.041
0.005 0.019 0.045
0.005 0.021 0.047
0.003 0.029 0.049
0.003 0.021 0.037
0.007 0.025 0.061
0.005 0.031 0.055
0.009 0.025 0.065
0.015 0.037 0.043
0.005 0.003 0.069
0.023 0.021 0.073
0.011 0.019 0.071
-0.025 -0.007 0.049
0.003 -0.017 0.111
0.009 -0.027 0.095
-0.019 -0.007 0.049
0.025 -0.001 0.091
-0.021 -0.015 0.055
0.013 0.007 0.091
0.007 0.001 0.089
-0.025 -0.031 0.105
-0.003 -0.025 0.107
-0.021 -0.033 0.105
-0.007 -0.015 0.103
-0.013 -0.017 0.107
-0.029 -0.041 0.099
-0.007 -0.015 0.103
0.025 -0.001 0.091
0.031 0.007 0.089
0.015 -0.015 0.075
0.017 -0.013 0.079
0.017 -0.013 0.077
0.009 -0.011 0.087
0.015 0.011 0.089
0.013 0.017 0.073
0.031 0.013 0.089
0.031 0.001 0.049
0.035 0.015 0.071
0.013 0.023 0.065
0.023 0.019 0.083
0.031 0.001 0.061
0.013 0.025 0.063
0.039 0.029 0.087
0.025 0.041 0.051
0.013 0.005 0.091
0.013 0.017 0.073
0.023 0.015 0.089
-0.021 -0.051 0.037
-0.019 -0.043 0.041
-0.005 -0.035 0.045
-0.025 -0.041 0.053
-0.035 -0.035 0.039
-0.015 -0.035 0.057
-0.015 -0.035 0.061
-0.033 -0.041 0.085
-0.013 -0.035 0.083
-0.019 -0.033 0.077
-0.011 -0.033 0.071
-0.003 -0.031 0.085
-0.011 -0.035 0.103
0.021 -0.003 0.037
0.021 -0.003 0.039
-0.001 -0.031 0.087
0.005 -0.025 0.053
0.021 -0.005 0.049
-0.001 -0.019 0.065
0.007 -0.019 0.065
0.017 -0.005 0.051
0.005 -0.019 0.069
-0.001 -0.017 0.071
0.017 -0.005 0.091
0.023 -0.007 0.083
-0.013 -0.031 0.031
-0.035 -0.037 0.055
-0.023 -0.041 0.055
-0.015 -0.035 0.063
-0.033 -0.035 0.037
-0.027 -0.041 0.045
-0.003 -0.027 0.047
-0.007 -0.025 0.053
0.001 -0.025 0.049
-0.017 -0.035 0.089
-0.005 -0.029 0.073
-0.003 -0.025 0.073
-0.001 -0.025 0.079
-0.007 -0.035 0.099
-0.037 -0.041 0.095
-0.035 -0.043 0.099
-0.019 -0.037 0.103
-0.019 -0.037 0.103
0.001 -0.033 0.097
-0.001 -0.033 0.095
0.007 -0.019 0.047
0.005 -0.019 0.069
0.023 -0.007 0.083
0.025 -0.005 0.087
0.019 -0.005 0.091
0.003 -0.021 0.061
0.003 -0.017 0.071
0.005 0.005 0.037
0.003 0.003 0.035
0.005 0.007 0.045
0.015 -0.011 0.061
0.017 0.003 0.063
0.029 -0.001 0.057
0.031 0.029 0.045
0.013 -0.017 0.071
0.019 -0.007 0.073
0.021 0.003 0.071
0.015 -0.013 0.079
0.035 0.007 0.067
-0.013 -0.035 0.055
-0.011 -0.033 0.075
-0.017 -0.039 0.093
-0.011 -0.035 0.085
-0.017 -0.037 0.097
-0.013 -0.035 0.101
-0.029 -0.033 0.103
-0.005 -0.025 0.109
-0.001 -0.029 0.103
-0.007 -0.025 0.113
0.007 -0.027 0.035
0.033 -0.007 0.041
0.007 -0.019 0.049
0.021 -0.005 0.051
0.017 -0.005 0.051
0.031 0.001 0.047
0.033 0.017 0.039
0.027 -0.003 0.049
0.033 0.007 0.059
0.033 0.011 0.057
0.031 0.017 0.059
0.031 0.009 0.049
0.023 -0.003 0.059
0.029 0.001 0.063
0.029 0.001 0.063
0.031 0.003 0.071
0.035 0.027 0.057
0.033 0.033 0.047
0.035 0.033 0.053
0.029 0.011 0.093
0.037 0.021 0.069
-0.037 -0.031 0.041
-0.037 -0.025 0.045
-0.037 -0.023 0.047
-0.033 -0.017 0.049
-0.033 -0.027 0.063
-0.041 -0.007 0.043
-0.025 -0.009 0.051
-0.015 0.003 0.041
-0.015 -0.013 0.055
-0.031 -0.021 0.095
-0.039 -0.027 0.089
-0.001 -0.015 0.077
-0.021 -0.017 0.083
-0.023 -0.021 0.103
-0.019 -0.017 0.103
-0.005 -0.009 0.097
-0.005 -0.001 0.047
-0.005 -0.001 0.057
-0.001 -0.001 0.049
0.013 0.003 0.055
0.003 0.003 0.075
0.007 0.001 0.089
0.011 0.003 0.091
-0.005 0.011 0.037
0.003 0.017 0.039
0.005 0.025 0.039
0.005 0.029 0.049
0.029 0.021 0.059
0.023 0.033 0.057
0.025 0.037 0.059
0.027 0.041 0.049
0.013 0.007 0.075
0.011 0.021 0.069
0.027 0.021 0.079
0.009 0.003 0.089
-0.031 -0.003 0.037
-0.041 -0.007 0.041
-0.027 -0.019 0.061
-0.019 -0.015 0.055
-0.041 -0.009 0.035
-0.035 -0.019 0.045
-0.035 -0.031 0.063
-0.019 -0.005 0.047
-0.031 -0.009 0.047
-0.025 -0.007 0.045
-0.029 -0.019 0.085
-0.027 -0.019 0.085
-0.017 -0.015 0.093
-0.009 -0.015 0.077
-0.027 -0.019 0.085
-0.031 -0.021 0.095
-0.025 -0.019 0.095
-0.015 -0.015 0.091
-0.031 -0.021 0.097
-0.017 -0.017 0.105
-0.011 0.001 0.047
0.011 0.027 0.043
0.005 0.015 0.051
0.001 0.001 0.063
0.003 -0.001 0.057
-0.007 -0.011 0.087
-0.005 -0.009 0.089
-0.005 0.017 0.035
0.005 0.025 0.041
0.003 0.027 0.055
0.019 0.037 0.035
0.013 0.001 0.069
0.017 0.017 0.079
0.019 0.011 0.091
0.027 0.013 0.091
0.023 0.021 0.067
0.029 0.021 0.075
0.033 0.031 0.069
0.033 0.027 0.087
