-0.009 -0.005 0.059
-0.029 -0.021 0.067
-0.007 -0.011 0.085
-0.035 -0.015 0.045
-0.007 -0.003 0.059
0.005 0.005 0.077
-0.029 -0.005 0.037
-0.021 -0.003 0.043
-0.023 -0.005 0.045
-0.011 0.001 0.045
-0.003 -0.001 0.047
-0.027 -0.019 0.063
-0.005 -0.001 0.051
-0.009 -0.011 0.095
-0.009 -0.011 0.099
-0.009 -0.015 0.107
0.001 -0.017 0.083
-0.003 -0.003 0.073
-0.009 -0.015 0.105
-0.011 -0.011 0.093
-0.035 -0.037 0.107
-0.007 -0.023 0.111
-0.037 -0.027 0.101
-0.025 -0.023 0.105
0.005 -0.015 0.111
-0.015 -0.015 0.107
-0.007 -0.021 0.109
0.023 0.011 0.091
0.005 -0.001 0.057
0.015 0.005 0.091
0.013 0.001 0.091
0.013 0.001 0.091
0.013 -0.015 0.113
0.005 -0.015 0.111
0.009 0.029 0.061
-0.001 0.001 0.071
0.021 0.039 0.053
0.013 0.025 0.063
0.039 0.037 0.087
0.009 0.031 0.055
0.015 0.037 0.045
0.015 0.037 0.045
0.019 0.025 0.047
0.023 0.021 0.079
0.007 0.025 0.063
0.021 0.041 0.043
0.021 0.019 0.071
0.005 0.003 0.083
0.017 0.015 0.087
0.029 0.009 0.091
0.035 0.015 0.081
-0.023 -0.049 0.039
-0.029 -0.041 0.057
-0.015 -0.049 0.037
-0.019 -0.041 0.045
-0.009 -0.039 0.039
-0.017 -0.037 0.057
-0.005 -0.035 0.043
-0.005 -0.031 0.045
-0.003 -0.025 0.051
-0.013 -0.029 0.057
-0.007 -0.029 0.051
-0.001 -0.021 0.059
0.009 -0.019 0.059
-0.039 -0.043 0.087
-0.029 -0.039 0.083
-0.041 -0.039 0.091
-0.023 -0.035 0.073
-0.017 -0.033 0.075
-0.015 -0.033 0.077
-0.003 -0.023 0.075
-0.017 -0.037 0.083
-0.019 -0.039 0.093
-0.007 -0.031 0.081
0.001 -0.021 0.081
0.007 -0.029 0.087
-0.039 -0.041 0.105
-0.035 -0.039 0.105
-0.009 -0.035 0.103
0.003 -0.029 0.043
0.007 -0.023 0.043
0.025 -0.007 0.041
0.029 -0.005 0.045
0.027 -0.003 0.053
0.015 -0.005 0.091
0.001 -0.031 0.099
0.005 -0.029 0.101
0.007 -0.027 0.037
0.035 -0.007 0.033
0.025 0.017 0.031
0.035 0.015 0.031
0.035 -0.007 0.035
0.033 -0.005 0.041
0.035 -0.001 0.035
0.021 -0.005 0.049
0.029 -0.001 0.057
0.029 -0.001 0.055
0.025 -0.001 0.063
0.025 -0.003 0.057
0.037 -0.005 0.037
0.035 0.009 0.037
0.035 0.023 0.035
0.037 0.027 0.061
0.021 0.003 0.067
0.023 0.003 0.067
0.035 0.009 0.069
0.041 0.029 0.085
-0.017 0.001 0.039
0.011 0.027 0.049
-0.021 -0.007 0.049
-0.019 -0.011 0.053
0.011 0.021 0.051
0.011 0.027 0.061
-0.037 -0.007 0.045
-0.033 -0.005 0.043
-0.013 0.005 0.037
-0.015 0.005 0.035
0.013 0.023 0.065
0.003 0.001 0.065
-0.019 -0.007 0.049
-0.007 -0.001 0.051
-0.047 -0.035 0.093
-0.033 -0.021 0.085
-0.017 -0.015 0.087
-0.015 -0.013 0.095
-0.033 -0.023 0.087
0.001 0.001 0.071
-0.023 -0.017 0.085
-0.027 -0.019 0.089
-0.023 -0.019 0.091
-0.013 -0.013 0.095
0.001 -0.019 0.093
-0.005 -0.009 0.093
-0.013 -0.015 0.105
-0.039 -0.025 0.101
-0.025 -0.021 0.103
-0.007 -0.021 0.103
0.001 -0.019 0.097
0.019 0.017 0.057
0.013 0.011 0.053
0.023 0.037 0.057
0.033 0.037 0.049
0.021 0.019 0.069
0.023 0.021 0.065
0.007 0.005 0.081
0.029 0.017 0.087
0.005 -0.027 0.099
0.013 -0.015 0.113
-0.009 0.001 0.043
0.025 0.037 0.035
0.025 0.041 0.049
0.011 0.027 0.051
0.021 0.039 0.053
0.033 0.033 0.045
0.033 0.009 0.045
0.011 0.031 0.041
0.015 0.037 0.039
0.025 0.041 0.051
0.021 0.037 0.055
0.033 0.005 0.049
0.031 0.035 0.063
0.025 0.037 0.037
0.027 0.035 0.037
0.031 0.039 0.053
0.025 0.041 0.051
0.033 0.033 0.045
0.021 0.019 0.077
0.029 0.021 0.075
0.027 0.021 0.079
0.041 0.033 0.077
0.039 0.033 0.079
0.033 0.009 0.087
0.041 0.037 0.087
-0.003 -0.003 0.041
-0.037 -0.027 0.059
-0.029 -0.011 0.049
-0.025 -0.017 0.057
-0.007 -0.003 0.055
-0.033 -0.007 0.045
-0.021 -0.003 0.043
-0.017 -0.003 0.043
-0.031 -0.003 0.037
-0.025 -0.003 0.041
-0.013 0.003 0.041
-0.001 -0.001 0.049
-0.003 -0.001 0.069
-0.027 -0.009 0.051
-0.019 -0.015 0.091
-0.033 -0.023 0.087
-0.029 -0.023 0.069
-0.011 -0.015 0.083
-0.025 -0.019 0.089
-0.031 -0.021 0.087
-0.023 -0.017 0.097
-0.005 -0.009 0.097
-0.015 -0.015 0.087
-0.001 -0.009 0.089
-0.041 -0.035 0.105
-0.037 -0.031 0.103
-0.037 -0.031 0.103
-0.027 -0.021 0.103
-0.043 -0.031 0.105
0.003 0.001 0.069
0.011 0.001 0.069
0.013 -0.001 0.067
0.017 0.015 0.083
0.019 0.013 0.089
0.001 -0.009 0.103
0.009 -0.027 0.097
0.003 0.029 0.047
0.005 0.025 0.059
0.007 0.029 0.045
0.027 0.041 0.051
0.009 0.021 0.067
0.013 0.021 0.071
0.023 0.021 0.073
0.007 0.029 0.061
0.009 0.031 0.053
0.009 0.029 0.061
0.023 0.017 0.057
0.029 0.041 0.047
0.017 0.039 0.041
0.009 0.001 0.065
0.021 0.019 0.075
0.017 0.015 0.073
0.005 0.003 0.083
0.013 0.011 0.087
0.017 0.015 0.085
0.025 0.019 0.083
0.031 0.027 0.073
0.039 0.031 0.073
-0.011 -0.041 0.039
-0.005 -0.037 0.037
-0.007 -0.033 0.049
0.013 -0.009 0.055
0.013 -0.017 0.067
0.015 -0.011 0.065
-0.009 -0.031 0.069
0.009 -0.019 0.051
0.009 -0.009 0.047
0.019 -0.005 0.051
0.009 -0.005 0.051
-0.005 -0.023 0.071
-0.013 -0.029 0.055
0.009 -0.019 0.067
0.011 -0.017 0.073
-0.007 -0.035 0.093
-0.011 -0.035 0.089
-0.001 -0.033 0.091
0.003 -0.031 0.101
0.007 -0.029 0.097
-0.001 -0.031 0.103
-0.001 -0.027 0.081
-0.001 -0.025 0.083
-0.001 -0.017 0.077
0.007 -0.029 0.093
-0.001 -0.023 0.093
0.001 -0.031 0.087
-0.003 -0.017 0.095
-0.003 -0.015 0.097
-0.031 -0.035 0.103
-0.019 -0.033 0.105
-0.007 -0.035 0.101
0.007 -0.019 0.109
-0.005 -0.023 0.109
0.003 -0.033 0.033
0.007 -0.027 0.041
0.025 -0.007 0.045
0.033 -0.003 0.041
0.017 -0.011 0.069
0.023 -0.005 0.075
0.025 -0.005 0.081
0.027 -0.001 0.077
0.019 -0.005 0.091
0.025 -0.003 0.057
0.033 0.007 0.057
0.035 0.023 0.033
0.035 0.001 0.039
0.029 -0.001 0.059
0.035 0.011 0.063
0.027 0.001 0.067
0.033 0.013 0.061
0.029 0.013 0.053
0.033 0.009 0.043
0.037 0.023 0.065
0.031 0.037 0.047
0.031 0.003 0.075
0.033 0.003 0.077
0.035 0.019 0.081
0.031 0.017 0.089
0.041 0.029 0.073
0.043 0.033 0.077
-0.037 -0.037 0.049
-0.035 -0.039 0.049
-0.031 -0.039 0.063
-0.025 -0.041 0.059
-0.035 -0.033 0.037
-0.037 -0.025 0.041
-0.035 -0.033 0.059
-0.031 -0.025 0.069
-0.033 -0.017 0.055
-0.017 -0.009 0.053
-0.013 -0.001 0.049
-0.027 -0.037 0.069
-0.039 -0.041 0.089
-0.035 -0.043 0.097
-0.037 -0.043 0.097
-0.033 -0.031 0.089
-0.037 -0.025 0.087
-0.043 -0.033 0.101
-0.043 -0.029 0.101
-0.033 -0.021 0.097
-0.025 -0.021 0.103
-0.027 -0.027 0.105
-0.013 -0.023 0.107
-0.015 -0.017 0.107
-0.013 -0.013 0.055
-0.029 -0.029 0.071
-0.005 -0.009 0.071
-0.027 -0.019 0.067
-0.033 -0.023 0.061
-0.043 -0.031 0.091
-0.047 -0.031 0.089
-0.041 -0.027 0.099
-0.011 -0.025 0.111
-0.023 -0.001 0.037
-0.015 0.001 0.041
-0.005 0.011 0.037
0.005 0.017 0.041
0.003 0.009 0.039
0.011 0.007 0.053
0.003 0.027 0.043
0.007 0.019 0.053
0.007 0.009 0.049
-0.003 -0.003 0.071
-0.003 -0.009 0.073
0.009 0.019 0.063
0.011 0.017 0.071
0.005 0.003 0.081
-0.009 -0.011 0.095
-0.033 -0.029 0.033
-0.025 -0.045 0.039
-0.035 -0.005 0.037
-0.023 -0.005 0.045
-0.029 -0.019 0.061
-0.033 -0.025 0.063
-0.009 -0.003 0.055
-0.047 -0.039 0.087
-0.047 -0.035 0.085
-0.027 -0.035 0.093
-0.029 -0.021 0.067
-0.043 -0.025 0.083
-0.003 -0.015 0.071
-0.047 -0.027 0.083
-0.035 -0.023 0.083
-0.013 -0.013 0.093
-0.027 -0.025 0.105
-0.029 -0.025 0.103
-0.021 -0.017 0.099
-0.031 -0.015 0.051
-0.031 -0.019 0.059
-0.009 -0.005 0.055
-0.005 -0.001 0.059
-0.003 -0.017 0.071
-0.003 -0.015 0.069
-0.005 -0.005 0.069
0.001 -0.001 0.079
-0.019 0.003 0.033
-0.005 0.011 0.037
0.001 0.005 0.037
0.003 0.005 0.039
0.005 0.017 0.049
0.003 0.029 0.047
0.003 0.019 0.047
0.005 0.013 0.049
-0.001 0.001 0.057
0.017 0.015 0.061
0.003 0.017 0.039
0.021 0.037 0.055
0.025 0.039 0.057
0.011 0.019 0.069
0.023 0.021 0.077
0.033 0.023 0.079
0.035 0.031 0.085
-0.019 -0.051 0.035
-0.031 -0.039 0.039
-0.017 -0.051 0.035
-0.013 -0.041 0.037
-0.009 -0.039 0.045
-0.023 -0.041 0.053
-0.031 -0.041 0.055
-0.017 -0.037 0.061
-0.023 -0.049 0.035
-0.007 -0.037 0.033
-0.019 -0.051 0.037
-0.013 -0.025 0.055
-0.007 -0.035 0.049
0.001 -0.025 0.049
0.001 -0.025 0.051
-0.039 -0.043 0.087
-0.017 -0.037 0.081
-0.003 -0.033 0.095
-0.003 -0.017 0.069
-0.007 -0.031 0.075
-0.027 -0.037 0.087
-0.015 -0.035 0.089
-0.017 -0.039 0.093
-0.011 -0.035 0.083
0.001 -0.031 0.085
-0.015 -0.035 0.103
-0.037 -0.045 0.099
-0.033 -0.043 0.095
-0.031 -0.043 0.097
0.027 -0.003 0.055
0.007 -0.011 0.085
0.005 -0.029 0.093
-0.003 -0.035 0.039
0.033 -0.007 0.033
0.021 -0.001 0.033
0.003 0.005 0.039
0.009 0.001 0.047
0.031 -0.007 0.037
0.033 0.001 0.043
0.007 0.015 0.033
0.027 -0.003 0.047
0.009 0.003 0.049
0.011 -0.017 0.063
0.015 0.005 0.063
0.027 -0.003 0.049
0.019 -0.001 0.061
0.011 -0.015 0.051
0.015 -0.003 0.051
0.015 -0.013 0.063
0.031 0.001 0.051
0.029 -0.001 0.059
0.027 -0.001 0.057
0.035 0.007 0.063
0.035 0.007 0.063
0.025 -0.007 0.041
0.029 -0.007 0.045
0.017 -0.013 0.075
0.017 -0.011 0.067
0.029 0.007 0.091
0.035 0.019 0.079
-0.031 -0.003 0.037
-0.039 -0.007 0.033
-0.021 0.001 0.033
-0.037 -0.035 0.051
-0.029 -0.045 0.035
-0.037 -0.027 0.039
-0.037 -0.027 0.055
-0.035 -0.029 0.061
-0.035 -0.033 0.063
-0.033 -0.017 0.055
-0.041 -0.011 0.035
-0.033 -0.005 0.039
-0.033 -0.007 0.045
-0.033 -0.025 0.063
-0.039 -0.007 0.039
-0.025 -0.003 0.039
-0.017 0.003 0.037
-0.011 -0.015 0.057
-0.007 -0.017 0.063
-0.001 0.001 0.059
-0.035 -0.025 0.087
-0.041 -0.029 0.089
-0.027 -0.019 0.067
-0.027 -0.025 0.073
-0.023 -0.023 0.077
-0.027 -0.019 0.067
-0.017 -0.017 0.071
-0.001 -0.003 0.079
-0.029 -0.019 0.085
-0.027 -0.019 0.085
-0.023 -0.017 0.085
-0.003 -0.009 0.095
-0.039 -0.041 0.099
-0.041 -0.027 0.099
-0.027 -0.021 0.099
-0.039 -0.027 0.097
-0.029 -0.023 0.103
-0.025 -0.023 0.105
-0.013 -0.013 0.107
-0.015 -0.001 0.043
-0.009 0.001 0.045
-0.001 0.001 0.057
0.001 0.001 0.061
-0.003 -0.003 0.071
-0.003 -0.009 0.075
0.009 0.007 0.081
0.011 0.003 0.091
0.011 0.029 0.035
0.005 0.007 0.043
0.005 0.009 0.047
0.003 0.025 0.051
0.003 0.023 0.033
0.003 0.029 0.047
0.005 0.029 0.049
0.003 0.029 0.055
0.005 0.029 0.049
0.019 0.033 0.053
0.025 0.029 0.061
0.003 0.025 0.051
0.019 0.039 0.047
0.023 0.041 0.043
0.027 0.041 0.053
0.017 0.007 0.069
0.015 0.013 0.087
0.021 0.007 0.093
0.023 0.015 0.089
0.023 0.021 0.077
0.041 0.035 0.079
