134217728
16
128
8388608
268435456
65536
512
32768
2
524288
1024
4
16777216
8192
16384
1048576
1
33554432
536870912
4194304
2097152
1073741824
64
67108864
2048
2147483648
256
8
131072
32
4096
262144
2147483664
2147485696
8388610
8404992
516
2147483904
1082130432
2151677952
294912
132
2155872256
132
8912896
268435460
3229614080
2147516420
2148532232
8389636
2692743168
2147516420
2156396548
2147516548
32932
2692743300
2684354700
2155872652
2155905228
2692744900
2156430028
3095401100
2692838028
2290655949
2294342604
2831217356
2311643853
2847995596
2848056269
3116464860
3116595932
2848194508
2848717773
