1
2147483649
2147483657
2147483661
2147483789
2147483853
2155872461
2155872973
2155873229
2290090957
2290099149
2290131917
2290148301
2294342605
2311119821
2311185357
2848056269
2848058317
2848189389
2848193485
33554432
2181038080
2181038088
2181038216
2181038220
2181038236
2189426844
2323644572
2323645084
2323661468
2323669660
2323702428
2323702492
2327896796
2344674012
2881544924
2881610460
2881612508
2881743580
2881743836
1024
8389632
8389636
2155873284
2155873796
2692744708
2692744836
2692744900
2692744908
2826962636
2826970828
2826987212
2831181516
2831214284
2831218380
2847995596
2848061132
2848063180
2848194252
2848194508
32768
2147516416
2147516420
2147516548
2147516556
2147520652
2281738380
2290126988
2290127500
2290135692
2290152076
2827022988
2831217292
2847994508
2847994572
2848060108
2848062156
2848193228
2848193484
