2097152
1048576
536870912
4
64
32
4194304
1073741824
4096
128
2
32768
524288
134217728
16384
65536
16
8388608
262144
268435456
1024
8192
512
1
131072
67108864
16777216
8
256
2048
33554432
2147483648
134219776
576
8388640
66048
4608
516
131088
73728
40
655360
33554944
131584
4194816
16896
134218244
552
2228736
537002496
135680
134219780
134220292
537002500
164356
134242820
134291970
139924
2214666372
134357637
159523460
142746268
165814916
161686156
682762894
2577572492
2309170829
3095540431
2575459007
2626888383
2577607359
2609032895
2575560383
3115563695
