1073741824
1073742336
1073807872
1073816064
1073816068
1208033796
1208033924
1216422532
1216422548
1216553620
1216553628
1484989084
1484989085
3632472733
3649249949
3649249951
3649249983
3649252031
3649284799
33554432
33554944
167772672
167780864
167780868
167780996
167780997
167912069
176300677
176300679
176300687
444736143
2592219791
2592219807
2592219839
2608997055
2608999103
2609000127
2609032895
2609098431
1048576
1049088
1180160
1188352
1188480
1188484
1188486
135406214
143794822
680665734
680665742
682762894
951198350
3098681998
3098747534
3098747535
3098747567
3115524783
3115526831
3115530927
3115563695
4194304
4194816
4325888
21103104
21103232
21111424
21111428
155329156
163717764
165814916
165814924
434250380
2581734028
2581734029
2581799565
2581799567
2581799599
2581801647
2581805743
2581838511
