-0.003 -0.019 0.035
-0.003 -0.019 0.035
-0.013 -0.009 0.035
-0.015 -0.007 0.037
-0.001 -0.001 0.063
0.021 -0.037 0.045
0.009 -0.031 0.047
-0.003 -0.017 0.037
0.001 -0.019 0.041
0.005 -0.023 0.045
0.005 -0.019 0.047
0.005 -0.015 0.047
0.011 -0.023 0.053
0.007 -0.019 0.049
0.015 -0.019 0.055
0.009 -0.043 0.041
0.007 -0.041 0.041
0.009 -0.043 0.043
0.009 -0.041 0.043
0.015 -0.035 0.045
0.011 -0.043 0.043
0.013 -0.041 0.043
0.019 -0.037 0.043
0.023 -0.037 0.041
0.023 -0.037 0.045
0.025 -0.037 0.045
0.021 -0.035 0.053
0.027 -0.037 0.051
0.029 -0.039 0.051
0.025 -0.037 0.055
0.027 -0.037 0.045
0.029 -0.039 0.051
0.033 -0.037 0.055
0.035 -0.035 0.059
0.033 -0.033 0.065
0.005 -0.033 0.039
0.005 -0.031 0.039
0.005 -0.033 0.043
0.007 -0.033 0.045
0.005 -0.029 0.045
0.001 -0.021 0.039
0.005 -0.027 0.045
0.007 -0.027 0.045
0.003 -0.023 0.041
0.005 -0.023 0.045
0.017 -0.035 0.045
0.009 -0.033 0.045
0.003 -0.021 0.043
0.003 -0.019 0.043
0.005 -0.021 0.047
0.003 -0.013 0.051
0.003 -0.013 0.045
0.001 -0.005 0.047
0.001 -0.009 0.051
0.001 -0.009 0.051
0.015 -0.029 0.057
0.013 -0.021 0.053
0.019 -0.013 0.057
0.019 -0.013 0.057
0.011 -0.029 0.051
0.015 -0.029 0.057
0.011 -0.027 0.053
0.015 -0.029 0.057
0.015 -0.027 0.057
0.015 -0.021 0.055
0.017 -0.033 0.055
0.017 -0.025 0.057
0.017 -0.021 0.057
0.021 -0.031 0.061
0.019 -0.021 0.063
0.001 -0.009 0.051
0.001 -0.003 0.059
0.009 -0.009 0.059
0.003 -0.007 0.061
0.009 -0.007 0.063
0.019 -0.017 0.057
0.019 -0.017 0.063
0.017 -0.021 0.067
0.021 -0.013 0.059
0.019 -0.007 0.061
0.017 -0.009 0.059
0.021 -0.025 0.073
0.019 -0.021 0.077
0.027 -0.037 0.059
0.023 -0.035 0.057
0.021 -0.031 0.061
0.027 -0.035 0.061
0.029 -0.037 0.053
0.031 -0.037 0.057
0.023 -0.031 0.065
0.029 -0.033 0.065
0.025 -0.033 0.065
0.029 -0.035 0.063
0.017 -0.027 0.059
0.019 -0.027 0.065
0.017 -0.019 0.057
0.023 -0.029 0.069
0.019 -0.023 0.069
0.019 -0.023 0.071
0.033 -0.035 0.063
0.031 -0.033 0.065
0.027 -0.029 0.073
0.025 -0.039 0.083
0.023 -0.035 0.083
0.021 -0.031 0.083
0.019 -0.025 0.071
0.019 -0.025 0.071
0.021 -0.025 0.073
0.017 -0.021 0.071
0.019 -0.029 0.085
0.031 -0.033 0.067
0.023 -0.033 0.087
0.025 -0.039 0.085
0.027 -0.039 0.089
0.031 -0.043 0.091
0.033 -0.049 0.087
0.035 -0.047 0.093
0.029 -0.039 0.089
0.031 -0.043 0.091
0.029 -0.041 0.099
0.035 -0.047 0.093
0.035 -0.047 0.093
0.033 -0.041 0.091
0.037 -0.045 0.093
0.035 -0.041 0.091
0.021 -0.027 0.069
0.023 -0.029 0.071
0.029 -0.029 0.071
0.031 -0.029 0.071
0.023 -0.035 0.083
0.017 -0.021 0.067
0.025 -0.027 0.073
0.021 -0.031 0.085
0.021 -0.033 0.085
0.019 -0.023 0.073
0.017 -0.023 0.085
0.019 -0.027 0.089
0.021 -0.027 0.091
0.019 -0.027 0.095
0.007 -0.005 0.069
0.001 -0.003 0.069
0.009 -0.007 0.067
0.009 -0.005 0.069
0.015 -0.005 0.067
0.009 -0.005 0.071
0.015 -0.013 0.077
0.011 -0.001 0.077
0.015 -0.015 0.075
0.017 -0.017 0.075
0.017 -0.017 0.073
0.017 -0.021 0.085
0.017 -0.023 0.087
0.019 -0.023 0.089
0.015 -0.013 0.081
0.013 -0.011 0.085
0.011 -0.011 0.089
0.015 -0.017 0.095
0.017 -0.021 0.097
0.015 -0.019 0.087
0.015 -0.017 0.093
0.021 -0.031 0.087
0.023 -0.031 0.089
0.019 -0.023 0.089
0.017 -0.021 0.089
0.019 -0.027 0.095
0.021 -0.033 0.097
0.021 -0.031 0.097
0.023 -0.035 0.099
0.023 -0.037 0.099
0.021 -0.029 0.097
0.023 -0.033 0.099
0.019 -0.025 0.095
0.019 -0.025 0.099
0.019 -0.025 0.099
0.021 -0.027 0.103
0.015 -0.015 0.091
0.013 -0.013 0.097
0.017 -0.023 0.097
0.019 -0.023 0.099
0.019 -0.025 0.099
0.017 -0.019 0.097
0.015 -0.015 0.097
0.017 -0.019 0.103
0.013 -0.013 0.101
0.011 -0.009 0.101
0.013 -0.011 0.103
0.013 -0.007 0.103
0.021 -0.011 0.105
0.025 -0.037 0.085
0.023 -0.035 0.085
0.023 -0.035 0.085
0.023 -0.035 0.085
0.021 -0.031 0.087
0.021 -0.029 0.089
0.023 -0.031 0.089
0.021 -0.029 0.089
0.021 -0.027 0.093
0.019 -0.027 0.087
0.027 -0.041 0.101
0.025 -0.039 0.101
0.025 -0.037 0.101
0.023 -0.035 0.099
0.023 -0.031 0.099
0.023 -0.031 0.099
0.031 -0.035 0.103
0.031 -0.037 0.103
0.029 -0.031 0.101
0.031 -0.039 0.105
0.025 -0.029 0.101
0.023 -0.029 0.103
0.023 -0.029 0.103
0.023 -0.029 0.103
0.031 -0.029 0.105
0.025 -0.027 0.105
0.021 -0.025 0.101
0.023 -0.023 0.105
0.029 -0.019 0.105
0.029 -0.041 0.103
0.031 -0.037 0.103
0.035 -0.043 0.105
0.031 -0.043 0.105
0.033 -0.043 0.105
0.033 -0.041 0.105
0.031 -0.035 0.103
0.035 -0.039 0.105
0.033 -0.043 0.105
0.037 -0.041 0.105
0.035 -0.037 0.107
0.035 -0.037 0.107
0.021 -0.031 0.097
0.027 -0.029 0.103
0.017 -0.017 0.105
0.019 -0.017 0.105
0.031 -0.029 0.105
0.031 -0.027 0.105
0.021 -0.021 0.105
0.021 -0.017 0.105
0.015 -0.017 0.105
0.015 -0.009 0.109
0.015 -0.015 0.107
0.013 -0.011 0.109
0.015 -0.009 0.109
0.015 -0.011 0.109
0.015 -0.011 0.109
0.021 -0.009 0.107
0.023 -0.011 0.111
0.023 -0.009 0.111
0.023 -0.007 0.111
0.025 -0.015 0.105
0.025 -0.011 0.109
0.019 -0.005 0.109
0.021 -0.007 0.107
0.023 -0.007 0.115
0.029 -0.033 0.101
0.033 -0.029 0.103
0.031 -0.029 0.105
0.029 -0.025 0.105
0.031 -0.025 0.105
0.037 -0.023 0.103
0.033 -0.021 0.105
0.031 -0.015 0.105
0.035 -0.009 0.103
0.027 -0.013 0.107
0.027 -0.011 0.109
0.027 -0.013 0.107
0.025 -0.011 0.111
0.033 -0.007 0.105
-0.027 0.011 0.033
-0.021 0.003 0.045
-0.019 0.003 0.041
-0.019 0.003 0.047
-0.033 0.013 0.043
-0.031 0.007 0.053
-0.031 0.005 0.055
-0.035 0.019 0.051
-0.035 0.013 0.039
-0.037 0.015 0.041
-0.037 0.015 0.043
-0.041 0.019 0.043
-0.039 0.019 0.047
-0.039 0.019 0.049
-0.041 0.023 0.047
-0.037 0.021 0.055
-0.025 0.003 0.035
-0.027 0.003 0.043
-0.021 0.003 0.037
-0.023 0.003 0.037
-0.021 0.003 0.041
-0.019 0.003 0.041
-0.025 0.009 0.037
-0.031 0.011 0.037
-0.029 0.005 0.045
-0.027 0.003 0.043
-0.029 0.005 0.047
-0.029 0.003 0.051
-0.029 0.003 0.053
-0.029 0.003 0.051
-0.029 0.003 0.055
-0.029 0.003 0.053
-0.017 0.003 0.047
-0.031 0.011 0.041
-0.027 0.003 0.055
-0.029 0.005 0.059
-0.015 -0.001 0.037
-0.019 0.003 0.041
-0.013 0.003 0.043
-0.011 0.003 0.043
-0.017 0.005 0.041
-0.011 0.003 0.045
-0.009 0.005 0.047
-0.011 0.005 0.047
-0.015 0.003 0.047
-0.005 0.007 0.047
-0.033 0.013 0.041
-0.029 0.003 0.053
-0.027 0.003 0.053
-0.027 0.003 0.055
-0.035 0.017 0.049
-0.035 0.019 0.051
-0.027 0.021 0.049
-0.029 0.017 0.047
-0.029 0.005 0.061
-0.027 0.009 0.063
-0.035 0.021 0.055
-0.033 0.021 0.055
-0.027 0.013 0.057
-0.029 0.005 0.061
-0.013 0.013 0.051
-0.019 0.009 0.065
-0.017 0.011 0.063
-0.017 0.029 0.043
-0.015 0.031 0.043
-0.031 0.005 0.053
-0.031 0.005 0.055
-0.019 0.005 0.051
-0.031 0.007 0.057
-0.025 0.005 0.059
-0.023 0.005 0.059
-0.023 0.007 0.061
-0.031 0.009 0.057
-0.029 0.007 0.061
-0.027 0.009 0.063
-0.021 0.007 0.061
-0.011 0.013 0.055
-0.007 0.009 0.049
-0.005 0.011 0.055
-0.017 0.011 0.067
-0.029 0.023 0.055
-0.031 0.023 0.059
-0.023 0.011 0.067
-0.029 0.025 0.059
-0.029 0.025 0.061
-0.029 0.027 0.065
-0.019 0.023 0.063
-0.021 0.029 0.061
-0.021 0.023 0.069
-0.025 0.029 0.065
-0.021 0.013 0.069
-0.019 0.019 0.065
-0.019 0.021 0.065
-0.019 0.013 0.073
-0.013 0.017 0.073
-0.005 0.017 0.065
-0.019 0.019 0.073
-0.013 0.015 0.083
-0.039 0.027 0.057
-0.029 0.021 0.051
-0.027 0.023 0.051
-0.027 0.013 0.061
-0.027 0.009 0.063
-0.017 0.023 0.055
-0.035 0.025 0.061
-0.035 0.027 0.061
-0.017 0.017 0.077
-0.017 0.019 0.081
-0.023 0.011 0.067
-0.021 0.011 0.069
-0.017 0.011 0.071
-0.003 0.003 0.073
-0.005 0.005 0.077
-0.005 0.007 0.077
-0.003 0.003 0.075
-0.001 0.001 0.077
-0.021 0.023 0.067
-0.019 0.019 0.071
-0.025 0.029 0.069
-0.019 0.019 0.079
-0.017 0.019 0.081
-0.027 0.031 0.073
-0.005 0.017 0.065
-0.009 0.011 0.079
-0.011 0.013 0.079
-0.009 0.011 0.081
-0.009 0.011 0.085
-0.009 0.011 0.087
-0.011 0.015 0.089
-0.013 0.017 0.089
-0.011 0.019 0.091
-0.003 0.007 0.085
-0.005 0.007 0.085
-0.005 0.007 0.085
-0.001 0.011 0.091
-0.017 0.019 0.085
-0.017 0.021 0.085
-0.015 0.017 0.085
-0.015 0.023 0.089
-0.007 0.021 0.093
-0.015 0.021 0.089
-0.013 0.023 0.089
-0.003 0.017 0.093
-0.033 0.037 0.085
-0.035 0.039 0.085
-0.035 0.043 0.087
-0.027 0.035 0.077
-0.025 0.031 0.073
-0.021 0.031 0.075
-0.029 0.035 0.077
-0.029 0.035 0.079
-0.031 0.035 0.081
-0.021 0.029 0.079
-0.021 0.033 0.081
-0.025 0.033 0.087
-0.033 0.037 0.081
-0.035 0.039 0.085
-0.027 0.033 0.087
-0.021 0.023 0.079
-0.017 0.019 0.083
-0.017 0.025 0.085
-0.019 0.027 0.083
-0.017 0.027 0.087
-0.027 0.033 0.085
-0.029 0.035 0.087
-0.019 0.033 0.085
-0.025 0.033 0.087
-0.023 0.037 0.085
-0.035 0.039 0.087
-0.029 0.035 0.087
-0.031 0.037 0.089
-0.013 0.029 0.091
-0.011 0.027 0.093
0.013 -0.015 0.055
-0.005 0.007 0.047
-0.001 -0.001 0.057
0.003 -0.007 0.059
0.009 -0.011 0.057
0.011 -0.011 0.057
0.011 -0.009 0.059
0.017 -0.009 0.059
0.017 -0.009 0.059
0.003 -0.005 0.067
-0.001 0.011 0.049
-0.005 0.013 0.059
-0.005 0.015 0.061
-0.005 0.013 0.057
-0.003 0.013 0.059
-0.005 0.015 0.061
-0.001 0.001 0.059
0.003 0.013 0.051
-0.001 -0.001 0.067
0.001 0.013 0.055
-0.001 -0.001 0.069
0.001 -0.003 0.069
-0.001 0.001 0.067
-0.003 0.005 0.071
-0.003 0.003 0.077
0.003 -0.001 0.077
0.009 -0.005 0.071
0.009 -0.001 0.077
-0.001 0.013 0.057
-0.005 0.017 0.065
-0.003 0.019 0.067
-0.009 0.017 0.069
-0.007 0.009 0.077
0.017 -0.013 0.055
0.019 -0.013 0.057
0.019 -0.013 0.057
-0.009 0.013 0.059
-0.009 0.013 0.059
-0.011 0.015 0.061
-0.017 0.011 0.067
-0.005 0.005 0.077
0.001 0.003 0.083
0.001 -0.001 0.077
0.007 0.001 0.081
0.009 0.005 0.087
0.015 -0.001 0.073
0.013 -0.001 0.075
0.005 0.001 0.081
0.009 0.001 0.081
0.009 0.003 0.083
-0.003 0.005 0.083
-0.001 0.011 0.091
-0.009 0.013 0.089
-0.005 0.017 0.091
0.009 0.005 0.087
0.007 0.007 0.089
0.007 0.007 0.089
0.007 0.011 0.091
0.013 -0.011 0.101
0.013 -0.011 0.109
0.015 -0.015 0.107
-0.001 0.017 0.095
0.005 0.011 0.093
0.005 0.011 0.093
0.003 0.015 0.095
0.021 -0.007 0.107
0.019 -0.005 0.109
0.019 -0.005 0.109
0.017 0.001 0.109
0.019 0.007 0.111
0.015 0.007 0.113
0.017 0.011 0.113
