-0.005 -0.011 0.039
-0.015 -0.007 0.037
-0.013 -0.005 0.039
-0.025 0.009 0.065
-0.023 0.007 0.061
-0.013 -0.007 0.037
-0.001 -0.001 0.067
0.007 -0.033 0.045
0.007 -0.033 0.045
0.005 -0.027 0.045
0.003 -0.013 0.051
0.003 -0.011 0.051
0.011 -0.021 0.053
0.013 -0.021 0.053
0.015 -0.021 0.055
0.001 -0.003 0.055
-0.001 0.003 0.079
-0.009 0.011 0.087
0.007 -0.037 0.045
0.007 -0.041 0.043
0.009 -0.041 0.043
0.003 -0.031 0.037
0.005 -0.033 0.039
0.005 -0.033 0.041
0.007 -0.037 0.045
0.007 -0.041 0.043
0.009 -0.041 0.043
0.007 -0.039 0.043
0.007 -0.035 0.043
0.009 -0.027 0.049
0.013 -0.025 0.055
0.013 -0.025 0.055
0.015 -0.029 0.057
0.015 -0.029 0.057
0.019 -0.029 0.061
0.015 -0.027 0.057
0.019 -0.027 0.061
0.015 -0.035 0.045
0.017 -0.033 0.055
0.017 -0.033 0.051
0.021 -0.033 0.059
0.025 -0.035 0.059
0.021 -0.031 0.061
0.027 -0.037 0.059
0.025 -0.035 0.061
0.017 -0.021 0.069
0.019 -0.025 0.067
0.019 -0.027 0.067
0.017 -0.021 0.087
0.015 -0.017 0.089
0.017 -0.025 0.085
0.005 -0.027 0.043
0.005 -0.027 0.045
0.003 -0.023 0.041
0.005 -0.027 0.045
0.005 -0.023 0.045
0.007 -0.023 0.049
0.001 -0.015 0.043
0.001 -0.013 0.047
0.005 -0.017 0.045
0.007 -0.029 0.045
0.007 -0.025 0.049
0.001 -0.017 0.041
0.003 -0.017 0.043
0.005 -0.017 0.045
0.009 -0.025 0.051
0.011 -0.023 0.053
0.009 -0.021 0.051
0.011 -0.013 0.055
0.001 -0.007 0.047
0.001 -0.003 0.049
0.001 -0.013 0.049
0.001 -0.007 0.045
0.001 -0.005 0.049
0.001 -0.003 0.049
0.001 -0.001 0.049
-0.001 -0.001 0.067
-0.011 0.015 0.089
-0.003 0.015 0.091
-0.003 0.013 0.091
0.011 -0.027 0.053
0.011 -0.029 0.053
0.011 -0.021 0.053
0.009 -0.019 0.051
0.011 -0.019 0.053
0.009 -0.017 0.053
0.009 -0.017 0.053
0.015 -0.019 0.055
0.001 -0.009 0.051
0.007 -0.013 0.055
0.011 -0.015 0.055
0.001 -0.005 0.055
0.007 -0.007 0.065
0.001 -0.003 0.065
0.003 -0.005 0.063
-0.001 -0.001 0.063
0.003 -0.005 0.067
-0.001 -0.001 0.067
0.021 -0.011 0.057
0.015 -0.001 0.077
0.001 0.007 0.089
0.001 0.011 0.091
0.001 0.013 0.091
0.001 0.007 0.089
0.019 -0.017 0.063
0.015 -0.013 0.079
0.009 -0.005 0.091
0.009 -0.005 0.089
0.021 -0.015 0.059
0.021 -0.013 0.059
0.009 -0.005 0.071
0.009 -0.001 0.089
0.009 -0.001 0.089
0.009 -0.003 0.091
0.009 0.001 0.095
0.009 0.001 0.097
-0.001 0.013 0.091
-0.001 0.015 0.093
-0.001 0.015 0.093
0.005 0.009 0.091
0.013 -0.011 0.099
0.009 -0.003 0.103
0.009 -0.003 0.103
0.013 -0.011 0.103
0.009 -0.001 0.103
0.011 -0.003 0.103
0.007 0.001 0.095
0.009 0.001 0.097
0.017 -0.001 0.089
0.009 0.001 0.101
0.017 -0.001 0.091
0.017 0.001 0.087
0.027 -0.043 0.087
0.027 -0.041 0.087
0.021 -0.033 0.085
0.023 -0.033 0.087
0.019 -0.025 0.099
0.027 -0.039 0.089
0.021 -0.029 0.097
0.029 -0.043 0.089
0.023 -0.033 0.099
0.023 -0.035 0.099
0.029 -0.041 0.103
0.025 -0.025 0.105
0.025 -0.025 0.105
0.025 -0.023 0.105
0.027 -0.029 0.103
0.025 -0.037 0.101
0.025 -0.037 0.101
0.029 -0.035 0.101
0.025 -0.033 0.099
0.027 -0.025 0.105
0.033 -0.033 0.105
0.023 -0.029 0.071
0.023 -0.027 0.073
0.017 -0.021 0.073
0.015 -0.015 0.075
0.013 -0.013 0.101
0.017 -0.021 0.073
0.015 -0.017 0.087
0.013 -0.009 0.103
0.013 -0.015 0.095
0.013 -0.011 0.103
0.013 -0.009 0.103
0.001 -0.001 0.077
0.007 -0.001 0.079
0.007 -0.001 0.079
0.015 -0.013 0.079
0.001 -0.001 0.077
0.013 0.001 0.081
0.015 -0.013 0.075
0.009 -0.005 0.089
0.009 -0.001 0.089
0.015 -0.011 0.077
0.003 0.007 0.089
0.011 -0.007 0.089
0.013 -0.005 0.103
0.015 -0.007 0.103
0.017 -0.005 0.097
0.017 0.001 0.087
0.007 -0.001 0.095
0.021 -0.031 0.087
0.019 -0.025 0.091
0.019 -0.025 0.099
0.015 -0.017 0.089
0.013 -0.013 0.107
0.021 -0.029 0.097
0.019 -0.023 0.101
0.021 -0.023 0.103
0.019 -0.021 0.103
0.017 -0.019 0.099
0.015 -0.017 0.105
0.015 -0.015 0.099
0.019 -0.017 0.105
0.011 -0.011 0.091
0.011 -0.007 0.089
0.009 -0.003 0.095
0.007 0.001 0.095
0.011 -0.011 0.093
0.013 -0.013 0.097
0.011 -0.009 0.099
0.007 -0.001 0.095
0.009 0.001 0.097
0.009 0.001 0.103
0.015 0.007 0.113
0.015 -0.017 0.099
0.013 -0.009 0.103
0.011 -0.003 0.103
0.013 -0.007 0.103
0.013 -0.005 0.103
0.023 -0.023 0.105
0.025 -0.021 0.105
0.021 -0.017 0.105
0.021 -0.009 0.107
0.027 -0.027 0.105
0.031 -0.023 0.105
0.031 -0.023 0.105
0.033 -0.021 0.105
0.031 -0.019 0.105
0.025 -0.011 0.111
0.021 -0.007 0.103
0.019 -0.003 0.105
0.019 -0.003 0.109
0.023 -0.005 0.113
0.023 -0.001 0.109
0.025 -0.037 0.101
0.027 -0.037 0.101
0.027 -0.035 0.101
0.031 -0.035 0.105
0.037 -0.035 0.107
0.033 -0.043 0.105
0.037 -0.041 0.105
0.035 -0.037 0.107
0.021 -0.029 0.097
0.021 -0.027 0.099
0.021 -0.025 0.101
0.023 -0.025 0.105
0.025 -0.027 0.105
0.017 -0.021 0.099
0.021 -0.023 0.103
0.015 -0.015 0.107
0.031 -0.027 0.105
0.023 -0.023 0.105
0.021 -0.021 0.105
0.019 -0.017 0.105
0.031 -0.023 0.105
0.015 -0.015 0.103
0.009 -0.001 0.103
0.011 -0.007 0.103
0.009 -0.003 0.103
0.013 -0.011 0.109
0.015 -0.009 0.107
0.023 -0.007 0.113
0.017 -0.005 0.099
0.017 -0.001 0.109
0.017 -0.015 0.107
0.017 -0.013 0.107
0.023 -0.009 0.113
0.023 -0.007 0.115
0.023 -0.007 0.115
0.019 -0.005 0.107
0.019 -0.003 0.109
0.023 -0.007 0.111
0.031 -0.003 0.107
0.031 -0.003 0.107
0.023 -0.009 0.113
0.029 -0.027 0.105
0.033 -0.025 0.105
0.031 -0.017 0.105
0.033 -0.015 0.105
0.031 -0.023 0.105
0.025 -0.007 0.115
0.031 -0.015 0.105
0.025 -0.005 0.115
0.025 -0.005 0.115
0.023 -0.005 0.115
0.029 -0.005 0.103
0.033 -0.001 0.109
-0.037 0.021 0.055
-0.023 0.013 0.047
-0.039 0.021 0.053
-0.039 0.027 0.057
-0.037 0.027 0.061
-0.039 0.029 0.057
-0.037 0.015 0.045
-0.039 0.017 0.045
-0.033 0.015 0.047
-0.041 0.021 0.049
-0.041 0.023 0.051
-0.041 0.021 0.049
-0.035 0.021 0.055
-0.041 0.027 0.053
-0.029 0.011 0.059
-0.029 0.011 0.043
-0.029 0.011 0.051
-0.027 0.011 0.043
-0.031 0.009 0.053
-0.029 0.007 0.061
-0.029 0.009 0.061
-0.027 0.013 0.045
-0.027 0.011 0.053
-0.025 0.013 0.045
-0.021 0.011 0.071
-0.021 0.013 0.047
-0.025 0.009 0.065
-0.019 0.013 0.069
-0.019 0.013 0.071
-0.015 0.013 0.049
-0.009 0.011 0.053
-0.017 0.017 0.079
-0.041 0.027 0.053
-0.031 0.029 0.067
-0.033 0.035 0.065
-0.031 0.035 0.067
-0.021 0.019 0.047
-0.031 0.027 0.065
-0.023 0.017 0.045
-0.029 0.025 0.061
-0.027 0.029 0.069
-0.037 0.031 0.061
-0.035 0.031 0.063
-0.035 0.029 0.063
-0.035 0.033 0.063
-0.029 0.027 0.065
-0.019 0.019 0.047
-0.029 0.041 0.085
-0.029 0.039 0.087
-0.027 0.039 0.087
-0.029 0.005 0.059
-0.027 0.007 0.061
-0.023 0.011 0.067
-0.027 0.013 0.055
-0.031 0.009 0.055
-0.025 0.013 0.061
-0.025 0.011 0.065
-0.025 0.011 0.063
-0.025 0.013 0.063
-0.023 0.009 0.065
-0.019 0.019 0.075
-0.017 0.023 0.085
-0.017 0.023 0.087
-0.017 0.023 0.051
-0.035 0.029 0.063
-0.033 0.027 0.063
-0.025 0.029 0.069
-0.031 0.031 0.067
-0.027 0.031 0.073
-0.031 0.035 0.081
-0.031 0.037 0.089
-0.017 0.019 0.057
-0.021 0.023 0.069
-0.027 0.031 0.073
-0.027 0.031 0.073
-0.029 0.035 0.087
-0.017 0.035 0.081
-0.019 0.023 0.083
-0.013 0.035 0.083
-0.035 0.035 0.057
-0.037 0.033 0.059
-0.035 0.035 0.059
-0.035 0.033 0.063
-0.031 0.035 0.053
-0.037 0.043 0.081
-0.031 0.043 0.079
-0.033 0.043 0.085
-0.035 0.043 0.087
-0.029 0.041 0.083
-0.033 0.035 0.061
-0.037 0.041 0.087
-0.025 0.039 0.085
-0.023 0.013 0.067
-0.013 0.015 0.087
-0.011 0.013 0.085
-0.013 0.019 0.089
-0.011 0.015 0.089
-0.029 0.027 0.065
-0.031 0.031 0.067
-0.027 0.031 0.073
-0.025 0.031 0.073
-0.029 0.035 0.087
-0.019 0.021 0.083
-0.021 0.025 0.079
-0.007 0.031 0.089
-0.001 0.005 0.085
-0.005 0.009 0.087
-0.009 0.011 0.083
-0.011 0.013 0.087
-0.007 0.011 0.089
-0.007 0.009 0.087
-0.009 0.015 0.091
-0.003 0.011 0.091
-0.001 0.015 0.093
-0.017 0.019 0.083
-0.019 0.025 0.083
-0.017 0.031 0.085
-0.017 0.025 0.087
-0.015 0.017 0.087
-0.005 0.031 0.087
-0.007 0.031 0.089
-0.003 0.031 0.087
-0.013 0.017 0.089
-0.001 0.019 0.095
-0.007 0.023 0.095
-0.015 0.029 0.089
-0.013 0.029 0.091
-0.011 0.029 0.093
-0.003 0.027 0.091
-0.033 0.033 0.067
-0.035 0.043 0.085
-0.037 0.043 0.081
-0.035 0.041 0.087
-0.037 0.041 0.087
-0.037 0.041 0.087
-0.035 0.041 0.087
-0.027 0.039 0.087
-0.031 0.039 0.087
-0.035 0.039 0.087
-0.031 0.035 0.087
-0.023 0.037 0.085
-0.013 0.035 0.081
-0.013 0.035 0.079
-0.013 0.035 0.083
-0.033 0.039 0.087
-0.031 0.037 0.089
-0.019 0.035 0.081
-0.025 0.037 0.085
-0.027 0.041 0.083
-0.015 0.033 0.087
-0.005 0.019 0.093
-0.019 0.027 0.083
-0.015 0.015 0.081
-0.017 0.027 0.087
-0.009 0.019 0.091
-0.009 0.021 0.091
-0.007 0.021 0.093
-0.003 0.015 0.091
-0.019 0.029 0.083
-0.023 0.037 0.085
-0.009 0.035 0.061
-0.023 0.039 0.083
-0.015 0.035 0.073
-0.017 0.029 0.085
-0.017 0.033 0.087
-0.017 0.035 0.081
-0.015 0.035 0.075
-0.013 0.037 0.071
-0.017 0.035 0.081
-0.015 0.033 0.085
0.001 0.005 0.055
-0.015 0.019 0.087
-0.013 0.019 0.089
-0.009 0.021 0.091
-0.013 0.015 0.087
-0.011 0.021 0.091
-0.009 0.023 0.093
-0.007 0.023 0.095
-0.005 0.021 0.095
-0.005 0.021 0.095
-0.007 0.021 0.093
-0.005 0.021 0.095
-0.005 0.021 0.095
-0.015 0.027 0.089
-0.017 0.025 0.087
-0.015 0.029 0.089
-0.017 0.033 0.087
-0.015 0.033 0.087
-0.003 0.019 0.095
0.005 0.037 0.037
-0.001 0.033 0.043
0.005 0.033 0.041
-0.011 0.023 0.091
-0.011 0.021 0.091
-0.009 0.021 0.091
-0.003 0.021 0.095
0.005 0.005 0.087
0.009 0.005 0.087
0.001 0.019 0.095
0.003 0.009 0.089
0.001 0.011 0.091
0.003 0.011 0.091
0.001 0.015 0.095
0.005 0.009 0.091
0.017 0.001 0.083
-0.009 0.023 0.093
-0.007 0.025 0.095
-0.005 0.023 0.095
-0.001 0.023 0.093
-0.011 0.027 0.093
-0.007 0.027 0.093
-0.001 0.025 0.091
-0.003 0.023 0.095
-0.001 0.021 0.095
-0.003 0.023 0.095
0.001 0.025 0.091
-0.007 0.029 0.091
0.003 0.007 0.089
0.011 0.007 0.089
0.003 0.013 0.093
0.005 0.009 0.091
0.017 0.001 0.087
0.025 0.003 0.093
0.025 0.007 0.095
0.025 0.003 0.091
0.015 0.009 0.113
0.013 0.011 0.113
0.015 0.009 0.113
0.001 0.025 0.091
0.003 0.019 0.091
0.007 0.019 0.089
0.015 0.005 0.111
0.017 0.001 0.109
0.015 0.013 0.113
