0.019 -0.037 0.033
0.019 -0.035 0.033
0.017 -0.039 0.037
0.021 -0.035 0.041
0.029 -0.029 0.031
0.033 -0.031 0.033
0.035 -0.025 0.033
0.031 -0.017 0.031
0.009 -0.039 0.045
0.017 -0.037 0.043
0.011 -0.037 0.045
0.017 -0.035 0.045
0.023 -0.037 0.041
0.019 -0.035 0.047
0.027 -0.037 0.041
0.017 -0.033 0.051
0.017 -0.033 0.053
0.023 -0.037 0.053
0.035 -0.035 0.039
0.037 -0.035 0.047
0.039 -0.035 0.051
0.035 -0.035 0.061
0.017 -0.039 0.039
0.021 -0.033 0.035
0.015 -0.039 0.041
0.017 -0.039 0.041
0.017 -0.035 0.045
0.019 -0.037 0.043
0.023 -0.037 0.047
0.019 -0.033 0.033
0.021 -0.031 0.033
0.033 -0.031 0.033
0.025 -0.035 0.035
0.021 -0.033 0.035
0.023 -0.035 0.037
0.025 -0.035 0.035
0.029 -0.037 0.039
0.033 -0.033 0.035
0.031 -0.037 0.039
0.035 -0.031 0.035
0.035 -0.031 0.035
0.037 -0.029 0.035
0.025 -0.037 0.051
0.027 -0.037 0.051
0.025 -0.037 0.055
0.033 -0.037 0.055
0.027 -0.037 0.057
0.035 -0.033 0.063
0.037 -0.035 0.059
0.039 -0.033 0.055
0.041 -0.029 0.051
0.041 -0.031 0.055
0.041 -0.027 0.051
0.041 -0.025 0.053
0.039 -0.033 0.057
0.039 -0.031 0.057
0.035 -0.029 0.033
0.035 -0.025 0.033
0.041 -0.027 0.037
0.035 -0.025 0.033
0.035 -0.023 0.033
0.047 -0.025 0.039
0.047 -0.023 0.041
0.045 -0.023 0.041
0.041 -0.025 0.047
0.049 -0.025 0.037
0.047 -0.023 0.041
0.051 -0.019 0.037
0.039 -0.033 0.055
0.041 -0.021 0.055
0.039 -0.031 0.063
0.043 -0.019 0.051
0.041 -0.023 0.053
0.031 -0.033 0.065
0.027 -0.047 0.085
0.033 -0.049 0.085
0.037 -0.047 0.087
0.035 -0.047 0.087
0.043 -0.039 0.083
0.039 -0.049 0.091
0.041 -0.045 0.087
0.041 -0.039 0.089
0.041 -0.037 0.095
0.025 -0.031 0.069
0.027 -0.029 0.071
0.027 -0.029 0.073
0.031 -0.027 0.073
0.023 -0.025 0.075
0.035 -0.031 0.067
0.035 -0.031 0.067
0.033 -0.031 0.069
0.035 -0.029 0.069
0.027 -0.023 0.077
0.029 -0.029 0.073
0.021 -0.023 0.075
0.037 -0.031 0.065
0.035 -0.025 0.071
0.033 -0.043 0.083
0.043 -0.037 0.083
0.039 -0.045 0.091
0.041 -0.043 0.089
0.037 -0.027 0.087
0.033 -0.023 0.093
0.039 -0.033 0.093
0.037 -0.033 0.093
0.037 -0.011 0.095
0.033 -0.029 0.071
0.033 -0.025 0.073
0.037 -0.025 0.087
0.039 -0.033 0.093
0.041 -0.037 0.095
0.037 -0.021 0.089
0.043 -0.029 0.095
0.041 -0.025 0.093
0.039 -0.039 0.099
0.043 -0.039 0.099
0.041 -0.039 0.105
0.033 -0.039 0.099
0.043 -0.041 0.103
0.039 -0.041 0.103
0.043 -0.041 0.103
0.043 -0.041 0.101
0.031 -0.029 0.095
0.033 -0.033 0.097
0.033 -0.033 0.097
0.039 -0.041 0.105
0.043 -0.031 0.095
0.043 -0.031 0.095
0.039 -0.023 0.101
0.037 -0.017 0.099
0.037 -0.017 0.099
0.043 -0.041 0.101
0.043 -0.037 0.103
0.037 -0.025 0.103
0.027 -0.013 0.107
0.027 -0.011 0.107
0.043 -0.035 0.095
0.037 -0.025 0.103
0.039 -0.023 0.101
0.035 -0.015 0.105
0.019 -0.037 0.037
0.019 -0.037 0.037
0.019 -0.035 0.035
0.025 -0.035 0.035
0.027 -0.035 0.037
0.033 -0.035 0.037
0.017 -0.039 0.037
0.007 -0.031 0.047
0.009 -0.031 0.047
0.015 -0.039 0.043
-0.021 0.005 0.057
-0.019 0.009 0.061
0.019 -0.037 0.037
0.015 -0.039 0.041
0.011 -0.037 0.045
0.009 -0.031 0.047
0.013 -0.035 0.045
0.019 -0.035 0.047
0.019 -0.037 0.037
0.019 -0.037 0.041
0.031 -0.037 0.041
0.029 -0.037 0.039
0.033 -0.035 0.037
0.025 -0.037 0.041
0.035 -0.037 0.045
0.029 -0.039 0.049
0.039 -0.031 0.039
-0.029 0.003 0.051
-0.027 0.003 0.055
-0.025 0.003 0.051
-0.023 0.005 0.061
0.033 -0.037 0.053
0.031 -0.037 0.057
0.031 -0.037 0.059
0.031 -0.035 0.061
0.033 -0.035 0.063
0.023 -0.037 0.053
0.025 -0.037 0.055
0.033 -0.037 0.057
0.029 -0.035 0.061
0.033 -0.035 0.061
0.029 -0.035 0.063
0.033 -0.035 0.063
0.041 -0.031 0.053
0.037 -0.035 0.057
0.041 -0.027 0.057
0.041 -0.027 0.059
0.041 -0.025 0.059
0.039 -0.027 0.063
0.033 -0.037 0.043
0.031 -0.035 0.061
0.033 -0.035 0.063
0.035 -0.033 0.063
-0.021 0.009 0.067
0.029 -0.031 0.069
0.023 -0.023 0.077
0.025 -0.029 0.071
0.027 -0.029 0.071
0.029 -0.029 0.071
0.035 -0.029 0.069
0.037 -0.025 0.069
0.029 -0.029 0.071
0.033 -0.017 0.075
-0.003 0.005 0.083
-0.003 0.005 0.081
0.037 -0.041 0.083
0.039 -0.025 0.083
0.035 -0.023 0.089
0.017 -0.019 0.077
0.033 -0.031 0.069
0.033 -0.031 0.069
0.029 -0.029 0.071
0.021 -0.023 0.075
0.021 -0.023 0.077
0.033 -0.025 0.073
0.037 -0.031 0.065
0.037 -0.029 0.065
0.037 -0.021 0.069
0.035 -0.021 0.073
0.035 -0.041 0.083
0.037 -0.035 0.045
0.039 -0.035 0.049
0.037 -0.035 0.047
0.041 -0.031 0.049
0.045 -0.027 0.037
0.039 -0.023 0.041
0.039 -0.019 0.043
0.041 -0.021 0.049
0.041 -0.015 0.043
0.041 -0.017 0.045
0.045 -0.023 0.041
0.045 -0.023 0.041
0.041 -0.027 0.049
0.041 -0.017 0.045
0.041 -0.027 0.049
0.039 -0.033 0.051
0.039 -0.033 0.055
0.041 -0.025 0.059
0.039 -0.025 0.063
0.041 -0.023 0.057
0.041 -0.021 0.049
0.043 -0.019 0.051
0.041 -0.027 0.057
0.041 -0.025 0.057
0.039 -0.021 0.063
0.041 -0.027 0.055
0.041 -0.025 0.055
0.041 -0.027 0.059
0.047 -0.023 0.041
0.047 -0.023 0.041
0.037 -0.021 0.067
0.037 -0.019 0.067
0.035 -0.019 0.071
0.033 -0.011 0.077
0.021 -0.021 0.079
0.031 -0.017 0.079
0.039 -0.027 0.083
0.043 -0.039 0.085
0.043 -0.037 0.085
0.039 -0.027 0.085
0.041 -0.037 0.089
0.039 -0.025 0.085
0.037 -0.011 0.095
-0.003 -0.019 0.031
-0.003 -0.019 0.031
-0.003 -0.019 0.035
-0.003 -0.019 0.035
-0.017 -0.005 0.037
-0.005 -0.013 0.035
-0.005 -0.013 0.035
-0.003 -0.013 0.039
-0.013 -0.009 0.035
-0.013 -0.007 0.037
-0.003 -0.013 0.041
0.003 -0.027 0.041
0.005 -0.025 0.043
0.007 -0.037 0.037
0.007 -0.037 0.037
0.005 -0.033 0.039
0.009 -0.039 0.033
0.007 -0.035 0.045
0.007 -0.033 0.045
0.009 -0.039 0.045
0.017 -0.033 0.051
0.021 -0.035 0.053
0.021 -0.033 0.057
0.017 -0.037 0.043
-0.001 -0.021 0.037
0.005 -0.031 0.043
0.003 -0.025 0.041
0.005 -0.029 0.039
-0.003 -0.009 0.041
0.001 -0.013 0.045
-0.001 -0.009 0.043
0.005 -0.021 0.045
0.003 -0.015 0.043
0.005 -0.015 0.045
0.003 -0.007 0.057
0.009 -0.027 0.049
0.009 -0.027 0.049
0.009 -0.027 0.051
0.007 -0.019 0.049
0.013 -0.025 0.055
0.019 -0.027 0.063
-0.001 -0.001 0.063
0.015 -0.015 0.055
0.019 -0.017 0.057
0.021 -0.015 0.057
0.021 -0.013 0.065
0.007 -0.037 0.045
0.007 -0.033 0.045
0.019 -0.035 0.047
0.013 -0.031 0.049
0.009 -0.027 0.051
0.011 -0.023 0.053
0.013 -0.031 0.051
0.011 -0.027 0.053
0.003 -0.011 0.051
0.011 -0.019 0.053
0.019 -0.023 0.065
0.019 -0.017 0.057
0.017 -0.021 0.057
0.027 -0.043 0.087
0.023 -0.035 0.085
0.025 -0.039 0.085
0.027 -0.041 0.087
0.027 -0.039 0.089
0.029 -0.045 0.089
0.029 -0.039 0.089
0.029 -0.045 0.087
0.025 -0.039 0.085
0.027 -0.039 0.089
0.025 -0.041 0.085
0.029 -0.041 0.089
0.035 -0.047 0.091
0.033 -0.041 0.091
0.033 -0.041 0.091
0.023 -0.037 0.099
0.033 -0.041 0.091
0.027 -0.029 0.073
0.027 -0.023 0.077
0.003 -0.005 0.067
0.015 -0.001 0.077
0.017 -0.013 0.071
0.009 -0.003 0.073
0.017 -0.005 0.077
0.013 -0.011 0.085
0.015 -0.007 0.083
0.021 -0.029 0.087
0.021 -0.031 0.097
0.019 -0.027 0.095
0.021 -0.031 0.097
0.021 -0.031 0.097
0.019 -0.021 0.093
0.015 -0.013 0.081
0.015 -0.015 0.085
0.011 -0.005 0.087
0.009 -0.005 0.089
0.029 -0.033 0.067
0.017 -0.017 0.073
0.021 -0.031 0.097
0.023 -0.029 0.099
0.023 -0.035 0.099
0.017 -0.019 0.097
0.029 -0.043 0.103
0.023 -0.037 0.099
0.025 -0.039 0.101
0.029 -0.043 0.103
0.031 -0.035 0.105
0.029 -0.041 0.103
0.035 -0.043 0.105
0.033 -0.037 0.107
0.019 -0.025 0.097
0.019 -0.021 0.103
0.011 -0.009 0.101
0.011 -0.007 0.099
0.013 -0.009 0.103
0.011 -0.007 0.101
0.015 -0.011 0.107
0.015 -0.009 0.105
0.023 -0.011 0.111
0.029 -0.017 0.105
0.023 -0.007 0.113
0.029 -0.033 0.101
0.015 -0.015 0.103
0.015 -0.015 0.105
0.011 -0.007 0.103
0.023 -0.013 0.107
0.023 -0.011 0.109
-0.025 0.003 0.039
-0.027 0.009 0.039
-0.037 0.015 0.039
-0.039 0.021 0.037
-0.035 0.013 0.043
-0.035 0.013 0.037
-0.037 0.015 0.041
-0.035 0.013 0.041
-0.041 0.021 0.041
-0.039 0.019 0.049
-0.037 0.027 0.061
-0.021 0.001 0.033
-0.025 0.003 0.041
-0.025 0.003 0.047
-0.033 0.013 0.045
-0.029 0.005 0.045
-0.029 0.007 0.047
-0.031 0.005 0.051
-0.031 0.005 0.053
-0.013 0.003 0.039
-0.025 0.009 0.041
-0.027 0.003 0.045
-0.019 0.003 0.047
-0.015 0.003 0.047
-0.033 0.013 0.045
-0.039 0.019 0.045
-0.041 0.021 0.049
-0.033 0.013 0.045
-0.037 0.019 0.051
-0.031 0.017 0.049
-0.025 0.015 0.045
-0.031 0.009 0.049
-0.029 0.009 0.061
-0.029 0.005 0.057
-0.027 0.005 0.059
-0.003 0.013 0.059
-0.017 0.019 0.057
-0.017 0.023 0.051
-0.021 0.011 0.069
-0.027 0.027 0.063
-0.017 0.017 0.069
-0.019 0.021 0.071
-0.039 0.031 0.057
-0.041 0.021 0.049
-0.041 0.023 0.051
-0.039 0.027 0.057
-0.037 0.031 0.059
-0.033 0.031 0.065
-0.033 0.035 0.065
-0.021 0.029 0.069
-0.021 0.011 0.071
-0.019 0.019 0.069
-0.025 0.029 0.069
-0.021 0.025 0.067
-0.019 0.013 0.073
-0.011 0.013 0.083
-0.009 0.011 0.083
-0.011 0.013 0.085
-0.005 0.013 0.091
-0.017 0.025 0.087
-0.013 0.019 0.089
-0.007 0.021 0.093
-0.015 0.027 0.089
-0.011 0.025 0.093
-0.035 0.039 0.083
-0.035 0.039 0.085
-0.029 0.035 0.079
-0.031 0.035 0.083
-0.035 0.041 0.079
-0.021 0.031 0.075
-0.021 0.025 0.073
-0.021 0.025 0.073
-0.031 0.035 0.083
-0.033 0.037 0.085
-0.019 0.033 0.083
-0.001 -0.007 0.043
0.003 -0.003 0.041
0.003 0.001 0.043
0.003 0.001 0.043
0.001 -0.001 0.049
-0.025 0.003 0.055
-0.001 -0.007 0.043
0.001 -0.001 0.047
0.001 -0.001 0.053
-0.031 0.005 0.051
-0.023 0.019 0.047
-0.021 0.021 0.047
-0.019 0.021 0.047
0.001 0.005 0.053
0.001 0.005 0.055
-0.001 0.005 0.065
0.001 0.007 0.059
-0.001 -0.001 0.065
0.001 -0.003 0.069
-0.001 0.001 0.071
-0.025 0.011 0.063
-0.021 0.009 0.063
-0.025 0.009 0.065
-0.023 0.009 0.065
-0.017 0.017 0.065
-0.001 0.011 0.069
-0.001 0.013 0.069
0.003 -0.003 0.071
-0.003 0.003 0.077
-0.009 0.015 0.075
-0.009 0.011 0.087
0.005 0.003 0.083
0.003 0.005 0.085
0.009 0.001 0.081
0.011 0.005 0.087
0.001 0.005 0.087
-0.001 0.007 0.087
0.003 0.007 0.089
0.007 0.009 0.091
-0.003 0.011 0.091
0.009 -0.003 0.087
0.009 -0.003 0.101
0.009 -0.005 0.101
-0.011 0.019 0.091
0.027 0.005 0.101
0.017 -0.001 0.107
0.017 -0.001 0.109
0.019 0.001 0.111
