0.035 -0.029 0.033
0.015 -0.041 0.033
0.017 -0.039 0.035
0.019 -0.037 0.035
0.041 -0.027 0.055
0.041 -0.025 0.049
0.041 -0.045 0.085
0.029 -0.029 0.071
0.025 -0.025 0.075
0.037 -0.027 0.069
0.029 -0.023 0.077
0.031 -0.011 0.079
0.037 -0.033 0.093
0.035 -0.029 0.069
0.039 -0.029 0.081
0.027 -0.041 0.099
0.041 -0.033 0.095
0.043 -0.035 0.095
0.013 -0.041 0.041
0.025 -0.037 0.047
0.025 -0.037 0.039
0.029 -0.039 0.047
0.041 -0.029 0.043
0.039 -0.033 0.055
0.031 -0.037 0.059
0.031 -0.035 0.063
0.041 -0.025 0.045
0.041 -0.025 0.047
0.035 -0.029 0.069
0.035 -0.019 0.073
0.041 -0.045 0.085
0.043 -0.045 0.085
0.035 -0.021 0.071
0.021 -0.021 0.079
0.025 -0.021 0.079
0.027 -0.021 0.079
0.039 -0.031 0.041
0.039 -0.031 0.057
0.039 -0.027 0.065
-0.001 -0.011 0.047
-0.007 -0.003 0.039
0.027 -0.015 0.105
0.015 -0.041 0.039
0.031 -0.041 0.103
0.025 -0.039 0.101
0.039 -0.041 0.091
0.007 -0.021 0.049
0.029 -0.035 0.101
0.017 -0.023 0.097
0.027 -0.035 0.101
0.025 -0.023 0.105
0.027 -0.013 0.107
0.041 -0.027 0.059
0.043 -0.025 0.039
0.045 -0.027 0.037
0.047 -0.025 0.039
0.041 -0.031 0.099
0.047 -0.017 0.039
0.045 -0.017 0.039
0.025 -0.031 0.099
0.021 -0.025 0.103
0.021 -0.005 0.109
0.041 -0.025 0.095
0.037 -0.023 0.103
0.031 -0.035 0.105
0.037 -0.023 0.103
-0.027 0.007 0.061
-0.041 0.021 0.049
-0.037 0.015 0.045
-0.033 0.017 0.049
-0.037 0.025 0.059
-0.009 0.011 0.087
-0.027 0.025 0.055
-0.021 0.005 0.057
-0.003 0.007 0.087
0.001 0.015 0.095
-0.029 0.029 0.069
-0.027 0.029 0.069
-0.007 0.013 0.091
-0.003 0.019 0.095
0.017 -0.011 0.105
0.009 0.029 0.041
0.011 0.005 0.087
0.015 0.013 0.113
0.019 0.003 0.111
0.027 -0.001 0.101
-0.005 -0.013 0.035
-0.013 -0.005 0.039
0.001 -0.003 0.051
0.007 -0.039 0.037
0.007 -0.033 0.045
0.003 -0.025 0.041
0.003 -0.019 0.043
-0.001 -0.007 0.041
0.001 -0.003 0.061
0.015 -0.011 0.075
-0.003 0.003 0.075
0.023 -0.035 0.083
0.021 -0.027 0.091
0.015 -0.017 0.083
0.027 -0.029 0.073
0.015 -0.011 0.081
0.015 -0.015 0.103
0.009 -0.001 0.103
0.017 0.001 0.109
-0.039 0.019 0.037
-0.039 0.023 0.053
-0.037 0.031 0.061
-0.031 0.009 0.051
-0.031 0.011 0.057
-0.029 0.011 0.057
-0.013 0.015 0.059
-0.033 0.025 0.061
-0.019 0.035 0.037
-0.001 0.015 0.093
-0.019 0.029 0.081
-0.011 0.025 0.093
-0.025 0.013 0.063
-0.023 0.013 0.067
-0.019 0.019 0.075
0.017 0.001 0.087
0.021 0.007 0.051
0.037 -0.013 0.055
0.019 0.007 0.047
0.017 0.009 0.051
0.043 -0.017 0.051
0.037 -0.017 0.059
0.043 -0.041 0.083
0.043 -0.031 0.095
0.029 -0.005 0.077
0.037 -0.019 0.069
0.037 -0.021 0.065
0.043 -0.035 0.099
0.029 0.003 0.103
0.025 -0.003 0.107
-0.037 0.033 0.049
0.003 0.035 0.039
0.001 0.029 0.059
-0.027 0.027 0.055
-0.009 0.035 0.071
0.007 0.021 0.075
-0.001 0.027 0.067
-0.021 0.039 0.079
-0.005 0.033 0.079
-0.027 0.037 0.087
-0.029 0.041 0.085
0.005 0.037 0.035
0.007 0.013 0.093
0.023 0.007 0.041
0.029 0.005 0.039
0.041 -0.017 0.055
0.021 -0.001 0.075
0.031 -0.007 0.079
0.025 -0.001 0.083
0.029 -0.003 0.081
0.037 -0.027 0.069
0.039 -0.023 0.103
0.035 -0.013 0.103
0.039 -0.023 0.103
-0.003 0.019 0.031
0.003 0.015 0.053
-0.005 0.007 0.039
0.001 0.011 0.039
-0.003 0.001 0.035
0.003 0.027 0.053
0.009 0.029 0.039
0.001 0.017 0.033
0.005 0.017 0.069
-0.003 0.019 0.065
0.001 0.013 0.055
0.001 0.015 0.057
-0.003 0.033 0.063
-0.027 0.037 0.063
0.017 0.011 0.073
-0.001 0.029 0.075
-0.001 0.031 0.079
-0.007 0.029 0.091
-0.021 0.039 0.077
-0.023 0.039 0.075
0.017 0.009 0.047
0.013 0.015 0.067
0.013 0.017 0.073
0.029 0.005 0.089
0.003 0.017 0.093
0.009 0.001 0.103
0.023 -0.009 0.053
0.033 -0.037 0.039
0.043 -0.017 0.051
0.013 -0.041 0.043
0.035 -0.037 0.053
0.041 -0.023 0.051
0.039 -0.031 0.057
0.039 -0.025 0.065
0.035 -0.015 0.063
0.051 -0.019 0.035
0.047 -0.015 0.039
0.035 -0.005 0.041
0.041 -0.017 0.053
0.039 -0.047 0.093
0.039 -0.041 0.091
0.033 -0.031 0.069
0.031 -0.003 0.085
0.041 -0.027 0.095
0.037 -0.019 0.099
0.035 -0.017 0.089
0.037 -0.017 0.087
0.035 -0.031 0.067
0.035 -0.043 0.103
0.037 -0.029 0.101
0.017 0.013 0.069
0.013 0.017 0.079
0.023 0.007 0.047
0.023 -0.001 0.057
0.005 0.015 0.043
0.005 0.015 0.047
0.001 0.029 0.047
0.017 0.007 0.073
0.019 0.009 0.063
0.001 0.027 0.059
0.001 0.027 0.061
-0.003 0.025 0.069
0.013 0.013 0.083
0.029 0.007 0.103
0.001 0.029 0.085
-0.021 0.039 0.079
0.005 0.019 0.041
0.017 0.011 0.067
0.013 0.017 0.075
0.037 -0.029 0.035
0.015 -0.039 0.043
0.035 -0.037 0.051
0.037 -0.035 0.057
0.041 -0.027 0.059
0.041 -0.023 0.057
0.037 -0.019 0.065
0.049 -0.015 0.037
0.039 -0.023 0.059
0.029 -0.039 0.095
0.037 -0.019 0.069
0.033 -0.017 0.077
0.043 -0.029 0.095
0.035 -0.023 0.089
0.035 -0.023 0.089
0.031 -0.007 0.081
0.043 -0.029 0.095
0.033 -0.017 0.105
0.049 -0.017 0.039
0.043 -0.015 0.041
0.043 -0.017 0.041
0.023 -0.007 0.055
0.041 -0.019 0.053
0.019 0.005 0.065
0.001 0.029 0.047
0.017 0.013 0.063
0.017 0.011 0.069
0.013 0.017 0.079
0.029 0.005 0.037
0.015 0.013 0.061
0.025 0.005 0.049
0.031 0.001 0.089
0.033 -0.003 0.095
0.009 0.021 0.085
-0.003 -0.013 0.039
0.009 -0.041 0.035
-0.003 -0.011 0.043
0.029 -0.039 0.051
-0.003 -0.015 0.037
0.003 -0.005 0.063
0.003 -0.007 0.061
0.011 -0.031 0.047
0.013 -0.031 0.051
0.013 -0.021 0.053
0.019 -0.027 0.063
0.023 -0.037 0.099
0.017 -0.011 0.071
0.015 -0.017 0.083
0.029 -0.033 0.089
0.015 -0.009 0.105
0.019 -0.005 0.109
0.013 -0.011 0.103
-0.027 0.011 0.031
-0.037 0.023 0.057
-0.037 0.023 0.057
-0.029 0.011 0.033
-0.027 0.005 0.043
-0.039 0.019 0.049
-0.017 0.023 0.049
-0.021 0.027 0.065
-0.003 0.011 0.071
-0.003 0.005 0.073
-0.019 0.021 0.067
-0.019 0.019 0.069
-0.015 0.017 0.085
-0.011 0.023 0.091
-0.031 0.035 0.081
-0.001 0.001 0.057
0.001 0.009 0.063
0.003 0.011 0.091
0.017 -0.001 0.083
0.009 -0.003 0.089
0.013 0.011 0.111
0.009 -0.003 0.103
0.017 0.001 0.107
0.013 0.011 0.113
-0.003 -0.019 0.035
-0.017 -0.003 0.037
0.007 -0.039 0.039
0.009 -0.043 0.043
0.019 -0.029 0.059
0.001 -0.023 0.039
0.005 -0.031 0.043
0.003 -0.023 0.041
-0.005 -0.011 0.037
0.001 -0.009 0.047
0.005 -0.015 0.047
0.001 -0.009 0.047
0.001 -0.003 0.049
0.025 -0.031 0.069
0.027 -0.037 0.089
0.019 -0.021 0.065
0.007 -0.005 0.071
0.015 -0.013 0.075
0.001 0.001 0.081
0.015 -0.015 0.083
0.015 -0.009 0.079
0.017 -0.023 0.097
0.025 -0.039 0.099
0.021 -0.007 0.105
-0.039 0.021 0.037
-0.029 0.007 0.047
-0.025 0.011 0.051
-0.023 0.013 0.065
-0.023 0.013 0.057
-0.037 0.033 0.057
-0.033 0.035 0.065
-0.029 0.031 0.069
-0.031 0.037 0.087
-0.029 0.011 0.043
-0.001 0.003 0.079
0.009 0.001 0.095
0.017 -0.013 0.107
0.005 -0.021 0.047
0.003 -0.017 0.043
0.027 0.005 0.099
0.013 -0.027 0.055
0.023 -0.003 0.055
0.015 0.007 0.113
0.017 0.003 0.111
0.017 0.003 0.111
0.027 0.001 0.101
0.029 -0.007 0.103
0.029 -0.031 0.101
0.015 -0.011 0.109
0.025 -0.001 0.099
-0.027 0.037 0.087
-0.019 0.029 0.083
-0.001 0.007 0.089
-0.007 0.035 0.079
-0.019 0.013 0.073
-0.019 0.023 0.083
-0.005 0.011 0.089
-0.007 0.013 0.091
-0.007 0.029 0.091
-0.017 0.033 0.087
0.009 0.013 0.089
0.005 0.019 0.091
0.003 0.025 0.089
0.001 0.027 0.089
0.005 0.025 0.087
0.013 -0.041 0.033
0.023 -0.035 0.039
0.023 -0.035 0.057
0.009 -0.041 0.037
0.017 -0.039 0.037
0.027 -0.033 0.035
0.003 -0.013 0.051
0.001 -0.009 0.051
0.017 -0.033 0.055
0.027 -0.037 0.047
0.025 -0.037 0.053
0.029 -0.047 0.087
0.005 -0.005 0.069
0.025 -0.031 0.067
0.017 -0.021 0.073
0.017 -0.021 0.091
0.013 -0.013 0.087
0.017 -0.019 0.083
0.031 -0.047 0.089
0.027 -0.039 0.095
0.027 -0.041 0.101
0.025 -0.039 0.099
0.023 -0.029 0.103
-0.023 0.003 0.035
-0.023 0.003 0.047
-0.021 0.003 0.037
-0.017 0.019 0.059
-0.011 0.013 0.055
-0.015 0.003 0.043
-0.001 -0.001 0.071
-0.003 0.003 0.075
-0.005 0.021 0.095
-0.007 0.015 0.091
-0.031 0.029 0.067
0.015 -0.031 0.051
0.001 0.011 0.043
-0.001 -0.001 0.057
-0.009 -0.003 0.037
0.023 -0.037 0.047
0.009 -0.039 0.045
0.009 -0.039 0.045
0.009 -0.031 0.047
0.009 -0.041 0.037
0.013 -0.031 0.051
0.007 -0.007 0.063
0.025 -0.035 0.057
0.039 -0.033 0.041
0.035 -0.047 0.089
0.031 -0.027 0.073
0.001 -0.001 0.071
0.031 -0.015 0.079
0.021 -0.031 0.095
0.035 -0.047 0.087
0.027 -0.039 0.089
0.023 -0.027 0.093
0.039 -0.027 0.091
0.031 -0.043 0.103
0.013 -0.015 0.095
0.009 -0.005 0.097
0.029 -0.041 0.097
0.033 -0.043 0.101
0.031 -0.043 0.105
0.039 -0.039 0.097
-0.011 -0.005 0.033
-0.037 0.015 0.037
-0.021 0.005 0.047
-0.021 0.005 0.055
-0.029 0.005 0.057
-0.017 0.021 0.055
0.007 -0.007 0.061
-0.021 0.009 0.067
-0.033 0.037 0.083
-0.015 0.017 0.079
0.015 -0.031 0.055
0.003 0.011 0.091
-0.001 -0.011 0.047
0.011 -0.031 0.047
0.007 -0.037 0.041
0.025 -0.037 0.053
0.003 -0.023 0.041
0.021 -0.037 0.045
-0.001 -0.011 0.047
0.021 -0.033 0.085
0.017 -0.017 0.071
0.015 -0.015 0.077
0.015 -0.015 0.077
0.023 -0.027 0.091
0.019 -0.027 0.095
0.031 -0.029 0.071
0.025 -0.009 0.113
0.029 -0.023 0.105
0.033 -0.017 0.105
-0.035 0.013 0.043
-0.041 0.021 0.049
-0.019 0.003 0.041
-0.017 0.003 0.047
-0.029 0.015 0.047
-0.023 0.013 0.067
-0.023 0.003 0.051
-0.031 0.025 0.061
-0.037 0.019 0.051
-0.021 0.011 0.071
-0.031 0.029 0.067
-0.017 0.031 0.089
-0.035 0.041 0.079
-0.019 0.031 0.083
-0.015 0.029 0.089
0.001 -0.005 0.055
-0.001 0.011 0.053
-0.003 0.003 0.071
0.001 -0.001 0.075
-0.031 0.033 0.047
-0.023 0.023 0.047
-0.017 0.021 0.049
-0.025 0.037 0.063
-0.017 0.027 0.055
-0.021 0.035 0.065
0.021 0.007 0.047
0.019 0.009 0.059
-0.003 0.019 0.095
0.009 0.021 0.081
-0.009 0.033 0.085
0.003 0.025 0.089
0.021 -0.003 0.101
0.017 -0.005 0.099
0.027 0.003 0.101
-0.027 0.033 0.037
-0.033 0.031 0.041
-0.029 0.031 0.051
-0.029 0.033 0.039
-0.017 0.025 0.051
-0.023 0.033 0.039
-0.035 0.033 0.063
-0.007 0.035 0.063
-0.033 0.043 0.077
-0.011 0.021 0.091
-0.035 0.041 0.083
-0.031 0.041 0.073
-0.007 0.033 0.041
0.015 0.013 0.063
0.005 0.037 0.035
0.025 0.003 0.087
0.027 0.009 0.101
