0.013 0.017 0.075
0.019 0.009 0.063
0.029 0.001 0.043
0.021 0.001 0.085
0.031 0.003 0.089
0.037 -0.017 0.065
0.037 -0.017 0.067
0.031 0.003 0.093
0.033 -0.003 0.087
0.037 -0.017 0.081
0.039 -0.021 0.063
0.021 -0.001 0.061
0.025 -0.003 0.053
0.015 0.011 0.053
0.015 0.011 0.053
0.031 0.001 0.041
0.029 0.005 0.093
0.011 0.017 0.081
0.015 0.013 0.079
0.021 0.001 0.059
0.025 0.001 0.051
0.019 0.001 0.067
0.043 -0.019 0.051
0.037 -0.007 0.049
0.043 -0.015 0.049
0.041 -0.015 0.043
0.043 -0.017 0.051
0.041 -0.011 0.047
0.039 -0.019 0.059
0.037 -0.009 0.051
0.041 -0.013 0.053
0.039 -0.021 0.101
0.043 -0.039 0.087
0.039 -0.023 0.097
0.043 -0.029 0.097
0.029 0.007 0.097
0.031 0.003 0.101
0.019 0.003 0.091
0.009 0.013 0.089
0.017 0.001 0.081
0.023 0.001 0.085
0.025 -0.003 0.075
0.019 0.001 0.087
0.029 -0.001 0.103
0.033 -0.003 0.097
0.035 -0.007 0.099
0.027 -0.013 0.107
0.027 -0.007 0.111
0.031 -0.011 0.105
0.025 -0.003 0.107
0.035 -0.003 0.105
0.035 -0.005 0.105
0.029 0.007 0.089
0.033 -0.001 0.091
0.033 -0.011 0.075
0.039 -0.017 0.093
0.039 -0.017 0.093
0.037 -0.015 0.101
0.037 -0.015 0.101
0.041 -0.025 0.095
0.037 -0.013 0.097
0.033 -0.001 0.093
0.033 -0.037 0.107
0.033 -0.023 0.105
0.037 -0.033 0.105
0.039 -0.039 0.105
0.025 -0.017 0.105
0.029 -0.025 0.105
0.019 0.003 0.111
0.017 0.009 0.109
0.015 -0.009 0.109
0.019 -0.003 0.109
0.033 -0.001 0.109
0.031 -0.003 0.107
0.025 -0.003 0.107
0.023 -0.005 0.115
-0.013 0.031 0.045
-0.007 0.033 0.047
-0.011 0.037 0.073
-0.009 0.035 0.067
-0.005 0.033 0.081
-0.009 0.035 0.079
-0.009 0.035 0.075
-0.001 0.023 0.065
-0.025 0.025 0.045
-0.013 0.033 0.041
-0.011 0.033 0.057
0.001 0.031 0.043
0.001 0.029 0.045
-0.001 0.031 0.047
-0.001 0.031 0.045
-0.011 0.033 0.087
0.001 0.019 0.061
-0.001 0.025 0.067
-0.009 0.035 0.081
-0.007 0.035 0.063
-0.011 0.037 0.071
-0.001 0.031 0.057
-0.001 0.035 0.039
-0.003 0.035 0.041
-0.009 0.033 0.087
0.005 0.025 0.087
-0.009 0.033 0.085
-0.009 0.033 0.087
-0.023 0.039 0.081
-0.015 0.033 0.083
-0.001 0.031 0.085
-0.003 0.033 0.071
-0.015 0.031 0.089
-0.007 0.031 0.089
-0.011 0.029 0.091
-0.007 0.029 0.091
-0.023 0.041 0.077
-0.017 0.035 0.079
-0.015 0.035 0.065
-0.011 0.037 0.071
-0.031 0.043 0.083
0.017 0.009 0.047
0.005 0.023 0.053
0.023 0.007 0.039
0.029 0.005 0.041
0.027 0.003 0.043
0.005 0.029 0.045
0.007 0.033 0.039
0.023 0.005 0.053
0.003 0.035 0.039
0.005 0.025 0.081
0.017 0.005 0.075
0.017 0.013 0.069
0.005 0.025 0.081
0.007 0.013 0.093
0.011 0.009 0.087
0.001 0.017 0.095
0.019 0.003 0.091
0.029 0.007 0.089
0.027 0.009 0.097
0.001 0.019 0.093
0.021 0.005 0.109
0.019 0.005 0.111
0.015 0.013 0.113
0.009 -0.041 0.035
0.007 -0.035 0.045
0.009 -0.043 0.041
0.015 -0.041 0.037
0.023 -0.037 0.041
0.017 -0.033 0.053
0.029 -0.039 0.049
0.037 -0.035 0.059
-0.003 -0.015 0.041
0.009 -0.027 0.049
0.009 -0.027 0.051
0.013 -0.031 0.053
0.009 -0.019 0.051
0.005 -0.009 0.055
0.001 -0.005 0.061
0.017 -0.019 0.057
0.027 -0.037 0.043
0.027 -0.037 0.045
0.029 -0.039 0.047
0.011 -0.029 0.049
0.011 -0.029 0.051
0.019 -0.033 0.055
0.029 -0.033 0.065
0.027 -0.043 0.085
0.031 -0.049 0.087
0.033 -0.047 0.089
0.033 -0.045 0.091
0.027 -0.033 0.067
0.025 -0.029 0.071
0.025 -0.027 0.073
0.017 -0.021 0.073
0.005 -0.003 0.075
0.017 -0.017 0.071
0.015 -0.013 0.077
0.023 -0.021 0.079
0.019 -0.027 0.095
0.007 -0.001 0.095
0.009 -0.003 0.089
0.023 -0.033 0.087
0.021 -0.031 0.095
0.029 -0.041 0.097
0.033 -0.043 0.101
0.029 -0.043 0.101
0.013 -0.013 0.099
0.015 -0.015 0.099
0.013 -0.013 0.107
0.019 -0.005 0.109
0.017 -0.015 0.107
0.031 -0.035 0.105
0.025 -0.027 0.105
0.021 -0.023 0.103
-0.029 0.011 0.033
-0.023 0.003 0.041
-0.039 0.017 0.041
-0.041 0.021 0.049
-0.035 0.029 0.063
-0.023 0.003 0.041
-0.029 0.005 0.047
-0.029 0.003 0.047
-0.013 0.003 0.039
-0.009 0.003 0.039
-0.027 0.003 0.043
-0.029 0.005 0.045
-0.029 0.003 0.051
-0.025 0.003 0.053
-0.031 0.005 0.055
-0.027 0.005 0.057
-0.009 0.013 0.055
-0.009 0.013 0.059
-0.009 0.015 0.063
-0.035 0.021 0.055
-0.027 0.009 0.063
-0.023 0.007 0.061
-0.039 0.025 0.057
-0.037 0.025 0.059
-0.031 0.027 0.065
-0.025 0.009 0.065
-0.021 0.009 0.065
-0.025 0.009 0.065
-0.003 0.003 0.071
-0.003 0.003 0.071
-0.021 0.023 0.067
-0.033 0.029 0.065
-0.023 0.029 0.065
-0.019 0.019 0.073
-0.013 0.015 0.079
-0.005 0.007 0.083
-0.001 0.003 0.081
-0.003 0.009 0.089
-0.017 0.019 0.083
-0.017 0.023 0.087
-0.011 0.025 0.093
-0.017 0.013 0.073
-0.017 0.019 0.083
-0.029 0.035 0.087
-0.017 0.023 0.085
0.001 0.011 0.041
-0.001 -0.011 0.047
0.005 -0.015 0.047
0.001 0.011 0.051
-0.001 0.011 0.051
0.013 -0.009 0.059
0.013 -0.005 0.067
-0.005 0.013 0.057
-0.019 0.005 0.051
0.009 -0.001 0.077
0.009 0.001 0.081
0.005 0.005 0.085
0.007 0.003 0.083
0.013 -0.013 0.093
0.013 -0.013 0.095
0.013 -0.013 0.101
-0.007 0.009 0.087
0.015 -0.017 0.105
0.015 -0.015 0.107
0.011 -0.009 0.101
0.017 -0.001 0.109
0.005 0.017 0.045
0.001 0.029 0.045
0.001 0.031 0.043
-0.001 0.031 0.049
0.029 0.005 0.041
0.037 -0.005 0.037
0.023 0.005 0.053
0.033 -0.005 0.045
0.029 -0.013 0.055
0.025 -0.011 0.061
0.039 -0.009 0.045
0.037 -0.017 0.065
0.017 0.009 0.047
0.017 0.011 0.055
0.019 0.009 0.057
0.029 0.003 0.043
0.029 0.005 0.041
0.025 0.005 0.041
0.009 0.005 0.041
0.025 -0.011 0.061
0.025 -0.013 0.055
0.021 0.007 0.061
0.041 -0.011 0.045
0.049 -0.015 0.037
0.045 -0.015 0.039
0.043 -0.015 0.041
0.037 -0.005 0.037
0.039 -0.009 0.039
0.037 -0.019 0.065
0.035 -0.015 0.089
0.035 -0.007 0.093
0.035 -0.009 0.093
0.033 -0.011 0.077
0.027 -0.001 0.083
0.011 0.019 0.081
0.023 -0.007 0.069
0.031 -0.009 0.071
0.017 0.001 0.071
0.027 -0.005 0.071
0.031 -0.011 0.079
0.023 -0.001 0.077
0.027 -0.005 0.073
0.031 -0.001 0.085
0.025 0.005 0.093
0.035 -0.005 0.097
0.011 -0.001 0.095
0.029 0.007 0.089
0.035 -0.017 0.073
0.037 -0.019 0.065
0.035 -0.015 0.073
0.035 -0.017 0.089
0.037 -0.019 0.081
0.041 -0.023 0.093
0.035 -0.011 0.089
0.033 -0.001 0.095
0.035 -0.015 0.105
0.029 0.007 0.101
0.033 -0.003 0.105
0.033 -0.019 0.105
0.025 0.007 0.097
0.023 -0.001 0.109
0.025 -0.003 0.105
-0.023 0.033 0.037
-0.019 0.035 0.035
-0.025 0.035 0.031
-0.029 0.029 0.047
-0.037 0.033 0.053
-0.035 0.035 0.059
-0.011 0.033 0.043
-0.015 0.033 0.041
-0.021 0.033 0.039
-0.013 0.033 0.041
-0.025 0.023 0.047
-0.001 0.031 0.047
-0.011 0.029 0.051
-0.021 0.021 0.047
0.003 0.035 0.039
-0.009 0.033 0.045
-0.013 0.033 0.061
-0.023 0.031 0.061
-0.015 0.033 0.061
-0.019 0.033 0.063
-0.015 0.035 0.067
0.001 0.029 0.059
0.003 0.015 0.065
-0.003 0.033 0.043
-0.031 0.033 0.049
-0.007 0.033 0.059
-0.001 0.031 0.079
-0.001 0.025 0.067
-0.001 0.027 0.067
-0.007 0.033 0.081
0.005 0.023 0.089
-0.003 0.031 0.087
0.001 0.019 0.093
-0.031 0.043 0.077
-0.015 0.035 0.069
-0.007 0.035 0.069
-0.007 0.035 0.077
-0.027 0.041 0.081
-0.009 0.035 0.081
-0.009 0.035 0.083
0.009 0.031 0.041
0.027 0.005 0.033
0.009 0.031 0.041
0.007 0.009 0.051
0.007 0.013 0.057
0.003 0.011 0.059
0.023 0.003 0.055
0.003 0.025 0.055
0.003 0.021 0.059
0.005 0.037 0.035
0.003 0.033 0.041
0.017 0.009 0.071
0.011 0.017 0.069
0.011 0.019 0.075
0.011 0.017 0.085
0.025 0.003 0.091
0.029 0.005 0.095
0.009 0.019 0.085
0.029 0.007 0.103
-0.015 -0.007 0.035
0.005 -0.031 0.045
0.019 -0.027 0.031
0.027 -0.029 0.031
0.019 -0.037 0.033
0.035 -0.029 0.033
0.013 -0.041 0.041
0.015 -0.035 0.045
0.019 -0.037 0.037
0.019 -0.037 0.041
0.025 -0.037 0.041
0.021 -0.035 0.051
0.035 -0.037 0.047
0.011 -0.037 0.045
0.021 -0.031 0.033
0.033 -0.031 0.033
0.013 -0.041 0.041
0.009 -0.039 0.045
0.033 -0.033 0.035
0.015 -0.031 0.055
0.019 -0.031 0.057
0.005 -0.009 0.057
0.029 -0.037 0.053
0.033 -0.037 0.051
0.035 -0.033 0.037
0.039 -0.033 0.043
0.041 -0.031 0.047
0.045 -0.025 0.039
0.041 -0.031 0.055
0.039 -0.031 0.059
0.037 -0.033 0.061
0.041 -0.031 0.049
0.025 -0.043 0.083
0.029 -0.045 0.089
0.031 -0.049 0.087
0.033 -0.049 0.087
0.029 -0.039 0.095
0.033 -0.049 0.085
0.033 -0.047 0.089
0.019 -0.027 0.067
0.023 -0.029 0.069
0.003 -0.003 0.071
0.023 -0.031 0.067
0.019 -0.021 0.075
0.023 -0.027 0.073
0.025 -0.043 0.083
0.019 -0.029 0.085
0.029 -0.037 0.095
0.019 -0.027 0.095
0.031 -0.047 0.089
0.035 -0.033 0.081
0.035 -0.041 0.083
0.039 -0.047 0.087
0.037 -0.029 0.067
0.033 -0.037 0.083
0.027 -0.039 0.097
0.031 -0.041 0.097
0.023 -0.035 0.097
0.031 -0.043 0.101
0.019 -0.021 0.103
0.013 -0.013 0.097
0.017 -0.015 0.107
0.027 -0.041 0.101
0.025 -0.009 0.113
0.039 -0.039 0.099
0.039 -0.037 0.095
0.039 -0.039 0.097
0.041 -0.039 0.099
0.039 -0.039 0.097
0.039 -0.041 0.103
-0.031 0.015 0.031
-0.033 0.013 0.037
-0.029 0.003 0.051
-0.025 0.003 0.033
-0.025 0.003 0.035
-0.027 0.003 0.033
-0.025 0.003 0.039
-0.015 -0.007 0.037
-0.027 0.003 0.045
-0.023 0.003 0.041
-0.021 0.003 0.041
-0.021 0.005 0.047
-0.011 -0.005 0.037
0.005 -0.035 0.035
0.001 -0.023 0.039
-0.017 -0.005 0.035
0.013 -0.041 0.039
-0.007 0.005 0.047
-0.023 0.003 0.049
-0.021 0.007 0.061
-0.013 0.005 0.049
-0.007 0.011 0.053
-0.015 0.017 0.055
0.009 -0.011 0.057
-0.011 0.015 0.057
0.007 -0.009 0.059
0.005 -0.007 0.061
0.007 -0.007 0.063
-0.013 0.003 0.041
0.009 -0.027 0.049
-0.021 0.009 0.065
0.001 -0.003 0.065
0.003 -0.003 0.069
-0.001 0.001 0.077
-0.017 0.011 0.065
-0.027 0.031 0.073
-0.005 0.007 0.081
-0.017 0.019 0.085
0.005 0.001 0.081
-0.001 0.007 0.089
-0.011 0.013 0.087
-0.033 0.037 0.081
-0.017 0.013 0.073
-0.017 0.013 0.073
-0.031 0.039 0.073
-0.009 0.015 0.065
-0.011 0.013 0.079
0.015 -0.041 0.039
0.011 -0.031 0.047
0.029 -0.035 0.035
0.029 -0.035 0.037
0.011 -0.029 0.051
0.007 -0.011 0.057
0.007 -0.007 0.063
0.029 -0.037 0.055
0.025 -0.037 0.055
0.025 -0.033 0.063
0.019 -0.037 0.039
0.019 -0.037 0.041
0.011 -0.007 0.065
0.025 -0.033 0.065
0.001 0.003 0.083
0.025 -0.019 0.081
0.005 0.005 0.085
