0.007 -0.033 0.045
0.037 -0.035 0.057
0.007 -0.037 0.041
0.013 -0.027 0.055
0.015 -0.019 0.055
0.027 -0.037 0.039
0.029 -0.039 0.045
0.009 -0.031 0.047
0.037 -0.047 0.087
0.029 -0.043 0.089
0.029 -0.041 0.097
0.009 -0.007 0.067
0.015 -0.015 0.077
0.015 -0.017 0.083
0.019 -0.029 0.085
0.017 -0.021 0.083
0.011 -0.009 0.095
0.031 -0.029 0.071
0.023 -0.021 0.105
0.023 -0.029 0.103
-0.039 0.025 0.055
-0.015 -0.003 0.037
-0.023 0.003 0.051
-0.037 0.017 0.049
-0.033 0.017 0.049
-0.025 0.003 0.041
-0.027 0.003 0.045
-0.027 0.003 0.055
-0.009 0.015 0.061
-0.029 0.025 0.059
-0.029 0.025 0.061
-0.023 0.005 0.057
-0.013 0.015 0.055
-0.013 0.015 0.059
-0.019 0.021 0.067
-0.011 0.017 0.071
-0.009 0.017 0.071
-0.005 0.019 0.067
-0.007 0.009 0.085
-0.017 0.019 0.085
-0.013 0.027 0.091
-0.031 0.033 0.069
-0.027 0.033 0.073
-0.029 0.035 0.081
-0.033 0.037 0.083
-0.009 0.005 0.047
-0.007 0.009 0.049
-0.007 0.009 0.049
-0.003 0.011 0.051
-0.005 0.011 0.053
-0.005 0.007 0.079
0.021 -0.035 0.037
0.019 -0.037 0.043
0.019 -0.037 0.039
0.025 -0.037 0.039
0.033 -0.037 0.039
0.019 -0.037 0.033
0.033 -0.031 0.033
0.035 -0.025 0.033
0.035 -0.035 0.039
0.031 -0.039 0.049
0.035 -0.031 0.035
0.041 -0.025 0.035
0.029 -0.039 0.051
0.041 -0.029 0.051
0.045 -0.029 0.035
0.041 -0.031 0.047
0.047 -0.025 0.037
0.033 -0.049 0.085
0.041 -0.043 0.089
0.033 -0.025 0.073
0.043 -0.037 0.083
0.039 -0.047 0.087
0.039 -0.023 0.083
0.041 -0.041 0.083
0.037 -0.039 0.099
0.035 -0.043 0.103
0.043 -0.041 0.103
0.037 -0.041 0.101
0.027 -0.013 0.107
0.043 -0.031 0.095
0.035 -0.007 0.099
0.033 -0.003 0.101
0.007 -0.031 0.047
0.015 -0.033 0.047
0.025 -0.037 0.041
0.027 -0.037 0.043
0.029 -0.039 0.051
0.031 -0.037 0.039
0.039 -0.031 0.039
0.039 -0.029 0.039
0.037 -0.035 0.047
0.029 -0.039 0.051
0.029 -0.039 0.051
0.039 -0.033 0.045
0.039 -0.021 0.043
0.041 -0.029 0.047
0.033 -0.031 0.067
0.019 -0.023 0.073
0.021 -0.023 0.075
0.039 -0.025 0.065
0.027 -0.031 0.083
0.003 -0.001 0.079
-0.005 0.007 0.083
0.033 -0.023 0.075
0.031 -0.019 0.079
0.049 -0.023 0.035
0.033 -0.037 0.055
0.039 -0.031 0.059
0.041 -0.027 0.059
0.043 -0.039 0.083
0.037 -0.021 0.081
-0.015 -0.003 0.037
-0.015 -0.007 0.037
-0.011 -0.003 0.039
0.005 -0.033 0.043
0.037 -0.041 0.103
0.041 -0.039 0.105
0.029 -0.039 0.101
0.005 -0.007 0.063
0.035 -0.015 0.105
0.041 -0.015 0.055
0.031 -0.043 0.105
0.043 -0.043 0.087
0.027 -0.021 0.105
0.043 -0.033 0.099
0.041 -0.039 0.105
0.037 -0.025 0.103
-0.037 0.027 0.061
0.009 -0.003 0.103
-0.017 0.017 0.081
-0.027 0.023 0.051
0.003 0.013 0.093
-0.019 0.009 0.065
0.001 0.019 0.095
-0.017 0.011 0.071
-0.021 0.013 0.071
0.001 0.013 0.091
-0.027 0.031 0.073
-0.007 0.031 0.089
-0.001 0.031 0.085
0.031 -0.013 0.105
0.035 -0.007 0.097
0.009 0.005 0.087
0.023 -0.001 0.109
0.003 -0.001 0.079
0.013 -0.005 0.103
0.011 0.005 0.087
0.025 -0.005 0.113
0.005 0.023 0.089
0.015 0.009 0.113
0.023 0.007 0.043
0.027 0.007 0.035
0.025 0.005 0.049
0.025 0.005 0.045
0.031 -0.009 0.067
0.013 0.011 0.051
0.025 0.005 0.043
0.007 0.011 0.053
0.023 0.005 0.037
0.021 0.001 0.061
0.039 -0.007 0.037
0.051 -0.017 0.035
0.037 -0.009 0.051
0.035 -0.015 0.089
0.041 -0.035 0.083
0.039 -0.037 0.089
0.041 -0.035 0.089
0.027 -0.005 0.073
0.027 -0.005 0.071
0.035 -0.011 0.087
0.035 -0.015 0.105
-0.011 0.035 0.037
-0.017 0.035 0.037
-0.007 0.025 0.031
-0.029 0.029 0.045
-0.037 0.033 0.053
-0.013 0.033 0.041
-0.023 0.033 0.039
-0.011 0.029 0.049
-0.013 0.031 0.045
-0.009 0.033 0.041
-0.007 0.033 0.045
-0.007 0.035 0.037
-0.015 0.033 0.061
-0.015 0.035 0.069
-0.011 0.035 0.067
-0.009 0.035 0.073
-0.015 0.035 0.071
0.005 0.019 0.091
-0.033 0.041 0.087
-0.019 0.035 0.069
-0.023 0.039 0.073
-0.023 0.039 0.075
0.027 0.003 0.031
0.007 0.009 0.049
0.015 0.011 0.053
0.015 0.013 0.061
0.017 0.011 0.059
0.005 0.035 0.037
0.011 0.013 0.087
0.029 0.003 0.041
0.035 -0.001 0.035
0.035 -0.003 0.033
0.041 -0.019 0.045
0.039 -0.031 0.041
0.033 -0.007 0.047
0.039 -0.009 0.043
0.041 -0.013 0.053
0.035 -0.005 0.039
0.039 -0.007 0.037
0.019 0.003 0.065
0.019 -0.003 0.063
0.029 -0.011 0.061
0.051 -0.017 0.035
0.039 -0.019 0.043
0.043 -0.015 0.041
0.037 -0.007 0.043
0.043 -0.039 0.083
0.041 -0.035 0.089
0.035 -0.023 0.073
0.029 -0.005 0.077
0.033 -0.015 0.077
0.037 -0.017 0.091
0.037 -0.013 0.097
0.031 -0.007 0.083
0.029 0.005 0.089
0.035 -0.015 0.069
0.039 -0.019 0.095
0.035 -0.013 0.091
0.043 -0.031 0.099
0.029 0.005 0.101
0.035 -0.005 0.105
0.039 -0.019 0.101
-0.003 0.031 0.045
-0.013 0.033 0.041
0.009 0.031 0.041
-0.005 0.033 0.045
-0.005 0.033 0.045
0.003 0.015 0.055
0.005 0.015 0.065
-0.013 0.035 0.035
-0.027 0.033 0.055
-0.025 0.035 0.061
-0.007 0.035 0.063
0.017 0.009 0.071
0.007 0.023 0.081
-0.001 0.031 0.081
-0.003 0.033 0.081
-0.003 0.021 0.067
-0.003 0.019 0.067
-0.007 0.033 0.087
-0.023 0.039 0.069
-0.021 0.039 0.075
-0.025 0.041 0.079
0.023 0.007 0.041
0.027 0.007 0.041
0.005 0.017 0.039
0.009 0.031 0.041
0.009 0.023 0.043
0.005 0.025 0.047
0.019 0.009 0.061
0.017 0.011 0.061
0.015 0.007 0.079
0.001 0.017 0.095
0.019 0.007 0.109
0.047 -0.025 0.039
0.019 -0.037 0.033
0.041 -0.029 0.055
0.037 -0.017 0.065
0.039 -0.023 0.061
0.047 -0.023 0.041
0.037 -0.047 0.085
0.037 -0.017 0.067
0.029 -0.025 0.091
0.041 -0.027 0.095
0.031 -0.011 0.081
0.037 -0.021 0.091
0.031 -0.007 0.081
0.043 -0.031 0.095
0.041 -0.029 0.093
0.037 -0.017 0.091
0.045 -0.039 0.101
0.045 -0.039 0.101
0.043 -0.031 0.099
0.039 -0.023 0.101
0.037 -0.017 0.103
0.035 -0.015 0.103
0.029 0.001 0.043
0.027 -0.001 0.049
0.041 -0.013 0.051
0.037 -0.021 0.065
0.041 -0.015 0.055
0.039 -0.011 0.053
0.021 0.005 0.059
0.003 0.025 0.055
0.001 0.021 0.061
0.033 -0.011 0.075
0.017 0.011 0.073
0.015 0.009 0.077
0.033 -0.007 0.089
0.015 0.015 0.075
-0.001 0.031 0.079
0.013 0.013 0.081
0.011 0.017 0.085
0.027 0.007 0.037
0.033 0.001 0.037
0.027 0.007 0.041
0.007 0.027 0.039
0.005 0.023 0.047
0.009 0.023 0.043
0.021 0.001 0.061
0.021 0.007 0.061
0.013 0.017 0.077
0.033 -0.001 0.109
0.001 -0.007 0.039
0.023 -0.037 0.053
0.005 -0.031 0.045
0.005 -0.015 0.045
0.001 -0.005 0.053
0.009 -0.009 0.061
0.021 -0.013 0.061
0.021 -0.017 0.059
0.029 -0.033 0.067
0.025 -0.037 0.085
0.027 -0.043 0.085
0.019 -0.027 0.095
0.019 -0.021 0.093
0.017 -0.017 0.077
0.033 -0.039 0.105
0.011 -0.007 0.101
0.011 -0.007 0.103
0.017 -0.001 0.109
0.021 -0.023 0.103
0.011 -0.007 0.103
-0.027 0.005 0.043
-0.037 0.015 0.041
-0.037 0.031 0.059
-0.017 0.023 0.051
-0.017 0.025 0.053
-0.031 0.009 0.057
-0.029 0.005 0.059
-0.021 0.005 0.057
-0.023 0.009 0.065
-0.017 0.021 0.049
-0.021 0.029 0.063
-0.001 0.001 0.077
-0.021 0.023 0.067
-0.033 0.029 0.065
-0.017 0.017 0.075
-0.015 0.017 0.077
-0.017 0.031 0.085
-0.035 0.041 0.079
-0.031 0.035 0.081
-0.031 0.037 0.087
0.001 -0.005 0.055
0.003 -0.001 0.079
-0.015 0.015 0.081
0.005 0.003 0.083
0.015 0.007 0.111
0.013 -0.005 0.103
0.009 -0.001 0.103
-0.005 -0.015 0.033
0.001 -0.023 0.035
0.007 -0.031 0.047
0.011 -0.029 0.053
0.021 -0.029 0.065
-0.003 -0.017 0.037
0.001 -0.023 0.037
0.021 -0.031 0.063
0.001 -0.005 0.059
0.021 -0.013 0.061
0.005 -0.023 0.045
-0.003 -0.009 0.039
0.025 -0.037 0.083
0.023 -0.033 0.095
0.025 -0.037 0.087
0.017 -0.017 0.069
-0.001 -0.001 0.071
0.013 -0.013 0.093
0.009 -0.003 0.089
0.019 -0.027 0.089
0.033 -0.037 0.107
0.015 -0.017 0.105
0.009 -0.001 0.103
0.009 0.001 0.097
0.013 -0.005 0.103
0.015 -0.013 0.105
-0.035 0.013 0.037
-0.041 0.023 0.049
-0.031 0.011 0.037
-0.027 0.005 0.043
-0.031 0.011 0.041
-0.033 0.027 0.035
-0.035 0.027 0.037
-0.037 0.031 0.043
-0.011 0.013 0.055
-0.015 0.017 0.059
-0.035 0.033 0.063
-0.011 0.033 0.043
-0.015 0.017 0.073
-0.007 0.009 0.087
-0.029 0.035 0.077
-0.025 0.033 0.077
-0.029 0.037 0.073
-0.027 0.033 0.087
-0.015 0.011 0.051
-0.039 0.031 0.051
-0.027 0.011 0.061
-0.025 0.011 0.065
-0.003 0.007 0.071
-0.009 0.011 0.085
0.003 -0.031 0.037
0.007 -0.041 0.043
-0.009 0.035 0.077
-0.017 0.023 0.087
-0.017 0.023 0.085
-0.007 0.027 0.093
0.019 -0.027 0.067
-0.009 0.027 0.093
0.009 -0.005 0.089
0.011 -0.009 0.095
0.009 -0.003 0.103
0.019 0.003 0.091
0.001 0.019 0.095
0.015 0.005 0.109
0.029 -0.041 0.103
0.025 -0.027 0.105
-0.019 0.033 0.039
-0.039 0.029 0.045
-0.041 0.029 0.049
-0.037 0.027 0.061
-0.041 0.027 0.051
-0.035 0.033 0.063
-0.015 0.027 0.053
-0.011 0.033 0.043
-0.011 0.033 0.041
-0.025 0.013 0.057
-0.027 0.041 0.083
-0.037 0.031 0.061
-0.009 0.031 0.053
-0.015 0.035 0.037
-0.021 0.013 0.067
-0.021 0.013 0.069
-0.037 0.041 0.087
-0.017 0.021 0.087
-0.027 0.041 0.079
-0.027 0.041 0.083
-0.015 0.035 0.065
-0.011 0.031 0.045
0.005 0.029 0.045
0.001 0.015 0.095
0.017 0.001 0.091
0.027 0.001 0.101
0.027 0.005 0.101
-0.001 -0.015 0.043
0.001 -0.021 0.031
0.013 -0.041 0.033
0.035 -0.033 0.063
0.009 -0.039 0.045
0.017 -0.039 0.033
0.015 -0.041 0.035
0.019 -0.035 0.035
0.009 -0.043 0.043
0.021 -0.033 0.059
0.025 -0.033 0.063
0.037 -0.009 0.033
0.037 -0.033 0.063
0.027 -0.039 0.095
0.031 -0.019 0.079
0.017 -0.021 0.091
0.033 -0.031 0.069
0.035 -0.027 0.071
0.039 -0.045 0.085
0.039 -0.045 0.089
0.027 -0.041 0.099
0.025 -0.037 0.095
0.033 -0.043 0.101
0.035 -0.041 0.101
-0.033 0.013 0.033
-0.027 0.003 0.033
-0.027 0.003 0.043
0.013 -0.041 0.039
-0.007 0.005 0.045
0.009 -0.031 0.047
-0.013 0.003 0.041
0.001 -0.013 0.045
-0.027 0.003 0.053
-0.027 0.003 0.049
-0.029 0.003 0.053
-0.021 0.005 0.055
-0.021 0.007 0.057
-0.023 0.005 0.053
-0.011 0.005 0.049
0.005 -0.007 0.061
-0.021 0.009 0.067
0.007 -0.007 0.065
-0.011 0.015 0.077
-0.003 0.003 0.075
0.005 -0.003 0.073
-0.007 0.009 0.081
0.001 0.011 0.091
-0.017 0.011 0.065
-0.001 0.001 0.075
-0.029 0.035 0.085
0.021 -0.035 0.049
0.025 -0.037 0.041
0.015 -0.033 0.047
0.021 -0.027 0.069
0.029 -0.047 0.087
0.007 0.001 0.081
0.021 -0.009 0.109
