-0.005 -0.017 0.033
-0.017 -0.005 0.037
-0.011 -0.009 0.035
-0.003 -0.015 0.037
-0.005 -0.013 0.037
-0.015 -0.007 0.037
-0.011 -0.007 0.035
-0.003 -0.013 0.043
0.007 -0.039 0.035
0.007 -0.035 0.033
0.007 -0.037 0.035
0.011 -0.043 0.039
0.007 -0.041 0.041
-0.003 -0.019 0.035
0.005 -0.033 0.043
0.007 -0.035 0.045
0.007 -0.035 0.045
0.005 -0.035 0.037
0.007 -0.037 0.039
0.005 -0.035 0.037
0.007 -0.039 0.035
0.013 -0.041 0.043
0.007 -0.039 0.041
0.007 -0.037 0.043
0.011 -0.037 0.045
0.025 -0.035 0.035
0.027 -0.037 0.039
0.015 -0.039 0.043
0.023 -0.037 0.045
0.021 -0.037 0.045
0.021 -0.035 0.047
0.027 -0.037 0.041
0.023 -0.037 0.053
0.023 -0.033 0.061
0.031 -0.037 0.059
0.029 -0.037 0.059
0.025 -0.035 0.061
0.033 -0.037 0.043
0.035 -0.037 0.047
0.037 -0.035 0.057
0.037 -0.035 0.059
0.035 -0.035 0.061
0.003 -0.033 0.035
0.003 -0.031 0.037
0.005 -0.035 0.037
0.007 -0.035 0.039
0.005 -0.031 0.043
0.005 -0.031 0.043
0.005 -0.031 0.045
0.007 -0.031 0.047
0.007 -0.031 0.047
0.003 -0.025 0.041
0.005 -0.025 0.043
0.003 -0.021 0.041
0.005 -0.021 0.047
0.009 -0.043 0.039
0.011 -0.043 0.039
0.007 -0.041 0.043
-0.001 -0.021 0.037
0.003 -0.025 0.041
-0.001 -0.015 0.043
-0.001 -0.015 0.041
0.001 -0.013 0.045
-0.001 -0.009 0.045
0.001 -0.005 0.049
0.005 -0.029 0.041
0.007 -0.037 0.045
0.009 -0.035 0.045
0.003 -0.021 0.043
0.005 -0.023 0.043
0.009 -0.027 0.049
0.013 -0.017 0.055
0.011 -0.029 0.049
0.013 -0.031 0.053
0.013 -0.027 0.055
0.009 -0.021 0.051
0.011 -0.025 0.053
0.019 -0.031 0.059
0.015 -0.029 0.057
0.017 -0.025 0.059
0.019 -0.025 0.061
0.019 -0.021 0.063
0.005 -0.013 0.051
0.003 -0.011 0.051
0.013 -0.017 0.055
0.001 -0.007 0.051
0.003 -0.009 0.053
0.003 -0.009 0.055
0.005 -0.007 0.063
0.017 -0.019 0.057
0.017 -0.023 0.057
0.015 -0.021 0.055
0.019 -0.013 0.057
0.021 -0.015 0.057
0.019 -0.007 0.061
0.017 -0.007 0.063
0.023 -0.035 0.039
0.017 -0.039 0.041
0.023 -0.037 0.041
0.019 -0.037 0.041
0.021 -0.037 0.043
0.025 -0.037 0.043
0.013 -0.041 0.043
0.019 -0.035 0.045
0.021 -0.037 0.045
0.021 -0.037 0.045
0.027 -0.037 0.049
0.027 -0.037 0.047
0.031 -0.039 0.049
0.021 -0.035 0.051
0.023 -0.037 0.051
0.023 -0.037 0.053
0.029 -0.039 0.045
0.029 -0.039 0.049
0.013 -0.033 0.047
0.019 -0.035 0.047
0.019 -0.033 0.049
0.025 -0.037 0.051
0.011 -0.033 0.045
0.009 -0.031 0.047
0.017 -0.033 0.053
0.015 -0.031 0.055
0.015 -0.031 0.053
0.037 -0.033 0.063
0.037 -0.031 0.065
0.019 -0.029 0.061
0.023 -0.031 0.063
0.019 -0.029 0.061
0.021 -0.029 0.065
0.031 -0.049 0.085
0.031 -0.049 0.085
0.027 -0.047 0.085
0.027 -0.043 0.087
0.031 -0.043 0.091
0.025 -0.033 0.089
0.033 -0.049 0.087
0.037 -0.049 0.093
0.031 -0.047 0.089
0.031 -0.049 0.087
0.031 -0.049 0.087
0.033 -0.047 0.089
0.035 -0.047 0.091
0.035 -0.047 0.091
0.035 -0.047 0.093
0.035 -0.045 0.093
0.031 -0.043 0.091
0.031 -0.043 0.091
0.031 -0.043 0.091
0.041 -0.037 0.095
0.019 -0.025 0.069
0.023 -0.027 0.073
0.021 -0.021 0.079
0.019 -0.029 0.083
0.027 -0.021 0.079
0.009 -0.007 0.067
0.013 -0.003 0.071
0.013 -0.003 0.071
0.015 -0.001 0.077
0.017 -0.017 0.069
0.017 -0.015 0.073
0.019 -0.025 0.071
0.017 -0.011 0.071
0.015 -0.015 0.077
0.017 -0.003 0.073
0.015 -0.017 0.083
0.021 -0.033 0.083
0.019 -0.029 0.083
0.023 -0.033 0.087
0.017 -0.025 0.085
0.019 -0.027 0.087
0.017 -0.021 0.085
0.021 -0.029 0.087
0.019 -0.027 0.089
0.019 -0.027 0.089
0.021 -0.029 0.089
0.019 -0.027 0.089
0.023 -0.033 0.095
0.019 -0.023 0.091
0.021 -0.031 0.095
0.021 -0.027 0.093
0.021 -0.029 0.095
0.021 -0.031 0.097
0.013 -0.013 0.087
0.011 -0.009 0.087
0.009 -0.003 0.087
0.011 -0.011 0.091
0.009 -0.005 0.089
0.009 -0.005 0.089
0.011 -0.007 0.093
0.011 -0.007 0.095
0.009 -0.003 0.095
0.015 -0.009 0.083
0.011 -0.011 0.093
0.013 -0.013 0.099
0.031 -0.031 0.069
0.031 -0.033 0.067
0.031 -0.029 0.071
0.025 -0.031 0.069
0.027 -0.029 0.073
0.029 -0.029 0.073
0.031 -0.025 0.075
0.025 -0.041 0.085
0.029 -0.033 0.089
0.029 -0.045 0.087
0.023 -0.033 0.087
0.023 -0.031 0.089
0.023 -0.031 0.089
0.023 -0.031 0.089
0.025 -0.033 0.089
0.027 -0.041 0.099
0.025 -0.039 0.097
0.023 -0.033 0.095
0.023 -0.033 0.099
0.019 -0.027 0.089
0.021 -0.027 0.093
0.019 -0.025 0.091
0.023 -0.031 0.099
0.019 -0.023 0.095
0.017 -0.023 0.097
0.029 -0.043 0.103
0.023 -0.037 0.097
0.025 -0.039 0.101
0.025 -0.039 0.099
0.029 -0.043 0.103
0.025 -0.039 0.101
0.031 -0.035 0.103
0.041 -0.041 0.103
0.029 -0.043 0.101
0.033 -0.041 0.099
0.033 -0.043 0.105
0.033 -0.043 0.103
0.033 -0.037 0.107
0.033 -0.037 0.107
0.021 -0.027 0.101
0.023 -0.029 0.103
0.017 -0.019 0.101
0.017 -0.019 0.103
0.023 -0.025 0.105
0.025 -0.027 0.105
0.025 -0.025 0.105
0.015 -0.015 0.099
0.015 -0.017 0.101
0.013 -0.011 0.103
0.009 -0.005 0.099
0.011 -0.009 0.101
0.009 -0.003 0.103
0.013 -0.013 0.107
0.013 -0.013 0.099
0.013 -0.011 0.099
0.013 -0.013 0.101
0.021 -0.015 0.105
0.015 -0.017 0.105
0.017 -0.017 0.105
0.025 -0.011 0.111
0.023 -0.013 0.107
0.023 -0.007 0.115
0.029 -0.043 0.103
0.027 -0.041 0.101
0.029 -0.031 0.101
0.031 -0.033 0.103
0.023 -0.029 0.103
0.025 -0.025 0.105
0.021 -0.023 0.103
-0.031 0.011 0.039
-0.035 0.013 0.039
-0.035 0.017 0.033
-0.037 0.015 0.039
-0.041 0.021 0.041
-0.041 0.021 0.047
-0.039 0.017 0.041
-0.041 0.023 0.047
-0.039 0.019 0.047
-0.033 0.019 0.053
-0.035 0.021 0.055
-0.035 0.023 0.059
-0.035 0.029 0.063
-0.023 0.003 0.033
-0.023 0.003 0.037
-0.027 0.011 0.033
-0.025 0.009 0.035
-0.029 0.011 0.033
-0.025 0.003 0.039
-0.029 0.005 0.049
-0.029 0.003 0.047
-0.031 0.007 0.049
-0.027 0.003 0.045
-0.029 0.003 0.049
-0.023 0.003 0.051
-0.015 0.001 0.037
-0.013 -0.005 0.039
-0.013 0.003 0.039
-0.019 0.001 0.037
-0.011 0.003 0.039
-0.011 0.003 0.039
-0.015 0.003 0.043
-0.023 0.003 0.051
-0.001 0.009 0.043
-0.033 0.013 0.035
-0.037 0.015 0.039
-0.031 0.007 0.051
-0.031 0.005 0.055
-0.035 0.019 0.051
-0.021 0.003 0.041
-0.027 0.003 0.045
-0.021 0.003 0.043
-0.021 0.003 0.045
-0.017 0.005 0.043
-0.025 0.003 0.053
-0.029 0.003 0.053
-0.029 0.003 0.055
-0.029 0.003 0.055
-0.011 0.013 0.053
-0.027 0.003 0.051
-0.031 0.005 0.051
-0.031 0.005 0.051
-0.019 0.005 0.051
-0.023 0.005 0.055
-0.031 0.009 0.055
-0.031 0.007 0.057
-0.029 0.003 0.055
-0.021 0.005 0.055
-0.019 0.007 0.053
-0.029 0.005 0.061
-0.023 0.005 0.057
-0.025 0.009 0.065
-0.017 0.005 0.051
-0.019 0.005 0.051
-0.017 0.007 0.053
-0.001 0.011 0.053
-0.001 0.005 0.063
-0.011 0.015 0.061
-0.031 0.017 0.049
-0.033 0.019 0.053
-0.029 0.005 0.059
-0.029 0.021 0.051
-0.035 0.021 0.053
-0.027 0.027 0.059
-0.025 0.011 0.065
-0.021 0.005 0.057
-0.025 0.005 0.059
-0.025 0.005 0.059
-0.019 0.009 0.061
-0.021 0.009 0.063
-0.019 0.009 0.063
-0.019 0.023 0.063
-0.021 0.023 0.065
-0.039 0.021 0.053
-0.029 0.005 0.045
-0.027 0.003 0.051
-0.029 0.027 0.065
-0.033 0.031 0.065
-0.027 0.029 0.065
-0.025 0.009 0.065
-0.023 0.011 0.067
-0.021 0.011 0.071
-0.033 0.029 0.065
-0.017 0.011 0.069
-0.017 0.011 0.071
-0.009 0.015 0.065
-0.003 0.005 0.069
-0.003 0.007 0.069
-0.007 0.009 0.079
-0.005 0.007 0.079
-0.023 0.011 0.067
-0.021 0.013 0.069
-0.029 0.029 0.069
-0.029 0.029 0.069
-0.021 0.029 0.067
-0.019 0.021 0.073
-0.021 0.023 0.077
-0.019 0.021 0.077
-0.021 0.025 0.073
-0.019 0.011 0.069
-0.019 0.013 0.073
-0.005 0.017 0.065
-0.011 0.017 0.075
-0.013 0.015 0.077
-0.017 0.013 0.073
-0.015 0.017 0.079
-0.007 0.013 0.075
-0.009 0.013 0.077
-0.011 0.015 0.077
-0.009 0.011 0.081
-0.011 0.013 0.083
-0.001 0.005 0.085
-0.009 0.011 0.083
-0.013 0.015 0.085
-0.013 0.015 0.087
-0.009 0.013 0.089
-0.007 0.011 0.089
-0.017 0.025 0.087
-0.015 0.015 0.081
-0.017 0.021 0.087
-0.013 0.015 0.087
-0.009 0.015 0.091
-0.015 0.021 0.089
-0.001 0.015 0.093
-0.005 0.019 0.093
-0.011 0.023 0.091
-0.013 0.027 0.091
-0.009 0.023 0.093
-0.033 0.041 0.075
-0.033 0.037 0.083
-0.035 0.039 0.085
-0.035 0.039 0.087
-0.037 0.041 0.087
-0.031 0.031 0.067
-0.031 0.033 0.069
-0.027 0.033 0.073
-0.027 0.031 0.073
-0.025 0.033 0.075
-0.029 0.037 0.075
-0.029 0.035 0.077
-0.027 0.033 0.081
-0.023 0.031 0.073
-0.021 0.027 0.079
-0.027 0.033 0.079
-0.019 0.021 0.073
-0.017 0.013 0.073
-0.031 0.035 0.081
-0.027 0.033 0.081
-0.027 0.033 0.085
-0.031 0.035 0.087
-0.027 0.033 0.087
-0.027 0.033 0.087
-0.033 0.037 0.085
-0.025 0.033 0.083
-0.025 0.033 0.085
-0.033 0.037 0.085
-0.031 0.035 0.085
-0.031 0.035 0.087
-0.017 0.021 0.087
-0.017 0.021 0.087
-0.017 0.023 0.087
-0.013 0.023 0.089
0.005 -0.023 0.043
-0.001 -0.011 0.047
0.001 0.011 0.045
0.001 -0.003 0.053
0.005 -0.023 0.045
0.007 -0.023 0.049
0.007 -0.013 0.053
0.009 -0.021 0.051
0.011 -0.023 0.053
-0.007 0.005 0.041
-0.013 0.003 0.045
-0.019 0.003 0.047
-0.003 0.011 0.051
-0.001 0.009 0.047
-0.009 0.007 0.049
-0.007 0.009 0.049
-0.009 0.011 0.053
-0.001 -0.001 0.059
-0.001 -0.001 0.057
-0.001 0.001 0.059
-0.001 0.005 0.065
0.003 -0.005 0.065
0.001 -0.003 0.063
0.001 -0.003 0.065
0.007 -0.009 0.059
0.013 -0.011 0.057
0.015 -0.007 0.063
0.013 -0.007 0.063
-0.003 0.011 0.053
-0.007 0.013 0.055
-0.007 0.013 0.059
-0.009 0.013 0.059
-0.003 0.015 0.061
-0.009 0.015 0.065
-0.003 0.005 0.069
-0.003 0.005 0.069
-0.003 0.003 0.071
0.003 -0.003 0.071
0.007 -0.001 0.077
0.015 -0.001 0.077
0.011 -0.005 0.069
0.007 -0.005 0.071
0.013 -0.001 0.075
-0.005 0.005 0.077
-0.007 0.009 0.077
-0.003 0.005 0.081
0.005 0.003 0.083
0.009 0.003 0.083
0.009 0.005 0.085
0.007 0.007 0.087
0.005 0.005 0.087
0.003 0.007 0.089
0.005 0.011 0.093
0.013 -0.013 0.087
0.013 -0.013 0.093
0.011 -0.009 0.093
0.011 -0.009 0.095
0.011 -0.009 0.099
0.013 -0.013 0.095
0.013 -0.013 0.097
0.015 -0.017 0.099
0.015 -0.017 0.101
0.013 -0.013 0.101
-0.001 0.005 0.085
-0.001 0.007 0.087
0.001 0.007 0.089
-0.001 0.007 0.089
-0.005 0.013 0.091
0.001 0.015 0.093
0.003 0.011 0.091
0.015 0.005 0.111
0.015 0.009 0.111
0.015 -0.017 0.105
0.015 -0.015 0.107
0.013 -0.013 0.107
0.015 0.005 0.109
0.015 0.005 0.111
