0.039 -0.025 0.085
0.037 -0.019 0.087
0.037 -0.019 0.085
0.039 -0.019 0.095
0.039 -0.027 0.063
0.041 -0.029 0.057
0.041 -0.027 0.051
0.041 -0.029 0.045
0.041 -0.027 0.057
0.041 -0.025 0.051
0.041 -0.021 0.051
0.033 -0.013 0.061
0.041 -0.013 0.051
0.041 -0.011 0.047
0.043 -0.039 0.083
0.043 -0.043 0.083
0.043 -0.037 0.085
0.043 -0.039 0.087
0.015 -0.037 0.043
0.043 -0.039 0.081
0.043 -0.037 0.085
0.033 -0.037 0.057
0.033 -0.035 0.063
0.035 -0.037 0.055
0.043 -0.037 0.081
0.043 -0.037 0.081
0.035 -0.037 0.055
0.031 -0.037 0.059
0.043 -0.037 0.083
0.033 -0.035 0.063
0.039 -0.033 0.045
0.037 -0.037 0.049
0.037 -0.033 0.061
0.033 -0.033 0.065
0.041 -0.035 0.081
0.035 -0.033 0.063
0.035 -0.035 0.061
0.037 -0.025 0.067
0.041 -0.035 0.087
0.041 -0.031 0.083
0.039 -0.029 0.085
0.039 -0.033 0.045
0.041 -0.027 0.059
0.041 -0.023 0.055
0.033 -0.011 0.071
0.037 -0.017 0.087
0.035 -0.015 0.083
0.035 -0.011 0.083
0.043 -0.017 0.051
0.035 -0.011 0.053
0.035 -0.005 0.045
0.031 -0.007 0.049
0.027 -0.003 0.049
0.041 -0.033 0.085
0.041 -0.033 0.085
0.039 -0.033 0.087
0.041 -0.033 0.085
0.039 -0.025 0.085
0.039 -0.019 0.093
0.037 -0.021 0.085
0.035 -0.015 0.089
0.035 -0.009 0.093
0.037 -0.017 0.087
0.037 -0.013 0.099
0.037 -0.013 0.099
0.035 -0.011 0.099
0.035 -0.013 0.085
0.035 -0.013 0.089
0.035 -0.015 0.071
0.027 -0.011 0.053
0.035 -0.015 0.065
0.027 -0.001 0.049
0.025 -0.005 0.053
0.025 -0.001 0.053
0.033 -0.013 0.075
0.033 -0.013 0.077
0.035 -0.015 0.073
0.033 -0.011 0.077
0.021 -0.001 0.059
0.039 -0.033 0.041
0.039 -0.031 0.043
0.043 -0.027 0.039
0.043 -0.025 0.039
0.043 -0.021 0.041
0.041 -0.021 0.041
0.047 -0.023 0.041
0.049 -0.023 0.039
0.049 -0.023 0.039
0.047 -0.023 0.041
0.041 -0.019 0.041
0.041 -0.019 0.047
0.049 -0.025 0.037
0.041 -0.013 0.043
0.041 -0.011 0.045
0.041 -0.013 0.047
0.041 -0.013 0.041
0.043 -0.015 0.041
0.035 -0.005 0.041
0.041 -0.011 0.051
0.041 -0.023 0.051
0.039 -0.031 0.063
0.039 -0.031 0.061
0.039 -0.029 0.063
0.039 -0.023 0.061
0.039 -0.021 0.063
0.037 -0.013 0.055
0.035 -0.011 0.053
0.041 -0.015 0.055
0.037 -0.017 0.063
0.037 -0.017 0.067
0.039 -0.049 0.093
0.039 -0.035 0.105
0.043 -0.037 0.103
0.043 -0.039 0.103
0.031 -0.043 0.091
0.035 -0.035 0.107
0.043 -0.045 0.085
0.039 -0.041 0.091
0.041 -0.035 0.089
0.039 -0.039 0.089
0.041 -0.037 0.089
0.035 -0.041 0.091
0.045 -0.039 0.101
0.041 -0.035 0.089
0.043 -0.031 0.097
0.037 -0.029 0.087
0.037 -0.025 0.087
0.041 -0.025 0.093
0.041 -0.025 0.095
0.037 -0.027 0.087
0.037 -0.021 0.097
0.039 -0.021 0.101
0.037 -0.021 0.083
0.041 -0.023 0.093
0.035 -0.011 0.103
0.035 -0.007 0.105
0.035 -0.009 0.103
0.035 -0.007 0.097
0.035 -0.013 0.085
0.035 -0.013 0.083
0.033 -0.011 0.075
0.033 -0.011 0.073
0.033 -0.009 0.087
0.033 -0.007 0.087
0.037 -0.015 0.099
0.033 -0.011 0.077
0.033 -0.011 0.077
0.037 -0.011 0.095
0.035 -0.009 0.097
0.035 -0.007 0.093
0.033 -0.007 0.087
0.035 -0.009 0.097
0.033 -0.009 0.083
0.041 -0.033 0.101
0.037 -0.031 0.103
0.037 -0.033 0.105
0.039 -0.033 0.103
0.035 -0.027 0.101
0.039 -0.023 0.103
0.037 -0.025 0.101
0.027 -0.029 0.103
0.033 -0.027 0.105
0.039 -0.033 0.103
0.035 -0.027 0.101
0.039 -0.025 0.097
0.039 -0.019 0.101
0.037 -0.025 0.103
0.037 -0.017 0.103
0.035 -0.019 0.103
0.033 -0.019 0.105
0.029 -0.009 0.105
0.031 -0.011 0.105
0.031 -0.011 0.105
0.027 -0.007 0.107
0.023 -0.017 0.105
0.025 -0.015 0.105
0.023 -0.013 0.107
0.025 -0.013 0.107
0.027 -0.007 0.107
0.025 -0.005 0.111
0.037 -0.015 0.093
0.035 -0.005 0.097
0.035 -0.007 0.105
0.033 -0.005 0.089
0.033 -0.005 0.091
0.033 -0.005 0.089
0.033 -0.005 0.091
0.035 -0.005 0.105
0.039 -0.023 0.065
0.035 -0.019 0.073
0.033 -0.011 0.071
0.039 -0.031 0.087
0.037 -0.027 0.087
0.041 -0.025 0.093
0.043 -0.031 0.099
0.041 -0.031 0.099
0.039 -0.027 0.097
0.037 -0.029 0.101
0.041 -0.027 0.097
0.041 -0.027 0.097
0.037 -0.023 0.099
0.039 -0.025 0.097
0.039 -0.019 0.095
0.035 -0.013 0.089
0.037 -0.015 0.097
0.037 -0.013 0.099
0.037 -0.013 0.097
0.033 -0.003 0.091
0.033 -0.001 0.091
0.029 -0.041 0.103
0.037 -0.039 0.105
0.031 -0.035 0.105
0.033 -0.037 0.107
0.031 -0.035 0.105
0.039 -0.041 0.105
0.043 -0.041 0.103
0.043 -0.037 0.103
0.039 -0.033 0.103
0.043 -0.039 0.103
0.037 -0.037 0.107
0.035 -0.037 0.107
0.039 -0.037 0.105
0.019 -0.017 0.105
0.027 -0.027 0.105
0.037 -0.033 0.105
0.035 -0.029 0.101
0.027 -0.027 0.105
0.023 -0.019 0.105
0.025 -0.007 0.115
0.025 -0.009 0.113
0.025 -0.007 0.115
0.027 -0.011 0.109
0.021 -0.013 0.105
0.027 -0.011 0.109
0.031 -0.013 0.105
0.025 -0.003 0.105
0.033 -0.003 0.109
0.025 -0.005 0.109
0.035 -0.003 0.105
0.035 -0.005 0.105
0.017 -0.013 0.107
0.025 -0.011 0.109
0.025 -0.011 0.111
0.031 -0.015 0.105
0.027 -0.011 0.109
0.025 -0.009 0.113
0.025 -0.005 0.111
0.025 -0.005 0.111
0.025 -0.007 0.115
0.037 -0.029 0.101
0.041 -0.033 0.101
0.039 -0.027 0.097
0.039 -0.019 0.101
0.037 -0.015 0.101
0.035 -0.009 0.103
0.035 -0.007 0.105
0.033 -0.001 0.101
0.033 -0.001 0.095
0.019 0.007 0.063
0.021 0.007 0.061
0.033 0.001 0.097
0.029 0.007 0.089
0.003 0.023 0.059
0.017 0.013 0.067
0.005 0.019 0.049
0.005 0.019 0.047
0.001 0.025 0.061
0.003 0.025 0.057
0.001 0.027 0.057
0.035 -0.003 0.107
0.033 -0.003 0.109
0.031 0.001 0.101
0.029 0.005 0.101
0.011 0.007 0.089
0.009 0.011 0.087
0.021 0.003 0.107
0.021 0.005 0.109
0.005 0.005 0.087
0.023 0.001 0.107
0.021 0.003 0.109
0.021 0.003 0.109
0.003 0.015 0.095
0.017 0.011 0.113
0.001 0.019 0.095
0.035 -0.009 0.103
0.037 -0.013 0.099
0.035 -0.007 0.095
0.035 -0.005 0.099
0.035 -0.005 0.103
0.033 -0.003 0.097
0.033 -0.005 0.091
0.027 -0.009 0.107
0.033 -0.009 0.105
0.035 -0.009 0.101
0.035 -0.007 0.103
0.035 -0.005 0.105
0.035 -0.003 0.105
0.035 -0.003 0.107
0.033 -0.001 0.101
0.035 -0.011 0.089
0.033 -0.009 0.087
0.035 -0.009 0.093
0.031 -0.007 0.077
0.031 0.001 0.087
0.031 0.001 0.091
0.019 0.003 0.065
0.021 0.007 0.061
0.019 0.001 0.067
0.035 -0.009 0.095
0.035 -0.009 0.099
0.033 -0.003 0.093
0.033 0.001 0.097
0.031 0.003 0.093
0.029 0.007 0.097
0.027 0.009 0.097
0.011 0.017 0.085
0.011 0.017 0.085
0.013 0.017 0.075
0.011 0.019 0.075
0.031 0.003 0.089
0.029 0.007 0.087
0.005 0.021 0.043
0.003 0.021 0.055
0.005 0.019 0.051
0.003 0.025 0.053
0.003 0.027 0.047
0.003 0.027 0.049
0.007 0.025 0.045
0.013 0.017 0.077
0.013 0.015 0.079
0.001 0.029 0.047
0.001 0.029 0.053
0.027 -0.007 0.109
0.027 -0.009 0.109
0.027 -0.007 0.111
0.025 -0.005 0.107
0.023 -0.003 0.109
0.021 -0.001 0.099
0.033 -0.005 0.107
0.025 -0.007 0.113
0.025 -0.007 0.113
0.025 -0.007 0.115
0.021 -0.003 0.109
0.021 0.001 0.109
0.019 0.001 0.097
0.035 -0.005 0.099
0.031 0.003 0.101
0.033 0.001 0.097
0.029 0.003 0.103
0.009 0.007 0.089
0.009 0.009 0.089
0.027 0.009 0.103
0.013 0.015 0.083
0.017 0.009 0.109
0.005 0.021 0.089
0.007 0.019 0.089
0.007 0.019 0.089
0.029 0.007 0.101
0.001 0.025 0.063
0.001 0.027 0.057
0.029 0.005 0.103
0.011 0.009 0.087
0.007 0.023 0.085
-0.001 0.029 0.063
-0.001 0.029 0.065
0.001 0.027 0.059
0.003 0.027 0.055
0.001 0.029 0.057
0.003 0.023 0.091
0.003 0.023 0.091
0.001 0.027 0.089
-0.001 0.019 0.095
0.035 -0.007 0.105
0.033 -0.005 0.107
0.029 0.003 0.103
0.021 0.003 0.107
0.007 0.011 0.091
0.005 0.015 0.091
0.005 0.011 0.093
0.005 0.011 0.093
0.005 0.011 0.093
0.001 0.019 0.095
-0.001 0.023 0.093
0.005 0.017 0.091
0.001 0.023 0.091
-0.001 0.023 0.093
0.003 0.015 0.095
0.017 0.011 0.113
0.017 0.011 0.113
0.027 0.009 0.097
-0.001 0.027 0.067
0.019 0.007 0.111
0.007 0.023 0.087
0.025 -0.003 0.107
0.019 0.003 0.111
0.017 0.005 0.111
0.021 0.001 0.109
-0.007 0.027 0.093
-0.007 0.027 0.093
-0.007 0.029 0.091
0.001 0.027 0.089
-0.007 0.025 0.095
-0.011 0.027 0.093
-0.011 0.029 0.093
-0.003 0.023 0.095
-0.025 0.039 0.085
-0.023 0.037 0.085
-0.035 0.043 0.087
-0.003 0.029 0.089
-0.001 0.025 0.091
-0.003 0.031 0.087
-0.011 0.029 0.093
-0.003 0.027 0.091
-0.005 0.027 0.091
-0.005 0.029 0.089
-0.003 0.029 0.089
-0.005 0.031 0.087
-0.007 0.031 0.089
-0.005 0.031 0.087
-0.011 0.033 0.087
-0.021 0.037 0.081
-0.023 0.037 0.083
-0.021 0.037 0.081
-0.021 0.039 0.079
-0.003 0.031 0.073
-0.003 0.031 0.087
-0.003 0.033 0.077
-0.025 0.033 0.085
-0.025 0.033 0.087
-0.029 0.037 0.089
-0.001 0.031 0.083
0.023 -0.003 0.055
0.025 -0.003 0.051
0.025 -0.001 0.053
0.025 -0.001 0.053
0.019 0.009 0.057
0.029 -0.005 0.077
0.019 -0.001 0.063
0.021 0.001 0.061
0.019 0.003 0.063
0.017 0.011 0.061
0.029 0.003 0.043
0.027 -0.001 0.049
0.025 0.001 0.045
0.029 0.003 0.043
0.029 0.005 0.041
0.029 0.003 0.043
0.029 0.005 0.037
0.025 0.003 0.051
0.025 0.003 0.051
0.031 0.001 0.041
0.027 -0.001 0.049
0.009 0.027 0.039
0.005 0.019 0.049
0.007 0.025 0.045
0.003 0.025 0.051
0.007 0.027 0.045
0.009 0.029 0.041
0.033 -0.003 0.087
0.033 -0.001 0.091
0.019 0.005 0.069
0.021 0.005 0.063
0.033 -0.001 0.097
0.017 0.013 0.069
0.017 0.013 0.069
0.021 0.007 0.059
0.021 0.001 0.059
0.021 0.005 0.063
0.021 0.007 0.061
0.021 0.005 0.063
0.005 0.023 0.053
0.013 0.017 0.071
0.033 0.001 0.037
0.007 0.033 0.039
0.007 0.033 0.035
0.009 0.031 0.041
0.005 0.035 0.037
0.033 -0.001 0.101
0.017 0.013 0.071
0.031 -0.007 0.105
0.033 -0.003 0.095
0.031 0.001 0.099
0.019 0.005 0.065
0.017 0.007 0.071
0.029 0.007 0.087
0.015 0.013 0.079
0.027 0.009 0.097
0.015 0.013 0.079
0.007 0.023 0.087
0.025 -0.005 0.107
0.033 -0.005 0.107
0.031 0.001 0.101
0.035 -0.003 0.107
0.019 0.001 0.097
0.011 0.007 0.089
0.033 -0.003 0.099
0.031 0.001 0.093
0.031 0.001 0.091
0.029 0.007 0.089
0.009 0.021 0.085
0.009 0.017 0.087
0.007 0.015 0.089
0.011 0.017 0.081
0.009 0.021 0.085
0.005 0.015 0.091
0.003 0.021 0.091
0.005 0.023 0.089
0.003 0.023 0.091
0.001 0.025 0.091
0.033 -0.001 0.107
0.021 0.003 0.107
0.019 0.003 0.111
