-0.017 -0.005 0.033
-0.005 -0.017 0.035
-0.005 -0.011 0.039
-0.013 -0.007 0.037
-0.013 -0.005 0.039
0.013 -0.041 0.033
0.007 -0.035 0.033
0.009 -0.043 0.043
0.007 -0.041 0.043
-0.003 -0.019 0.035
0.007 -0.039 0.035
0.011 -0.043 0.041
0.039 -0.035 0.051
0.003 -0.025 0.037
0.007 -0.039 0.037
0.005 -0.033 0.041
0.005 -0.031 0.039
0.005 -0.029 0.041
0.005 -0.031 0.045
0.003 -0.021 0.043
0.005 -0.025 0.043
-0.001 -0.019 0.037
0.001 -0.023 0.039
-0.001 -0.013 0.045
-0.001 -0.011 0.047
-0.001 -0.011 0.047
0.011 -0.025 0.053
0.013 -0.021 0.053
0.019 -0.027 0.063
0.017 -0.013 0.055
0.021 -0.015 0.059
0.019 -0.019 0.061
0.019 -0.027 0.065
0.021 -0.029 0.067
0.017 -0.009 0.059
0.031 -0.037 0.043
0.027 -0.037 0.043
0.031 -0.037 0.043
0.025 -0.037 0.053
0.013 -0.037 0.043
0.015 -0.033 0.047
0.025 -0.037 0.049
0.019 -0.033 0.055
0.015 -0.029 0.057
0.033 -0.037 0.053
0.035 -0.037 0.055
0.035 -0.033 0.063
0.023 -0.029 0.069
0.031 -0.043 0.091
0.035 -0.045 0.093
0.017 -0.021 0.067
0.021 -0.023 0.077
0.003 -0.001 0.077
0.017 -0.015 0.071
0.017 -0.013 0.071
0.021 -0.025 0.073
0.017 -0.015 0.073
0.015 -0.015 0.075
0.015 -0.013 0.075
0.015 -0.009 0.079
0.019 -0.019 0.079
0.015 -0.015 0.077
0.023 -0.035 0.085
0.019 -0.025 0.087
0.019 -0.027 0.087
0.023 -0.033 0.087
0.019 -0.027 0.089
0.013 -0.015 0.095
0.019 -0.025 0.089
0.013 -0.013 0.099
0.035 -0.031 0.067
0.033 -0.031 0.069
0.031 -0.027 0.073
0.023 -0.027 0.073
0.023 -0.025 0.075
0.023 -0.023 0.077
0.025 -0.037 0.087
0.029 -0.033 0.089
0.027 -0.039 0.097
0.021 -0.031 0.095
0.021 -0.033 0.097
0.017 -0.021 0.099
0.017 -0.019 0.097
0.017 -0.019 0.103
0.015 -0.013 0.105
0.015 -0.013 0.103
0.015 -0.015 0.107
0.025 -0.011 0.109
0.021 -0.009 0.107
0.025 -0.007 0.115
0.033 -0.031 0.103
0.031 -0.029 0.103
0.029 -0.029 0.103
-0.033 0.013 0.035
-0.035 0.013 0.041
-0.037 0.015 0.037
-0.039 0.019 0.041
-0.041 0.021 0.049
-0.039 0.021 0.053
-0.039 0.025 0.053
-0.039 0.027 0.055
-0.027 0.003 0.033
-0.025 0.009 0.037
-0.029 0.003 0.047
-0.017 0.005 0.041
-0.021 0.003 0.043
-0.029 0.003 0.049
-0.029 0.003 0.051
-0.011 -0.003 0.039
-0.017 -0.001 0.037
-0.023 0.003 0.041
-0.025 0.005 0.041
-0.029 0.011 0.041
-0.031 0.009 0.051
-0.013 0.003 0.043
-0.029 0.003 0.055
-0.011 0.013 0.053
-0.029 0.003 0.051
-0.031 0.005 0.051
-0.025 0.003 0.055
-0.029 0.003 0.055
-0.029 0.007 0.059
-0.021 0.009 0.063
-0.013 0.005 0.049
-0.029 0.019 0.049
-0.029 0.007 0.061
-0.029 0.027 0.063
-0.021 0.005 0.057
-0.017 0.011 0.065
-0.031 0.013 0.045
-0.029 0.003 0.051
-0.029 0.003 0.053
-0.027 0.003 0.053
-0.025 0.003 0.053
-0.001 -0.001 0.065
-0.001 -0.001 0.071
-0.007 0.013 0.075
-0.029 0.027 0.065
-0.013 0.015 0.077
-0.005 0.011 0.075
-0.005 0.007 0.083
-0.003 0.011 0.091
-0.001 0.011 0.091
-0.003 0.017 0.093
-0.007 0.021 0.093
-0.035 0.041 0.081
-0.029 0.031 0.069
-0.023 0.033 0.081
-0.021 0.023 0.077
-0.031 0.035 0.085
-0.017 0.021 0.087
-0.001 -0.011 0.047
-0.001 0.011 0.049
0.009 -0.017 0.053
-0.011 0.005 0.049
0.003 0.015 0.055
0.001 -0.003 0.061
0.013 -0.011 0.057
0.009 -0.007 0.067
-0.005 0.015 0.063
-0.003 0.005 0.069
0.009 0.001 0.081
0.013 -0.003 0.071
-0.007 0.009 0.079
-0.001 0.003 0.081
-0.009 0.011 0.083
0.013 0.003 0.083
0.015 -0.017 0.095
0.015 -0.015 0.097
0.013 -0.013 0.099
0.013 -0.011 0.099
0.003 0.011 0.091
-0.007 0.013 0.091
0.017 -0.001 0.107
0.013 -0.011 0.109
0.017 0.001 0.109
0.001 0.029 0.047
0.005 0.005 0.043
0.001 0.031 0.043
0.007 0.021 0.075
0.013 0.001 0.035
0.025 0.005 0.035
0.037 -0.017 0.063
0.025 0.005 0.043
0.017 0.011 0.053
0.013 0.011 0.051
0.017 0.011 0.055
0.013 0.005 0.039
0.023 0.007 0.039
0.009 0.011 0.051
0.029 0.003 0.039
0.033 0.001 0.037
0.033 -0.005 0.045
0.017 0.011 0.059
0.023 -0.011 0.061
0.029 -0.007 0.069
0.025 -0.007 0.067
0.015 0.013 0.059
0.019 0.009 0.061
0.011 0.013 0.059
0.013 0.015 0.065
0.023 0.001 0.057
0.029 -0.011 0.063
0.039 -0.007 0.037
0.041 -0.011 0.047
0.049 -0.017 0.039
0.039 -0.013 0.035
0.041 -0.011 0.037
0.041 -0.013 0.037
0.037 -0.005 0.037
0.039 -0.007 0.037
0.043 -0.015 0.051
0.037 -0.019 0.065
0.037 -0.007 0.049
0.037 -0.009 0.051
0.035 -0.015 0.063
0.035 -0.011 0.091
0.035 -0.015 0.089
0.035 -0.011 0.091
0.037 -0.019 0.085
0.043 -0.037 0.081
0.041 -0.023 0.095
0.041 -0.035 0.089
0.041 -0.023 0.093
0.033 -0.011 0.075
0.013 0.017 0.075
0.027 -0.005 0.071
0.031 -0.009 0.075
0.029 0.003 0.091
0.025 0.003 0.087
0.031 0.005 0.097
0.019 0.001 0.097
0.013 -0.003 0.091
0.017 -0.003 0.093
0.031 -0.013 0.081
0.031 -0.011 0.081
0.031 -0.011 0.081
0.019 0.001 0.087
0.029 0.007 0.089
0.021 0.001 0.093
0.035 -0.015 0.073
0.033 -0.015 0.077
0.033 -0.011 0.069
0.037 -0.019 0.083
0.037 -0.021 0.081
0.037 -0.017 0.087
0.043 -0.029 0.095
0.037 -0.015 0.093
0.037 -0.013 0.093
0.035 -0.007 0.101
0.035 -0.013 0.103
0.035 -0.015 0.105
0.039 -0.025 0.097
0.039 -0.033 0.103
0.043 -0.037 0.103
0.029 0.007 0.103
0.027 -0.007 0.105
0.021 -0.003 0.101
0.023 -0.001 0.105
0.033 -0.001 0.107
0.033 -0.001 0.107
0.019 -0.001 0.099
0.011 -0.001 0.103
0.019 0.005 0.107
0.027 -0.007 0.109
0.025 -0.005 0.115
0.037 -0.021 0.099
0.035 -0.005 0.103
0.035 -0.007 0.101
-0.001 0.035 0.039
-0.021 0.035 0.035
-0.013 0.035 0.035
-0.007 0.025 0.031
-0.037 0.031 0.045
-0.033 0.033 0.045
-0.029 0.037 0.065
-0.013 0.031 0.043
-0.015 0.031 0.043
-0.017 0.025 0.051
-0.011 0.029 0.051
-0.007 0.031 0.053
-0.019 0.021 0.047
-0.025 0.011 0.047
-0.017 0.023 0.047
0.001 0.029 0.047
0.003 0.033 0.041
-0.013 0.035 0.035
-0.021 0.033 0.039
-0.015 0.033 0.039
-0.011 0.031 0.047
-0.027 0.031 0.043
-0.001 0.035 0.039
0.001 0.035 0.039
-0.011 0.035 0.065
-0.001 0.031 0.055
-0.001 0.031 0.059
-0.013 0.035 0.065
-0.011 0.029 0.053
-0.005 0.033 0.049
-0.007 0.035 0.063
-0.033 0.035 0.053
-0.009 0.033 0.035
-0.013 0.033 0.041
-0.005 0.033 0.049
-0.009 0.035 0.077
0.003 0.021 0.073
-0.017 0.035 0.073
-0.017 0.035 0.073
-0.007 0.033 0.081
0.005 0.023 0.089
0.001 0.029 0.085
-0.007 0.027 0.093
-0.001 0.023 0.093
-0.007 0.031 0.089
-0.031 0.043 0.075
-0.023 0.039 0.069
-0.017 0.035 0.075
-0.027 0.041 0.075
0.023 0.007 0.039
0.025 0.005 0.045
0.007 0.025 0.041
0.005 0.023 0.053
0.011 0.011 0.053
0.003 0.021 0.059
0.001 0.027 0.059
0.007 0.035 0.033
0.007 0.035 0.033
0.017 0.005 0.073
0.009 0.019 0.071
0.011 0.019 0.079
0.011 0.005 0.087
0.021 0.001 0.083
0.031 0.001 0.087
0.029 0.007 0.093
0.005 0.025 0.085
0.031 0.005 0.097
-0.005 -0.013 0.037
-0.007 -0.003 0.039
0.019 0.003 0.111
0.021 0.005 0.109
0.007 -0.037 0.045
0.013 -0.041 0.043
0.007 -0.035 0.045
0.015 -0.015 0.107
0.017 -0.031 0.057
0.023 -0.019 0.105
0.011 -0.023 0.053
0.011 -0.005 0.101
0.015 -0.007 0.103
0.003 0.009 0.089
0.015 0.007 0.111
0.025 -0.003 0.053
0.009 -0.019 0.051
0.015 -0.029 0.057
0.009 -0.013 0.055
0.019 0.003 0.111
0.025 -0.003 0.101
0.029 -0.007 0.103
0.035 -0.007 0.105
0.033 -0.001 0.109
0.033 -0.003 0.109
0.033 -0.009 0.105
0.035 -0.001 0.037
0.027 0.009 0.103
0.033 -0.001 0.109
0.033 -0.017 0.105
0.033 -0.019 0.105
0.041 -0.013 0.053
0.025 -0.039 0.101
0.029 -0.041 0.103
0.021 -0.027 0.099
0.023 -0.033 0.099
0.023 -0.027 0.103
0.035 -0.029 0.101
0.033 -0.037 0.107
0.037 -0.033 0.105
0.035 -0.031 0.103
0.017 -0.015 0.107
0.021 -0.019 0.105
0.021 -0.013 0.105
0.023 -0.011 0.111
0.007 -0.005 0.071
0.013 -0.007 0.103
0.005 0.001 0.081
0.003 -0.001 0.079
0.025 -0.001 0.099
0.021 0.003 0.109
0.027 -0.001 0.101
0.023 0.001 0.091
0.021 -0.021 0.105
0.029 -0.023 0.105
0.027 -0.023 0.105
0.015 -0.003 0.097
0.029 -0.009 0.105
0.031 -0.017 0.105
0.031 -0.005 0.107
0.031 -0.007 0.105
0.029 -0.011 0.105
0.031 -0.009 0.103
0.029 -0.005 0.103
0.031 -0.011 0.105
0.035 -0.013 0.103
0.031 -0.021 0.105
0.031 -0.019 0.105
0.035 -0.015 0.105
0.025 -0.033 0.099
0.031 -0.035 0.105
0.031 -0.039 0.105
0.031 -0.035 0.105
0.035 -0.041 0.105
0.031 -0.029 0.105
0.021 -0.023 0.103
0.013 -0.011 0.109
0.011 -0.009 0.101
0.025 -0.009 0.113
0.021 -0.007 0.109
0.037 -0.019 0.103
0.033 -0.009 0.105
0.033 -0.001 0.101
0.035 -0.003 0.107
-0.027 0.015 0.045
-0.029 0.023 0.055
-0.017 0.031 0.089
-0.027 0.033 0.087
-0.015 0.031 0.089
-0.005 0.027 0.091
-0.007 0.033 0.087
-0.033 0.013 0.045
-0.035 0.021 0.055
-0.035 0.023 0.059
-0.037 0.029 0.061
-0.035 0.017 0.049
-0.035 0.031 0.063
-0.035 0.023 0.059
-0.033 0.023 0.059
-0.031 0.035 0.087
-0.019 0.013 0.065
-0.025 0.011 0.065
-0.021 0.009 0.067
-0.023 0.007 0.061
-0.007 0.023 0.095
-0.001 0.023 0.093
-0.001 0.025 0.091
-0.007 0.019 0.093
-0.029 0.029 0.069
-0.027 0.039 0.087
-0.023 0.029 0.065
-0.009 0.029 0.091
-0.009 0.035 0.083
-0.011 0.031 0.089
-0.005 0.035 0.073
-0.029 0.007 0.061
-0.023 0.009 0.065
-0.027 0.013 0.061
-0.021 0.011 0.071
-0.013 0.017 0.089
-0.015 0.023 0.089
-0.007 0.021 0.093
-0.013 0.019 0.089
-0.007 0.021 0.093
-0.017 0.031 0.089
-0.013 0.023 0.089
-0.013 0.023 0.089
-0.027 0.039 0.087
-0.009 0.035 0.083
-0.023 0.013 0.067
-0.017 0.013 0.073
-0.003 0.007 0.087
-0.009 0.013 0.089
-0.019 0.023 0.083
-0.015 0.019 0.087
-0.003 0.033 0.081
-0.015 0.021 0.089
-0.011 0.017 0.089
-0.005 0.019 0.093
-0.015 0.025 0.089
-0.011 0.025 0.093
-0.001 0.025 0.091
-0.007 0.029 0.091
-0.007 0.025 0.095
-0.033 0.039 0.087
-0.021 0.033 0.081
-0.029 0.043 0.081
-0.017 0.033 0.087
-0.023 0.037 0.085
-0.031 0.043 0.083
0.029 0.003 0.043
0.005 0.013 0.093
0.009 0.011 0.091
-0.001 0.023 0.093
0.001 0.023 0.091
0.003 0.011 0.091
0.021 0.007 0.061
0.029 0.005 0.041
0.025 0.005 0.053
0.007 0.031 0.041
0.013 0.015 0.083
0.015 0.015 0.075
0.001 0.023 0.091
0.015 0.013 0.079
0.007 0.021 0.087
0.001 0.025 0.091
0.003 0.025 0.089
0.013 0.011 0.113
0.011 0.009 0.087
0.003 0.009 0.089
0.029 0.005 0.103
0.027 0.007 0.097
0.031 0.003 0.099
0.003 0.017 0.093
0.015 0.007 0.113
0.019 0.005 0.111
