0.017 -0.039 0.039
0.019 -0.037 0.039
0.017 -0.039 0.041
0.023 -0.037 0.041
0.017 -0.035 0.045
0.017 -0.035 0.031
0.015 -0.039 0.031
0.017 -0.039 0.033
0.029 -0.033 0.033
0.027 -0.029 0.031
0.029 -0.029 0.031
0.019 -0.037 0.033
0.033 -0.031 0.033
0.035 -0.031 0.035
0.035 -0.023 0.033
0.035 -0.029 0.033
0.035 -0.025 0.033
0.035 -0.023 0.033
0.049 -0.025 0.033
0.049 -0.025 0.033
0.011 -0.043 0.039
0.011 -0.043 0.039
0.011 -0.043 0.041
0.011 -0.043 0.043
0.013 -0.041 0.043
0.011 -0.037 0.045
0.013 -0.035 0.045
0.015 -0.035 0.045
0.025 -0.035 0.035
0.021 -0.035 0.037
0.021 -0.037 0.043
0.019 -0.035 0.047
0.029 -0.039 0.047
0.021 -0.035 0.049
0.023 -0.037 0.051
0.021 -0.035 0.049
0.031 -0.037 0.051
0.025 -0.037 0.055
0.021 -0.033 0.059
0.031 -0.037 0.057
0.029 -0.037 0.059
0.025 -0.035 0.061
0.033 -0.035 0.037
0.035 -0.037 0.047
0.013 -0.041 0.035
0.015 -0.041 0.033
0.015 -0.039 0.043
0.007 -0.031 0.047
0.009 -0.031 0.047
0.015 -0.033 0.047
0.017 -0.035 0.045
0.021 -0.037 0.045
0.017 -0.035 0.045
0.029 -0.033 0.033
0.033 -0.033 0.035
0.025 -0.035 0.035
0.025 -0.035 0.035
0.023 -0.035 0.037
0.029 -0.035 0.037
0.031 -0.033 0.035
0.035 -0.035 0.041
0.025 -0.037 0.047
0.033 -0.037 0.049
0.041 -0.027 0.037
0.045 -0.029 0.035
0.045 -0.027 0.035
0.041 -0.019 0.045
0.041 -0.023 0.049
0.013 -0.031 0.049
0.025 -0.037 0.055
0.025 -0.033 0.063
0.031 -0.037 0.057
0.035 -0.035 0.061
0.027 -0.037 0.051
0.027 -0.037 0.053
0.031 -0.037 0.055
0.029 -0.037 0.055
0.031 -0.037 0.059
0.031 -0.035 0.063
0.037 -0.033 0.063
0.041 -0.031 0.051
0.041 -0.027 0.051
0.041 -0.031 0.055
0.041 -0.027 0.055
0.041 -0.027 0.049
0.041 -0.027 0.051
0.039 -0.033 0.057
0.039 -0.033 0.057
0.039 -0.025 0.063
0.039 -0.031 0.057
0.041 -0.027 0.059
0.039 -0.031 0.061
0.039 -0.031 0.063
0.037 -0.029 0.035
0.037 -0.029 0.035
0.049 -0.027 0.035
0.035 -0.025 0.033
0.035 -0.023 0.033
0.045 -0.029 0.035
0.049 -0.027 0.035
0.049 -0.027 0.035
0.049 -0.027 0.035
0.039 -0.031 0.043
0.041 -0.029 0.047
0.041 -0.025 0.047
0.041 -0.023 0.047
0.049 -0.023 0.039
0.049 -0.019 0.039
0.043 -0.027 0.035
0.049 -0.025 0.035
0.049 -0.023 0.037
0.047 -0.023 0.041
0.049 -0.023 0.039
0.041 -0.015 0.043
0.041 -0.013 0.047
0.039 -0.033 0.055
0.043 -0.019 0.051
0.041 -0.027 0.059
0.041 -0.027 0.057
0.039 -0.021 0.059
0.039 -0.025 0.063
0.043 -0.019 0.051
0.043 -0.019 0.051
0.043 -0.017 0.051
0.043 -0.017 0.049
0.043 -0.019 0.049
0.031 -0.047 0.083
0.033 -0.049 0.085
0.033 -0.049 0.085
0.031 -0.043 0.083
0.031 -0.047 0.083
0.037 -0.041 0.083
0.039 -0.045 0.085
0.031 -0.047 0.089
0.037 -0.049 0.093
0.033 -0.043 0.083
0.037 -0.047 0.085
0.039 -0.045 0.085
0.043 -0.045 0.083
0.043 -0.043 0.083
0.039 -0.045 0.089
0.039 -0.049 0.091
0.039 -0.045 0.089
0.039 -0.049 0.093
0.041 -0.043 0.089
0.041 -0.043 0.089
0.041 -0.045 0.087
0.041 -0.039 0.089
0.043 -0.035 0.095
0.027 -0.033 0.067
0.031 -0.033 0.067
0.025 -0.025 0.075
0.029 -0.025 0.075
0.027 -0.021 0.079
0.031 -0.019 0.079
0.035 -0.031 0.065
0.027 -0.029 0.071
0.025 -0.023 0.077
0.037 -0.031 0.065
0.037 -0.023 0.067
0.037 -0.027 0.069
0.031 -0.027 0.073
0.031 -0.013 0.079
0.033 -0.025 0.073
0.031 -0.011 0.079
0.037 -0.041 0.083
0.035 -0.033 0.081
0.035 -0.033 0.081
0.037 -0.047 0.085
0.037 -0.041 0.083
0.037 -0.033 0.081
0.043 -0.045 0.083
0.037 -0.045 0.089
0.039 -0.047 0.087
0.029 -0.031 0.095
0.037 -0.033 0.093
0.023 -0.021 0.081
0.041 -0.045 0.085
0.025 -0.019 0.081
0.043 -0.043 0.087
0.037 -0.033 0.093
0.023 -0.021 0.081
0.041 -0.031 0.083
0.035 -0.013 0.083
0.039 -0.033 0.093
0.041 -0.031 0.093
0.035 -0.011 0.089
0.035 -0.009 0.093
0.037 -0.027 0.067
0.037 -0.027 0.069
0.037 -0.025 0.069
0.035 -0.019 0.071
0.033 -0.021 0.075
0.037 -0.023 0.067
0.035 -0.017 0.071
0.033 -0.017 0.075
0.039 -0.027 0.083
0.043 -0.039 0.085
0.043 -0.041 0.085
0.039 -0.029 0.085
0.041 -0.033 0.083
0.037 -0.023 0.081
0.043 -0.031 0.095
0.037 -0.019 0.091
0.041 -0.027 0.093
0.037 -0.017 0.085
0.037 -0.017 0.091
0.039 -0.017 0.093
0.031 -0.043 0.101
0.027 -0.041 0.099
0.031 -0.041 0.097
0.031 -0.041 0.097
0.031 -0.039 0.097
0.041 -0.041 0.101
0.043 -0.039 0.099
0.043 -0.039 0.099
0.043 -0.037 0.097
0.043 -0.041 0.101
0.043 -0.041 0.103
0.039 -0.041 0.105
0.033 -0.039 0.099
0.039 -0.039 0.099
0.031 -0.037 0.097
0.031 -0.035 0.097
0.037 -0.041 0.101
0.037 -0.039 0.099
0.037 -0.041 0.101
0.043 -0.039 0.103
0.031 -0.029 0.095
0.041 -0.037 0.095
0.039 -0.039 0.099
0.041 -0.039 0.099
0.043 -0.039 0.099
0.039 -0.023 0.101
0.041 -0.037 0.095
0.043 -0.033 0.097
0.037 -0.019 0.099
0.043 -0.037 0.103
0.037 -0.025 0.103
0.033 -0.017 0.105
0.027 -0.009 0.109
0.023 -0.009 0.113
0.039 -0.039 0.097
0.043 -0.033 0.095
0.039 -0.023 0.103
0.039 -0.023 0.101
0.035 -0.011 0.101
0.035 -0.013 0.103
0.035 -0.005 0.099
0.033 -0.033 0.035
0.019 -0.037 0.037
0.031 -0.035 0.037
0.033 -0.035 0.037
0.033 -0.035 0.037
0.035 -0.033 0.037
0.037 -0.031 0.037
0.035 -0.033 0.037
0.033 -0.035 0.037
0.035 -0.033 0.037
0.015 -0.039 0.041
-0.025 0.003 0.043
0.005 -0.031 0.045
0.015 -0.039 0.041
0.017 -0.039 0.041
0.015 -0.039 0.043
0.017 -0.037 0.043
0.021 -0.035 0.039
0.021 -0.037 0.043
-0.025 0.003 0.043
-0.025 0.003 0.047
-0.023 0.003 0.047
-0.023 0.003 0.047
0.015 -0.035 0.045
0.017 -0.033 0.049
0.017 -0.033 0.051
0.025 -0.037 0.051
-0.023 0.003 0.051
0.017 -0.033 0.053
-0.021 0.007 0.059
-0.021 0.011 0.059
-0.021 0.007 0.061
-0.019 0.009 0.061
0.021 -0.031 0.063
0.015 -0.041 0.039
0.019 -0.037 0.039
0.021 -0.035 0.037
0.017 -0.039 0.041
0.017 -0.037 0.043
0.019 -0.037 0.043
0.019 -0.037 0.039
0.021 -0.035 0.037
0.025 -0.037 0.041
0.021 -0.037 0.043
0.009 -0.037 0.045
0.021 -0.037 0.045
0.023 -0.037 0.045
0.009 -0.031 0.047
0.007 -0.025 0.049
0.013 -0.035 0.045
0.015 -0.033 0.047
0.015 -0.035 0.045
0.019 -0.035 0.047
0.021 -0.035 0.047
0.035 -0.035 0.039
0.035 -0.035 0.041
0.035 -0.037 0.043
0.021 -0.035 0.049
0.035 -0.037 0.045
0.037 -0.035 0.047
0.021 -0.035 0.039
0.025 -0.037 0.039
0.025 -0.037 0.041
0.027 -0.037 0.043
0.025 -0.037 0.049
0.029 -0.039 0.049
0.033 -0.037 0.051
0.029 -0.039 0.047
0.025 -0.037 0.051
0.029 -0.039 0.051
0.031 -0.037 0.039
0.031 -0.037 0.041
0.033 -0.037 0.041
0.035 -0.035 0.039
0.037 -0.033 0.039
0.037 -0.033 0.039
0.039 -0.031 0.041
0.039 -0.033 0.041
0.039 -0.033 0.041
0.039 -0.029 0.041
0.041 -0.029 0.043
0.041 -0.031 0.045
0.041 -0.027 0.047
-0.029 0.003 0.053
-0.023 0.003 0.049
0.017 -0.033 0.051
-0.027 0.005 0.057
-0.023 0.005 0.059
-0.021 0.007 0.057
-0.021 0.007 0.059
-0.021 0.007 0.061
-0.023 0.009 0.063
0.031 -0.037 0.053
0.033 -0.037 0.051
0.035 -0.037 0.051
0.035 -0.037 0.055
0.031 -0.037 0.059
0.029 -0.035 0.061
0.031 -0.035 0.061
0.035 -0.035 0.059
0.027 -0.037 0.053
0.029 -0.037 0.057
0.031 -0.037 0.057
0.021 -0.033 0.059
0.027 -0.035 0.061
0.031 -0.035 0.061
0.025 -0.035 0.061
0.033 -0.037 0.051
0.035 -0.037 0.053
0.033 -0.037 0.057
0.037 -0.035 0.053
0.037 -0.035 0.057
0.041 -0.027 0.055
0.031 -0.037 0.059
0.039 -0.029 0.061
0.039 -0.025 0.061
0.029 -0.039 0.049
0.027 -0.037 0.057
0.025 -0.033 0.063
0.037 -0.035 0.043
0.039 -0.033 0.041
0.041 -0.027 0.041
0.041 -0.029 0.043
0.041 -0.029 0.043
0.031 -0.037 0.055
0.029 -0.037 0.057
0.033 -0.037 0.057
0.031 -0.035 0.061
0.033 -0.035 0.063
0.039 -0.029 0.061
0.039 -0.029 0.063
0.039 -0.027 0.061
-0.025 0.009 0.065
-0.023 0.009 0.065
-0.019 0.009 0.065
-0.019 0.009 0.065
-0.019 0.011 0.071
0.027 -0.033 0.065
0.025 -0.027 0.073
0.017 -0.019 0.077
0.029 -0.029 0.073
0.023 -0.025 0.075
0.023 -0.029 0.071
0.027 -0.033 0.065
0.029 -0.033 0.065
0.031 -0.033 0.065
0.029 -0.031 0.069
0.023 -0.029 0.071
-0.001 0.001 0.077
0.023 -0.027 0.073
0.037 -0.029 0.067
0.037 -0.031 0.065
0.035 -0.029 0.069
0.033 -0.029 0.071
0.039 -0.027 0.065
0.033 -0.029 0.071
0.035 -0.027 0.071
0.019 -0.019 0.081
0.033 -0.037 0.083
0.019 -0.019 0.081
0.043 -0.045 0.083
-0.015 0.015 0.081
0.023 -0.021 0.081
0.043 -0.037 0.083
0.041 -0.045 0.085
0.043 -0.045 0.085
0.043 -0.043 0.087
0.043 -0.043 0.087
0.041 -0.039 0.089
0.043 -0.043 0.085
-0.003 0.005 0.083
0.035 -0.031 0.067
0.029 -0.029 0.073
0.021 -0.023 0.077
0.033 -0.029 0.071
0.033 -0.029 0.071
0.029 -0.023 0.077
0.025 -0.025 0.075
0.037 -0.029 0.067
0.037 -0.027 0.069
0.035 -0.023 0.071
0.031 -0.021 0.077
0.033 -0.021 0.075
0.021 -0.021 0.079
-0.001 0.003 0.081
0.035 -0.041 0.083
0.019 -0.019 0.081
0.025 -0.019 0.081
0.027 -0.021 0.079
0.021 -0.021 0.079
0.043 -0.037 0.083
0.031 -0.013 0.079
0.039 -0.029 0.039
0.037 -0.035 0.045
0.037 -0.035 0.045
0.037 -0.035 0.047
0.039 -0.033 0.047
0.041 -0.031 0.049
0.041 -0.027 0.049
0.041 -0.021 0.041
0.049 -0.027 0.035
0.049 -0.023 0.035
0.041 -0.027 0.043
0.045 -0.023 0.041
0.041 -0.025 0.047
0.041 -0.027 0.049
0.041 -0.023 0.047
0.039 -0.035 0.053
0.039 -0.033 0.057
0.035 -0.035 0.061
0.035 -0.033 0.063
0.041 -0.025 0.059
0.041 -0.023 0.055
0.041 -0.021 0.055
0.039 -0.021 0.061
0.039 -0.019 0.059
0.039 -0.031 0.059
0.041 -0.015 0.045
0.035 -0.031 0.067
0.037 -0.025 0.067
0.029 -0.023 0.077
0.035 -0.017 0.073
0.033 -0.013 0.077
0.039 -0.025 0.065
0.037 -0.019 0.065
0.035 -0.021 0.071
0.033 -0.017 0.075
0.035 -0.017 0.073
0.033 -0.017 0.077
0.021 -0.021 0.079
0.041 -0.039 0.081
0.023 -0.021 0.081
0.027 -0.021 0.079
0.031 -0.019 0.079
0.043 -0.037 0.083
0.043 -0.037 0.085
0.039 -0.031 0.087
0.039 -0.029 0.085
0.039 -0.025 0.083
0.037 -0.017 0.085
0.037 -0.021 0.087
0.033 -0.007 0.089
0.033 -0.007 0.089
0.035 -0.007 0.093
0.035 -0.007 0.093
0.033 -0.003 0.095
0.039 -0.023 0.083
0.037 -0.019 0.085
0.037 -0.019 0.083
0.031 -0.013 0.079
0.031 -0.011 0.079
0.037 -0.021 0.081
0.037 -0.021 0.085
0.037 -0.023 0.087
0.027 -0.011 0.109
0.035 -0.007 0.095
0.035 -0.005 0.099
0.037 -0.011 0.095
0.035 -0.007 0.099
0.037 -0.025 0.103
0.039 -0.023 0.103
0.027 -0.007 0.109
0.027 -0.007 0.109
