-0.003 -0.019 0.035
-0.017 -0.003 0.035
-0.003 -0.009 0.039
-0.029 0.003 0.049
-0.003 -0.009 0.041
-0.001 -0.009 0.043
-0.001 -0.011 0.047
-0.001 -0.001 0.069
0.005 -0.031 0.039
0.005 -0.033 0.041
0.005 -0.029 0.037
0.003 -0.025 0.041
-0.001 -0.013 0.045
0.001 -0.007 0.051
-0.003 -0.009 0.041
-0.029 0.005 0.061
0.001 -0.001 0.051
-0.027 0.011 0.061
-0.023 0.013 0.067
-0.021 0.013 0.069
0.007 -0.039 0.035
0.005 -0.033 0.039
0.007 -0.035 0.041
0.007 -0.041 0.041
0.007 -0.041 0.043
0.007 -0.039 0.041
0.007 -0.037 0.045
0.005 -0.027 0.043
0.005 -0.029 0.045
0.017 -0.035 0.045
0.011 -0.029 0.053
0.011 -0.029 0.051
0.023 -0.035 0.055
0.009 -0.023 0.051
0.011 -0.025 0.053
0.015 -0.027 0.057
0.015 -0.027 0.057
0.019 -0.029 0.061
0.019 -0.029 0.061
0.021 -0.031 0.063
0.003 -0.031 0.033
0.003 -0.029 0.035
0.003 -0.021 0.041
0.003 -0.019 0.043
0.005 -0.025 0.043
0.007 -0.031 0.047
0.011 -0.029 0.049
0.003 -0.017 0.043
0.005 -0.023 0.047
0.005 -0.023 0.045
-0.001 -0.013 0.045
0.001 -0.009 0.047
-0.003 -0.009 0.037
-0.029 0.007 0.061
-0.029 0.007 0.061
0.001 -0.007 0.047
-0.025 0.007 0.063
0.001 -0.007 0.047
-0.021 0.009 0.067
-0.001 0.003 0.061
-0.019 0.011 0.071
0.007 -0.023 0.049
0.007 -0.017 0.049
0.013 -0.023 0.053
0.013 -0.021 0.053
0.021 -0.031 0.063
0.019 -0.027 0.065
0.017 -0.023 0.061
0.017 -0.019 0.057
0.019 -0.017 0.057
0.001 -0.009 0.051
0.003 -0.009 0.055
0.005 -0.007 0.063
0.005 -0.007 0.063
0.003 -0.005 0.067
0.003 -0.007 0.059
0.001 -0.005 0.061
-0.001 -0.001 0.059
-0.001 -0.001 0.065
0.017 -0.015 0.055
0.001 -0.003 0.067
-0.003 0.003 0.073
0.005 -0.005 0.069
0.003 -0.003 0.073
0.001 -0.003 0.069
-0.001 -0.001 0.069
0.009 -0.021 0.051
0.011 -0.015 0.055
0.001 -0.005 0.059
0.003 -0.007 0.059
0.003 -0.007 0.061
0.005 -0.009 0.059
0.007 -0.009 0.059
0.001 -0.003 0.063
0.003 -0.005 0.067
0.019 -0.013 0.057
0.001 -0.003 0.067
0.015 -0.015 0.055
0.003 -0.005 0.067
-0.001 -0.001 0.071
-0.001 0.001 0.061
-0.001 -0.001 0.063
-0.001 -0.001 0.063
-0.003 0.005 0.069
-0.001 0.001 0.069
-0.003 0.007 0.069
-0.003 0.005 0.071
0.017 -0.021 0.067
0.017 -0.021 0.069
0.017 -0.013 0.069
0.007 -0.005 0.071
0.003 -0.003 0.073
0.017 -0.021 0.071
0.015 -0.015 0.075
0.017 -0.011 0.071
0.015 -0.015 0.075
0.001 -0.001 0.075
-0.001 -0.001 0.071
-0.005 0.005 0.077
-0.001 0.001 0.075
0.019 -0.011 0.067
0.017 -0.009 0.073
0.023 -0.029 0.071
0.025 -0.039 0.085
0.027 -0.047 0.085
0.021 -0.033 0.085
0.023 -0.033 0.087
0.029 -0.043 0.089
0.029 -0.037 0.089
0.021 -0.033 0.097
0.025 -0.037 0.087
0.029 -0.045 0.089
0.027 -0.035 0.087
0.025 -0.037 0.095
0.035 -0.045 0.093
0.021 -0.031 0.097
0.019 -0.027 0.097
0.021 -0.027 0.103
0.021 -0.029 0.067
0.019 -0.025 0.067
0.023 -0.029 0.069
0.023 -0.027 0.073
0.017 -0.021 0.067
0.021 -0.023 0.075
0.015 -0.013 0.085
0.015 -0.017 0.083
0.001 -0.003 0.069
-0.001 -0.001 0.071
0.009 -0.007 0.067
-0.001 0.001 0.077
-0.001 0.001 0.077
0.001 0.001 0.079
-0.003 0.005 0.083
0.015 -0.015 0.075
-0.001 0.001 0.077
0.001 0.001 0.081
0.017 -0.011 0.073
0.019 -0.009 0.071
0.019 -0.009 0.071
0.017 -0.005 0.075
0.015 -0.005 0.081
-0.001 0.001 0.077
0.001 0.001 0.079
0.017 -0.003 0.079
0.015 -0.009 0.079
0.017 -0.007 0.075
0.017 -0.005 0.077
-0.001 0.005 0.085
0.017 -0.001 0.081
0.017 -0.003 0.079
0.009 -0.001 0.089
0.019 -0.029 0.085
0.021 -0.031 0.087
0.019 -0.027 0.089
0.015 -0.019 0.087
0.015 -0.019 0.087
0.013 -0.015 0.095
0.023 -0.031 0.089
0.019 -0.025 0.091
0.017 -0.021 0.091
0.017 -0.019 0.095
0.015 -0.017 0.097
0.011 -0.007 0.093
0.007 -0.001 0.095
0.009 -0.001 0.097
0.009 -0.003 0.095
0.017 0.001 0.091
0.017 0.001 0.091
0.019 -0.021 0.077
0.011 -0.009 0.087
0.011 -0.007 0.089
0.017 -0.021 0.097
0.017 -0.021 0.095
0.021 -0.023 0.103
0.021 -0.025 0.101
0.021 -0.019 0.105
0.015 -0.015 0.107
0.015 -0.017 0.099
0.015 -0.015 0.099
0.013 -0.011 0.101
0.015 -0.015 0.105
0.015 -0.009 0.105
0.009 -0.005 0.097
0.009 0.001 0.097
0.009 -0.001 0.101
0.013 -0.009 0.103
0.013 -0.005 0.103
0.021 -0.003 0.101
0.025 -0.039 0.099
0.027 -0.041 0.101
0.023 -0.037 0.099
0.025 -0.035 0.099
0.029 -0.033 0.101
0.023 -0.029 0.103
0.035 -0.033 0.105
0.033 -0.035 0.105
0.035 -0.035 0.107
0.035 -0.035 0.107
0.035 -0.037 0.107
0.015 -0.017 0.097
0.015 -0.017 0.099
0.019 -0.027 0.097
0.019 -0.025 0.099
0.021 -0.025 0.103
0.021 -0.027 0.101
0.021 -0.027 0.103
0.021 -0.027 0.103
0.019 -0.023 0.101
0.013 -0.011 0.103
0.009 -0.001 0.101
0.009 -0.001 0.101
0.009 -0.001 0.101
0.009 -0.003 0.103
0.009 -0.001 0.103
0.015 -0.015 0.107
0.015 -0.011 0.105
0.011 -0.005 0.101
0.023 -0.001 0.099
0.019 -0.005 0.107
0.017 -0.001 0.109
0.025 -0.013 0.107
0.023 -0.011 0.109
0.017 -0.001 0.109
0.023 -0.007 0.111
0.021 -0.027 0.103
0.015 -0.015 0.107
0.031 -0.023 0.105
0.021 -0.007 0.105
0.019 -0.005 0.109
0.021 -0.001 0.109
0.031 -0.003 0.107
-0.039 0.017 0.043
-0.037 0.015 0.043
-0.037 0.015 0.045
-0.039 0.023 0.053
-0.037 0.021 0.055
-0.041 0.029 0.047
-0.039 0.029 0.043
-0.033 0.031 0.039
-0.039 0.031 0.047
-0.033 0.033 0.045
-0.041 0.027 0.053
-0.039 0.017 0.043
-0.039 0.025 0.039
-0.041 0.019 0.043
-0.039 0.017 0.045
-0.039 0.019 0.047
-0.041 0.027 0.047
-0.039 0.019 0.049
-0.041 0.029 0.049
-0.039 0.031 0.053
-0.037 0.023 0.057
-0.035 0.023 0.059
-0.035 0.025 0.061
-0.025 0.005 0.035
-0.023 0.007 0.039
-0.025 0.007 0.041
-0.037 0.015 0.045
-0.037 0.015 0.039
-0.035 0.013 0.043
-0.035 0.013 0.043
-0.033 0.013 0.045
-0.031 0.007 0.051
-0.031 0.007 0.051
-0.031 0.013 0.045
-0.033 0.013 0.045
-0.033 0.017 0.049
-0.027 0.013 0.055
-0.029 0.007 0.047
-0.031 0.007 0.049
-0.025 0.011 0.045
-0.031 0.011 0.055
-0.031 0.009 0.057
-0.027 0.013 0.055
-0.039 0.021 0.053
-0.029 0.011 0.059
-0.009 0.011 0.053
-0.041 0.023 0.051
-0.041 0.025 0.047
-0.039 0.025 0.055
-0.033 0.029 0.037
-0.033 0.033 0.043
-0.039 0.031 0.053
-0.035 0.033 0.049
-0.035 0.023 0.059
-0.037 0.033 0.049
-0.037 0.033 0.051
-0.037 0.033 0.053
-0.037 0.033 0.059
-0.037 0.027 0.061
-0.017 0.033 0.039
-0.015 0.033 0.041
-0.035 0.035 0.057
-0.037 0.033 0.059
-0.035 0.035 0.061
-0.035 0.035 0.059
-0.031 0.037 0.059
-0.031 0.037 0.059
-0.033 0.035 0.061
-0.031 0.037 0.061
-0.031 0.037 0.063
-0.031 0.037 0.065
-0.031 0.005 0.053
-0.031 0.007 0.057
-0.031 0.005 0.055
-0.029 0.005 0.057
-0.027 0.013 0.057
-0.027 0.013 0.061
-0.027 0.009 0.063
-0.027 0.013 0.061
-0.027 0.013 0.059
-0.023 0.013 0.057
-0.013 0.015 0.051
-0.013 0.015 0.053
-0.011 0.013 0.055
-0.011 0.013 0.055
-0.019 0.019 0.067
-0.009 0.013 0.059
-0.039 0.025 0.057
-0.033 0.027 0.063
-0.037 0.033 0.053
-0.037 0.033 0.057
-0.037 0.027 0.061
-0.033 0.023 0.059
-0.035 0.029 0.063
-0.033 0.031 0.065
-0.031 0.029 0.067
-0.031 0.031 0.067
-0.029 0.031 0.069
-0.031 0.033 0.069
-0.017 0.017 0.065
-0.031 0.033 0.069
-0.029 0.035 0.071
-0.037 0.033 0.057
-0.027 0.035 0.033
-0.029 0.033 0.037
-0.021 0.035 0.035
-0.021 0.033 0.039
-0.037 0.033 0.051
-0.013 0.035 0.037
-0.013 0.033 0.041
-0.011 0.033 0.043
-0.037 0.033 0.055
-0.035 0.035 0.061
-0.035 0.035 0.061
-0.035 0.035 0.061
-0.029 0.037 0.073
-0.023 0.011 0.067
-0.021 0.013 0.069
-0.021 0.011 0.071
-0.015 0.015 0.081
-0.003 0.003 0.077
-0.015 0.015 0.081
-0.017 0.017 0.081
-0.031 0.029 0.067
-0.029 0.033 0.071
-0.021 0.029 0.071
-0.027 0.031 0.073
-0.019 0.019 0.071
-0.019 0.019 0.073
-0.019 0.019 0.075
-0.021 0.025 0.079
-0.019 0.025 0.081
-0.037 0.039 0.087
-0.019 0.019 0.079
-0.005 0.007 0.081
-0.007 0.009 0.087
-0.013 0.015 0.085
-0.007 0.009 0.087
-0.007 0.011 0.089
-0.019 0.023 0.083
-0.019 0.027 0.083
-0.019 0.029 0.083
-0.017 0.017 0.081
-0.017 0.023 0.087
-0.017 0.031 0.089
-0.011 0.031 0.089
-0.007 0.019 0.093
-0.007 0.021 0.093
-0.007 0.023 0.095
-0.005 0.021 0.095
-0.015 0.025 0.089
-0.013 0.029 0.091
-0.009 0.025 0.095
-0.009 0.027 0.093
-0.035 0.043 0.085
-0.031 0.035 0.069
-0.031 0.037 0.065
-0.029 0.037 0.069
-0.029 0.037 0.073
-0.029 0.037 0.069
-0.033 0.039 0.077
-0.037 0.041 0.087
-0.037 0.039 0.087
-0.031 0.035 0.087
-0.035 0.045 0.081
-0.037 0.043 0.081
-0.035 0.039 0.083
-0.035 0.043 0.087
-0.037 0.041 0.087
-0.037 0.041 0.087
-0.035 0.041 0.087
-0.013 0.035 0.083
-0.031 0.035 0.087
-0.033 0.039 0.087
-0.033 0.039 0.087
-0.031 0.035 0.087
-0.031 0.037 0.089
-0.011 0.033 0.087
-0.025 0.011 0.063
-0.023 0.013 0.065
-0.033 0.025 0.061
-0.019 0.013 0.063
-0.017 0.021 0.057
-0.019 0.021 0.063
-0.019 0.019 0.071
-0.025 0.013 0.063
-0.017 0.017 0.063
-0.017 0.017 0.065
-0.017 0.017 0.067
-0.017 0.017 0.063
0.001 0.009 0.059
-0.017 0.017 0.069
-0.019 0.019 0.073
-0.019 0.013 0.071
-0.019 0.019 0.073
-0.037 0.029 0.061
-0.031 0.037 0.063
-0.031 0.029 0.067
-0.019 0.023 0.061
-0.031 0.035 0.069
-0.023 0.011 0.067
0.001 0.001 0.053
-0.013 0.015 0.063
-0.019 0.019 0.073
-0.019 0.019 0.073
-0.019 0.013 0.073
-0.017 0.017 0.071
-0.019 0.019 0.075
-0.021 0.023 0.079
-0.001 0.007 0.067
-0.001 0.009 0.065
-0.017 0.017 0.079
-0.017 0.017 0.079
-0.019 0.019 0.075
-0.025 0.029 0.069
-0.027 0.031 0.073
-0.021 0.025 0.069
-0.021 0.027 0.071
-0.029 0.035 0.071
-0.027 0.033 0.073
-0.027 0.035 0.075
-0.021 0.025 0.073
-0.021 0.025 0.073
-0.021 0.027 0.075
-0.023 0.031 0.073
0.005 0.033 0.041
-0.005 0.007 0.083
-0.001 0.009 0.069
-0.019 0.019 0.079
-0.019 0.023 0.083
-0.001 0.005 0.085
-0.007 0.017 0.091
-0.009 0.011 0.083
-0.009 0.011 0.085
-0.007 0.009 0.083
-0.007 0.009 0.085
-0.011 0.015 0.089
-0.013 0.019 0.089
-0.009 0.015 0.091
-0.017 0.025 0.085
-0.017 0.027 0.087
-0.017 0.029 0.087
0.005 0.001 0.081
0.001 0.005 0.087
-0.001 0.009 0.089
-0.001 0.007 0.089
0.005 0.009 0.091
0.001 0.011 0.091
0.001 0.013 0.091
0.017 0.001 0.085
0.025 0.003 0.091
0.025 0.003 0.093
-0.005 0.021 0.095
-0.013 0.031 0.089
-0.011 0.029 0.093
0.009 0.001 0.097
0.017 0.003 0.107
0.015 0.005 0.111
0.017 0.003 0.111
0.015 0.007 0.113
0.015 0.007 0.113
