0.019 -0.001 0.075
0.017 0.003 0.073
0.039 -0.009 0.045
0.041 -0.011 0.049
0.011 -0.001 0.099
0.021 -0.001 0.097
0.039 -0.017 0.093
-0.015 0.033 0.041
-0.007 0.035 0.075
-0.009 0.035 0.067
0.003 0.029 0.045
-0.001 0.031 0.081
-0.011 0.037 0.069
-0.011 0.029 0.093
0.027 0.007 0.039
0.009 0.021 0.077
0.003 0.021 0.057
0.005 0.033 0.041
0.027 0.009 0.097
0.019 0.007 0.111
0.011 -0.043 0.039
0.015 -0.027 0.057
0.001 -0.011 0.049
0.023 -0.037 0.051
0.033 -0.037 0.089
0.011 -0.005 0.067
0.015 -0.019 0.087
0.019 -0.025 0.095
0.019 -0.027 0.095
0.021 -0.031 0.097
0.029 -0.041 0.099
0.027 -0.027 0.105
-0.035 0.025 0.061
-0.025 0.003 0.045
-0.035 0.017 0.049
-0.031 0.009 0.049
-0.029 0.023 0.055
-0.025 0.009 0.065
-0.031 0.023 0.059
-0.021 0.023 0.079
-0.035 0.041 0.081
-0.001 0.001 0.057
0.001 0.007 0.089
0.013 -0.013 0.099
0.017 0.003 0.111
0.017 -0.039 0.041
0.035 -0.029 0.033
0.031 -0.017 0.031
0.023 -0.035 0.037
0.025 -0.031 0.033
0.051 -0.021 0.035
0.037 -0.025 0.067
0.041 -0.043 0.089
0.043 -0.039 0.083
0.035 -0.013 0.083
0.029 -0.043 0.101
0.033 -0.043 0.101
0.031 -0.035 0.097
0.037 -0.041 0.103
0.039 -0.029 0.041
0.031 -0.037 0.055
0.029 -0.035 0.061
0.031 -0.035 0.061
0.033 -0.035 0.061
0.039 -0.035 0.053
0.027 -0.031 0.083
0.037 -0.041 0.083
0.043 -0.039 0.085
0.037 -0.029 0.065
0.033 -0.001 0.099
-0.009 -0.003 0.035
0.029 -0.039 0.101
0.043 -0.041 0.103
0.005 -0.027 0.045
0.027 -0.013 0.107
0.041 -0.025 0.059
0.029 -0.041 0.103
0.041 -0.035 0.101
0.023 -0.027 0.103
0.021 -0.021 0.105
0.039 -0.021 0.101
0.035 -0.025 0.103
0.037 -0.023 0.103
0.037 -0.019 0.103
-0.007 0.009 0.087
-0.029 0.011 0.059
-0.037 0.031 0.061
0.007 0.013 0.093
-0.003 0.017 0.093
0.009 -0.001 0.103
-0.003 0.009 0.089
-0.031 0.023 0.055
-0.029 0.029 0.069
-0.005 0.021 0.095
0.015 0.013 0.113
0.021 -0.005 0.109
0.009 0.001 0.103
0.005 -0.033 0.043
0.009 -0.027 0.049
0.021 -0.037 0.045
0.015 -0.027 0.057
0.019 -0.019 0.063
0.005 -0.007 0.063
0.019 -0.025 0.095
-0.039 0.019 0.039
-0.037 0.015 0.045
-0.037 0.033 0.049
-0.021 0.011 0.069
-0.019 0.019 0.075
-0.011 0.031 0.089
-0.031 0.035 0.087
-0.019 0.019 0.079
-0.015 0.025 0.089
-0.003 0.031 0.047
0.005 0.017 0.047
0.027 0.007 0.041
0.035 -0.015 0.073
0.029 -0.007 0.069
0.033 -0.001 0.093
0.029 0.005 0.099
0.007 0.033 0.039
-0.015 0.025 0.049
-0.011 0.035 0.061
0.001 0.027 0.061
0.007 0.023 0.081
0.001 0.029 0.081
-0.001 0.029 0.065
-0.003 0.029 0.089
-0.025 0.037 0.067
0.007 0.029 0.043
0.019 0.009 0.053
0.019 0.009 0.055
0.005 0.017 0.067
0.027 0.005 0.091
0.043 -0.017 0.041
0.041 -0.011 0.051
0.031 -0.013 0.059
0.023 -0.011 0.057
0.049 -0.021 0.039
0.039 -0.009 0.043
0.041 -0.021 0.055
0.029 -0.001 0.103
0.009 0.025 0.043
0.003 0.013 0.049
0.007 0.033 0.039
0.003 0.015 0.055
-0.001 0.031 0.055
0.007 0.021 0.075
0.013 0.015 0.081
0.009 0.031 0.041
0.009 0.029 0.041
0.003 0.015 0.055
0.017 0.001 0.079
0.021 0.001 0.081
0.039 -0.017 0.057
0.031 -0.033 0.067
0.041 -0.027 0.053
0.031 -0.013 0.059
0.045 -0.017 0.039
0.041 -0.019 0.055
0.041 -0.015 0.053
0.029 -0.029 0.073
0.033 -0.011 0.071
0.031 -0.009 0.073
0.025 -0.003 0.073
0.041 -0.027 0.095
0.031 -0.005 0.083
0.037 -0.017 0.091
0.041 -0.035 0.101
0.035 -0.007 0.105
0.017 0.011 0.053
0.019 0.009 0.053
0.005 0.015 0.043
0.001 0.023 0.035
0.007 0.027 0.043
0.009 0.023 0.043
0.027 -0.003 0.075
0.027 -0.003 0.075
0.019 0.003 0.063
-0.001 0.031 0.063
-0.001 0.031 0.085
0.025 0.003 0.045
0.019 0.003 0.067
0.031 0.001 0.099
0.049 -0.025 0.037
0.039 -0.021 0.057
0.037 -0.017 0.061
0.049 -0.025 0.037
0.049 -0.023 0.039
0.031 -0.027 0.073
0.041 -0.033 0.085
0.023 -0.011 0.109
0.025 -0.011 0.111
0.033 -0.009 0.105
0.041 -0.023 0.045
0.041 -0.019 0.045
0.041 -0.013 0.043
0.037 -0.021 0.065
0.025 -0.003 0.051
0.021 0.005 0.061
0.017 0.011 0.065
0.021 0.007 0.055
0.017 0.009 0.071
0.003 0.023 0.091
0.017 0.013 0.067
0.031 0.001 0.039
0.025 0.003 0.051
0.017 0.011 0.067
0.033 -0.001 0.101
-0.009 -0.001 0.039
0.001 -0.001 0.077
-0.011 0.013 0.083
0.003 -0.031 0.035
0.003 -0.021 0.043
0.007 0.001 0.081
0.017 -0.017 0.069
0.009 -0.003 0.097
0.013 -0.011 0.101
0.019 -0.027 0.097
0.009 -0.005 0.093
0.015 -0.009 0.105
0.031 -0.037 0.105
0.035 -0.043 0.105
0.033 -0.021 0.105
-0.041 0.025 0.047
-0.039 0.031 0.057
-0.029 0.041 0.085
-0.025 0.011 0.065
-0.003 0.005 0.069
-0.027 0.033 0.087
-0.005 0.021 0.095
0.003 0.013 0.093
0.019 0.001 0.097
0.009 -0.039 0.045
0.015 -0.041 0.037
0.015 -0.041 0.037
0.037 -0.031 0.037
0.033 -0.031 0.069
0.045 -0.027 0.037
0.049 -0.021 0.039
0.041 -0.043 0.089
0.023 -0.029 0.071
0.035 -0.047 0.089
0.023 -0.033 0.087
0.037 -0.019 0.069
0.037 -0.015 0.095
0.037 -0.039 0.105
0.017 -0.015 0.107
-0.025 0.009 0.065
-0.013 0.003 0.045
0.025 -0.033 0.065
-0.023 0.007 0.061
-0.017 0.011 0.065
-0.011 0.013 0.079
-0.009 0.013 0.089
0.041 -0.031 0.051
0.029 -0.035 0.063
0.029 -0.039 0.095
0.033 -0.005 0.107
0.031 -0.037 0.057
0.005 -0.033 0.041
0.019 -0.031 0.059
0.027 -0.045 0.085
0.029 -0.035 0.089
0.017 -0.011 0.071
0.011 -0.009 0.093
0.011 -0.007 0.099
0.017 -0.019 0.103
0.013 -0.011 0.109
-0.025 0.009 0.033
-0.027 0.005 0.043
-0.009 0.001 0.039
-0.041 0.027 0.053
-0.029 0.009 0.059
-0.031 0.007 0.057
-0.029 0.025 0.061
-0.039 0.031 0.053
-0.037 0.027 0.039
-0.031 0.027 0.065
-0.001 0.003 0.081
-0.009 0.013 0.089
-0.009 0.025 0.095
-0.033 0.039 0.081
0.001 0.001 0.049
0.001 -0.005 0.061
-0.009 0.011 0.079
0.001 -0.023 0.039
0.013 -0.017 0.055
-0.001 -0.001 0.063
0.023 -0.031 0.089
0.019 -0.027 0.085
0.015 -0.017 0.101
0.021 -0.023 0.103
0.011 -0.001 0.099
-0.029 0.011 0.043
-0.039 0.019 0.039
-0.029 0.005 0.061
-0.037 0.023 0.057
-0.035 0.035 0.057
-0.035 0.033 0.061
-0.001 0.003 0.069
-0.021 0.023 0.065
-0.031 0.029 0.067
-0.031 0.037 0.065
-0.031 0.035 0.085
-0.003 0.011 0.091
0.007 -0.033 0.045
-0.025 0.013 0.063
-0.009 0.033 0.085
-0.005 0.033 0.081
0.009 -0.005 0.099
0.009 0.013 0.089
0.015 -0.015 0.107
0.029 -0.037 0.101
0.023 -0.009 0.113
-0.029 0.011 0.051
-0.031 0.009 0.055
-0.019 0.023 0.081
-0.017 0.031 0.089
-0.007 0.025 0.095
-0.037 0.041 0.087
-0.031 0.043 0.077
-0.027 0.041 0.077
-0.015 0.031 0.059
-0.011 0.033 0.087
-0.005 0.023 0.095
-0.001 -0.021 0.035
-0.003 -0.015 0.041
0.009 -0.029 0.047
0.039 -0.035 0.053
0.033 -0.037 0.089
0.033 -0.049 0.085
0.031 -0.043 0.105
-0.023 0.003 0.043
-0.031 0.005 0.055
-0.035 0.023 0.057
-0.021 0.005 0.053
-0.029 0.005 0.059
-0.003 0.003 0.075
-0.031 0.027 0.065
-0.015 0.015 0.081
-0.019 0.025 0.083
0.019 -0.003 0.109
0.015 -0.015 0.107
0.003 0.009 0.089
0.041 -0.013 0.053
0.033 -0.037 0.107
0.003 0.001 0.081
0.017 0.007 0.113
0.015 -0.003 0.097
0.015 -0.015 0.107
0.019 -0.009 0.103
-0.015 0.021 0.089
-0.037 0.031 0.061
-0.023 0.007 0.061
-0.011 0.015 0.089
-0.007 0.017 0.091
-0.017 0.029 0.087
-0.027 0.039 0.087
-0.029 0.039 0.087
-0.031 0.035 0.087
-0.003 0.023 0.093
-0.003 0.029 0.089
-0.003 0.011 0.091
-0.005 0.025 0.093
-0.023 0.039 0.083
-0.025 0.037 0.085
0.001 0.023 0.091
0.019 -0.033 0.053
0.031 -0.037 0.045
0.005 -0.003 0.075
0.025 -0.037 0.085
0.027 -0.043 0.085
0.027 -0.027 0.105
0.027 -0.013 0.107
-0.017 0.005 0.049
-0.017 0.005 0.043
-0.029 0.003 0.053
-0.021 0.009 0.063
-0.003 0.017 0.063
-0.011 0.003 0.043
-0.021 0.023 0.077
-0.003 0.019 0.067
-0.025 0.029 0.067
0.003 -0.011 0.053
-0.001 0.001 0.059
-0.001 0.009 0.041
0.007 0.007 0.089
-0.001 -0.021 0.035
0.033 -0.031 0.033
0.007 -0.039 0.037
0.029 -0.033 0.033
0.007 -0.039 0.035
0.015 -0.041 0.035
0.035 -0.033 0.037
0.039 -0.049 0.091
0.019 -0.027 0.095
0.035 -0.047 0.087
0.033 -0.045 0.091
0.041 -0.045 0.085
0.025 -0.039 0.097
0.041 -0.039 0.099
-0.023 0.003 0.033
-0.021 0.003 0.043
-0.011 -0.009 0.033
-0.013 0.005 0.047
-0.015 0.003 0.043
-0.019 0.007 0.053
0.003 -0.007 0.057
0.003 0.005 0.085
0.015 -0.039 0.043
0.017 -0.033 0.047
0.017 -0.033 0.047
0.025 -0.033 0.063
0.035 -0.047 0.093
-0.023 0.003 0.037
0.007 -0.035 0.041
0.005 -0.031 0.039
-0.031 0.007 0.053
-0.039 0.027 0.055
-0.031 0.035 0.053
-0.021 0.025 0.079
0.031 -0.037 0.103
-0.035 0.023 0.033
-0.037 0.019 0.035
-0.025 0.003 0.035
-0.033 0.033 0.065
-0.035 0.035 0.059
-0.027 0.035 0.033
-0.033 0.033 0.047
-0.015 0.017 0.087
-0.009 0.033 0.087
-0.013 0.027 0.047
-0.009 0.033 0.043
-0.015 0.031 0.089
0.037 -0.011 0.053
0.023 -0.009 0.053
0.037 -0.005 0.037
0.043 -0.015 0.041
0.041 -0.041 0.089
0.029 0.007 0.093
0.033 -0.027 0.103
0.013 -0.003 0.099
0.035 -0.009 0.099
-0.003 0.031 0.045
0.007 0.031 0.041
0.007 0.033 0.041
-0.031 0.033 0.051
-0.021 0.035 0.065
0.005 0.017 0.047
-0.003 0.031 0.075
0.003 0.023 0.059
-0.009 0.031 0.089
-0.025 0.041 0.081
-0.011 0.037 0.071
-0.027 0.041 0.083
0.005 0.025 0.049
0.013 0.005 0.083
0.011 0.017 0.085
0.021 0.001 0.095
0.033 -0.037 0.051
0.041 -0.029 0.057
0.037 -0.037 0.049
0.037 -0.035 0.057
0.023 -0.035 0.057
0.009 -0.027 0.051
0.031 -0.041 0.097
0.035 -0.043 0.105
0.033 -0.043 0.105
0.037 -0.041 0.103
0.041 -0.027 0.097
0.039 -0.035 0.105
0.033 -0.037 0.107
0.017 -0.015 0.107
0.031 -0.007 0.105
0.001 -0.003 0.069
-0.027 0.007 0.061
-0.021 0.011 0.071
-0.017 0.011 0.069
-0.031 0.027 0.065
-0.005 0.021 0.095
-0.029 0.035 0.087
-0.015 0.023 0.089
-0.027 0.033 0.085
0.029 -0.013 0.105
0.017 -0.009 0.103
-0.009 0.035 0.063
-0.015 0.025 0.047
-0.017 0.035 0.069
0.015 0.011 0.055
-0.005 0.033 0.049
-0.013 0.035 0.077
-0.001 0.031 0.079
0.025 0.001 0.093
0.019 -0.025 0.099
0.021 -0.011 0.105
0.013 -0.003 0.099
0.027 0.005 0.103
-0.041 0.029 0.047
-0.037 0.025 0.037
-0.035 0.027 0.037
-0.035 0.033 0.047
-0.017 0.035 0.037
-0.031 0.043 0.083
-0.033 0.043 0.075
-0.033 0.043 0.077
-0.015 0.035 0.075
-0.035 0.045 0.081
-0.007 0.033 0.047
0.029 0.005 0.035
0.003 0.027 0.079
0.027 0.007 0.089
