-0.013 0.029 0.091
-0.019 0.027 0.083
-0.013 0.031 0.089
-0.011 0.029 0.093
-0.013 0.029 0.091
-0.017 0.033 0.087
-0.011 0.027 0.093
-0.011 0.029 0.093
-0.007 0.025 0.095
-0.001 0.011 0.091
0.001 0.017 0.095
-0.009 0.027 0.093
0.005 0.021 0.089
0.003 0.025 0.089
0.015 0.015 0.075
-0.009 0.029 0.091
-0.005 0.029 0.089
0.001 0.027 0.087
0.003 0.027 0.079
0.011 0.009 0.047
0.013 0.017 0.073
0.031 0.003 0.037
-0.003 0.007 0.087
-0.003 0.009 0.089
-0.005 0.013 0.091
0.001 0.011 0.091
0.007 -0.031 0.047
0.011 -0.027 0.053
0.003 0.015 0.095
0.005 0.013 0.093
0.009 0.011 0.091
0.013 0.009 0.083
0.017 0.001 0.079
0.019 0.001 0.085
0.015 -0.007 0.081
0.011 -0.001 0.089
0.013 -0.001 0.095
0.015 -0.003 0.097
0.013 0.011 0.111
0.015 0.013 0.113
0.021 0.001 0.081
0.021 0.001 0.087
0.025 0.003 0.089
0.023 0.001 0.091
0.023 0.001 0.091
0.025 0.003 0.095
0.025 0.003 0.095
0.025 0.001 0.097
-0.005 0.015 0.091
-0.007 0.021 0.093
-0.003 0.019 0.095
0.001 0.019 0.093
-0.001 0.021 0.095
0.001 0.021 0.091
-0.009 0.027 0.093
-0.005 0.027 0.091
-0.009 0.027 0.093
-0.003 0.023 0.095
-0.001 0.023 0.093
0.011 -0.025 0.053
-0.001 0.011 0.091
-0.009 0.025 0.095
-0.003 0.015 0.091
0.003 0.017 0.093
0.003 0.025 0.089
0.007 0.023 0.087
-0.007 0.031 0.089
-0.005 0.031 0.087
0.009 0.013 0.055
-0.001 0.031 0.083
0.007 0.015 0.061
0.005 0.025 0.085
0.029 -0.005 0.049
0.007 0.001 0.095
0.015 -0.007 0.081
-0.003 0.023 0.095
-0.005 0.027 0.091
-0.007 0.029 0.091
-0.007 0.029 0.091
-0.007 0.025 0.095
-0.005 0.023 0.095
-0.007 0.025 0.095
-0.007 0.027 0.093
0.001 0.019 0.095
-0.005 0.025 0.093
0.005 0.019 0.091
0.027 -0.011 0.053
0.017 0.009 0.075
0.027 -0.007 0.051
0.021 0.007 0.061
0.023 0.003 0.055
0.019 -0.001 0.075
0.009 0.015 0.087
0.011 0.013 0.087
0.023 -0.011 0.057
0.015 0.009 0.079
0.029 -0.011 0.061
0.023 -0.001 0.077
0.025 -0.003 0.075
0.029 -0.007 0.069
0.031 -0.013 0.055
0.027 -0.011 0.053
0.029 -0.005 0.073
0.031 -0.009 0.067
0.037 -0.011 0.053
0.049 -0.017 0.039
0.031 -0.003 0.043
0.037 -0.007 0.045
0.037 -0.007 0.047
0.039 -0.009 0.051
0.037 -0.007 0.049
0.025 0.007 0.097
0.029 0.007 0.089
0.025 0.001 0.097
0.027 0.007 0.087
0.039 -0.011 0.053
0.037 -0.011 0.053
0.041 -0.013 0.053
0.031 -0.011 0.063
0.013 0.011 0.113
0.023 -0.025 0.105
0.015 -0.009 0.109
0.015 -0.009 0.107
0.021 -0.021 0.105
0.021 -0.015 0.105
0.025 -0.025 0.105
0.027 -0.027 0.105
0.029 -0.025 0.105
0.031 -0.025 0.105
0.037 -0.031 0.103
0.037 -0.023 0.103
0.025 -0.007 0.115
0.033 -0.019 0.105
0.033 -0.017 0.105
0.029 -0.035 0.101
0.035 -0.033 0.105
0.033 -0.023 0.105
0.039 -0.031 0.101
0.015 -0.005 0.099
0.013 0.011 0.113
0.015 0.009 0.113
0.011 -0.001 0.089
0.011 -0.001 0.089
0.013 -0.003 0.089
0.017 -0.005 0.099
0.013 -0.001 0.095
0.015 -0.003 0.097
0.013 -0.001 0.095
0.013 -0.003 0.099
0.013 0.011 0.113
0.013 -0.003 0.097
-0.005 0.023 0.095
-0.003 0.021 0.095
0.003 0.015 0.095
0.003 0.017 0.093
0.007 0.013 0.093
-0.001 0.017 0.095
-0.001 0.017 0.095
0.001 0.015 0.095
0.001 0.007 0.089
0.013 0.005 0.085
0.017 0.001 0.083
0.023 -0.001 0.079
0.027 0.005 0.089
0.013 0.007 0.083
0.019 0.001 0.081
0.013 0.009 0.083
0.025 -0.001 0.079
0.025 0.007 0.097
0.015 0.003 0.081
0.019 0.001 0.081
0.015 0.001 0.081
0.017 0.001 0.085
0.025 -0.001 0.081
0.025 0.003 0.089
0.013 -0.005 0.103
0.015 -0.009 0.107
0.023 -0.003 0.109
0.019 -0.003 0.109
0.017 -0.001 0.109
0.013 -0.003 0.101
0.023 0.001 0.107
0.025 -0.003 0.101
0.021 -0.013 0.105
0.025 -0.007 0.115
0.015 -0.009 0.107
0.023 -0.003 0.109
0.023 -0.001 0.109
0.023 -0.005 0.115
0.013 -0.003 0.089
0.015 -0.003 0.087
0.011 -0.001 0.103
0.009 0.001 0.103
0.011 -0.001 0.099
0.009 0.001 0.097
0.011 -0.001 0.097
0.023 -0.001 0.099
0.023 0.001 0.087
0.019 0.007 0.111
0.027 0.005 0.103
0.027 0.009 0.103
0.027 0.005 0.103
0.025 -0.001 0.099
0.027 0.003 0.097
0.027 0.009 0.101
0.033 -0.015 0.105
0.029 -0.009 0.105
0.031 -0.007 0.105
0.029 -0.001 0.103
0.027 -0.003 0.101
0.027 -0.001 0.101
0.033 -0.009 0.105
0.031 -0.003 0.107
0.029 -0.009 0.105
0.027 0.005 0.103
0.027 0.009 0.103
0.031 -0.001 0.107
0.029 0.007 0.101
0.027 -0.037 0.101
0.029 -0.037 0.101
0.025 -0.035 0.099
0.025 -0.027 0.105
0.031 -0.029 0.105
0.031 -0.035 0.105
0.033 -0.037 0.107
0.031 -0.025 0.105
0.033 -0.025 0.105
0.037 -0.035 0.107
0.033 -0.041 0.105
0.033 -0.033 0.105
0.039 -0.035 0.105
0.015 -0.015 0.107
0.021 -0.025 0.101
0.027 -0.025 0.105
0.021 -0.021 0.105
0.015 -0.015 0.107
0.025 -0.021 0.105
0.029 -0.025 0.105
0.019 -0.017 0.105
0.021 -0.019 0.105
0.031 -0.017 0.105
0.013 -0.011 0.103
0.013 -0.009 0.103
0.013 -0.003 0.099
0.011 -0.001 0.103
0.027 -0.007 0.109
0.019 0.001 0.111
0.027 0.003 0.101
0.029 -0.005 0.103
0.031 -0.001 0.105
0.031 -0.001 0.107
0.019 -0.005 0.109
0.031 -0.013 0.105
0.025 -0.005 0.113
0.017 0.003 0.111
0.023 -0.001 0.109
0.023 -0.003 0.109
0.031 -0.005 0.107
0.033 -0.023 0.105
0.035 -0.021 0.103
0.039 -0.031 0.101
0.037 -0.029 0.101
0.031 -0.001 0.107
0.031 -0.001 0.107
-0.035 0.035 0.059
-0.029 0.043 0.077
-0.027 0.033 0.039
-0.017 0.033 0.039
-0.011 0.033 0.057
-0.009 0.033 0.057
-0.007 0.033 0.047
-0.005 0.033 0.049
-0.023 0.035 0.033
-0.037 0.031 0.061
-0.037 0.033 0.057
-0.033 0.033 0.045
-0.041 0.027 0.053
-0.041 0.027 0.051
-0.037 0.033 0.049
-0.037 0.033 0.049
-0.033 0.035 0.055
-0.035 0.043 0.085
-0.041 0.027 0.053
-0.037 0.027 0.061
-0.037 0.041 0.087
-0.035 0.043 0.087
-0.037 0.029 0.061
-0.039 0.027 0.057
-0.037 0.029 0.061
-0.031 0.039 0.087
-0.025 0.039 0.085
-0.023 0.039 0.083
-0.031 0.043 0.081
-0.035 0.045 0.081
-0.031 0.043 0.079
-0.025 0.041 0.075
-0.023 0.039 0.073
-0.031 0.039 0.087
-0.029 0.039 0.087
-0.027 0.037 0.087
-0.021 0.027 0.079
-0.033 0.043 0.085
-0.027 0.039 0.085
-0.025 0.039 0.085
-0.013 0.035 0.081
-0.011 0.035 0.081
-0.019 0.033 0.063
-0.007 0.035 0.065
-0.009 0.035 0.075
-0.013 0.033 0.085
-0.021 0.035 0.065
-0.021 0.035 0.065
-0.023 0.031 0.041
-0.021 0.031 0.039
-0.033 0.043 0.083
-0.029 0.043 0.081
-0.023 0.041 0.079
-0.027 0.041 0.075
-0.023 0.039 0.073
-0.031 0.037 0.059
-0.029 0.035 0.057
-0.031 0.033 0.045
-0.025 0.037 0.063
-0.019 0.029 0.041
-0.013 0.033 0.041
-0.005 0.033 0.049
-0.015 0.029 0.043
-0.007 0.033 0.045
-0.001 0.031 0.045
-0.027 0.011 0.061
-0.025 0.033 0.087
-0.029 0.011 0.057
-0.031 0.011 0.057
-0.023 0.035 0.085
-0.025 0.035 0.087
-0.027 0.037 0.087
-0.027 0.009 0.063
-0.029 0.037 0.089
-0.031 0.037 0.089
-0.029 0.009 0.061
-0.027 0.011 0.061
-0.021 0.025 0.079
-0.017 0.033 0.083
-0.017 0.035 0.081
-0.007 0.033 0.083
-0.013 0.033 0.085
-0.011 0.033 0.085
-0.015 0.033 0.085
-0.015 0.033 0.087
-0.013 0.033 0.085
-0.033 0.043 0.085
-0.035 0.043 0.085
-0.023 0.037 0.085
-0.029 0.043 0.081
-0.027 0.041 0.079
-0.033 0.043 0.085
-0.029 0.041 0.085
-0.021 0.039 0.079
-0.019 0.035 0.069
-0.019 0.035 0.081
-0.017 0.033 0.063
-0.015 0.035 0.065
-0.009 0.031 0.049
-0.013 0.035 0.065
-0.009 0.035 0.061
-0.019 0.033 0.083
-0.007 0.033 0.081
-0.017 0.035 0.069
-0.007 0.035 0.065
-0.003 0.033 0.067
-0.033 0.033 0.049
-0.027 0.033 0.039
-0.021 0.033 0.039
-0.031 0.033 0.047
-0.005 0.033 0.041
-0.001 0.033 0.041
-0.013 0.035 0.063
-0.013 0.035 0.065
-0.011 0.035 0.065
-0.019 0.023 0.083
-0.019 0.021 0.083
-0.007 0.025 0.095
-0.005 0.025 0.093
-0.005 0.021 0.095
-0.011 0.029 0.093
-0.007 0.027 0.093
-0.021 0.033 0.081
-0.019 0.029 0.083
-0.033 0.043 0.085
-0.027 0.041 0.083
-0.031 0.041 0.085
-0.029 0.041 0.085
-0.019 0.023 0.083
-0.019 0.023 0.083
-0.029 0.041 0.085
-0.007 0.033 0.085
-0.003 0.033 0.077
-0.005 0.033 0.083
-0.017 0.023 0.087
-0.005 0.033 0.085
-0.003 0.031 0.083
-0.005 0.033 0.081
-0.003 0.011 0.091
-0.011 0.017 0.089
-0.007 0.019 0.093
-0.003 0.013 0.091
-0.003 0.019 0.095
-0.019 0.023 0.083
-0.017 0.027 0.087
-0.013 0.021 0.089
-0.005 0.029 0.089
-0.001 0.031 0.085
-0.003 0.029 0.089
-0.007 0.023 0.095
-0.003 0.021 0.095
-0.005 0.023 0.095
-0.001 0.021 0.095
-0.013 0.029 0.091
-0.003 0.027 0.091
-0.033 0.043 0.085
-0.033 0.041 0.087
-0.033 0.041 0.087
-0.033 0.043 0.081
-0.023 0.041 0.079
-0.031 0.043 0.083
-0.023 0.039 0.083
-0.017 0.035 0.077
-0.029 0.043 0.077
-0.025 0.041 0.077
-0.007 0.035 0.071
-0.013 0.037 0.075
-0.009 0.035 0.075
-0.011 0.037 0.075
-0.029 0.039 0.087
-0.031 0.041 0.085
-0.025 0.039 0.085
-0.031 0.039 0.087
-0.023 0.037 0.085
-0.021 0.035 0.081
-0.023 0.039 0.083
-0.029 0.041 0.083
-0.031 0.043 0.083
-0.031 0.041 0.085
-0.007 0.033 0.083
0.031 0.003 0.035
-0.005 0.035 0.073
-0.003 0.031 0.085
0.011 0.011 0.053
0.013 0.013 0.057
-0.003 0.033 0.071
0.019 0.007 0.043
0.031 0.003 0.035
0.027 0.007 0.039
0.015 0.011 0.051
0.023 0.007 0.043
0.015 0.011 0.053
0.019 0.009 0.055
0.027 0.007 0.041
0.025 0.005 0.051
-0.001 0.031 0.057
0.005 0.033 0.039
0.007 0.031 0.041
0.003 0.027 0.053
0.003 0.027 0.055
0.007 0.027 0.045
-0.001 0.031 0.083
0.007 0.011 0.053
-0.003 0.033 0.081
-0.001 0.031 0.077
-0.003 0.033 0.081
0.013 0.011 0.053
-0.005 0.027 0.091
0.021 0.007 0.057
0.015 0.013 0.059
0.023 0.005 0.051
0.017 0.013 0.069
-0.001 0.027 0.067
-0.001 0.029 0.073
0.001 0.029 0.059
0.003 0.025 0.057
-0.001 0.029 0.087
0.017 0.011 0.073
0.013 0.013 0.083
0.015 0.015 0.071
0.005 0.025 0.081
0.011 0.009 0.087
0.011 0.015 0.085
0.007 0.001 0.095
0.001 0.011 0.091
0.003 0.015 0.095
0.017 0.001 0.085
0.021 0.001 0.083
0.023 0.001 0.085
0.017 0.001 0.091
0.025 0.007 0.095
0.027 0.007 0.089
0.027 0.009 0.095
0.027 0.005 0.099
0.027 0.009 0.101
0.005 0.023 0.089
0.007 0.023 0.087
0.007 0.023 0.087
0.003 0.027 0.085
0.009 0.001 0.103
0.029 0.005 0.103
0.027 0.009 0.101
0.029 0.007 0.097
0.027 0.001 0.101
0.027 0.005 0.103
0.029 0.007 0.103
0.027 0.009 0.103
0.017 0.009 0.113
