-0.017 -0.003 0.035
-0.019 -0.001 0.035
-0.011 -0.009 0.035
-0.003 -0.009 0.039
-0.005 -0.011 0.039
-0.013 -0.003 0.037
-0.011 -0.001 0.039
-0.011 -0.003 0.039
-0.001 -0.001 0.061
0.007 -0.037 0.035
-0.001 -0.021 0.035
0.009 -0.027 0.047
0.009 -0.029 0.047
0.011 -0.029 0.053
0.005 -0.021 0.045
0.007 -0.019 0.049
0.009 -0.019 0.051
-0.003 -0.015 0.041
0.003 -0.017 0.043
0.009 -0.017 0.051
0.005 -0.011 0.053
0.001 -0.009 0.051
0.005 -0.033 0.039
0.005 -0.033 0.041
0.007 -0.041 0.043
0.007 -0.041 0.043
0.015 -0.039 0.043
0.021 -0.035 0.051
0.017 -0.033 0.053
0.021 -0.037 0.045
0.025 -0.037 0.055
0.017 -0.033 0.053
0.017 -0.033 0.055
0.021 -0.035 0.053
0.029 -0.039 0.049
0.025 -0.037 0.055
0.023 -0.035 0.057
0.023 -0.035 0.057
0.027 -0.035 0.061
0.021 -0.035 0.053
0.027 -0.037 0.057
0.029 -0.035 0.063
0.027 -0.033 0.067
0.005 -0.031 0.043
0.001 -0.023 0.039
0.001 -0.023 0.039
0.001 -0.019 0.041
0.001 -0.023 0.039
0.011 -0.031 0.047
0.003 -0.017 0.043
0.005 -0.019 0.047
0.007 -0.027 0.045
0.005 -0.019 0.047
0.009 -0.025 0.051
0.011 -0.021 0.053
0.013 -0.031 0.053
-0.003 -0.013 0.043
-0.001 -0.007 0.043
-0.001 -0.007 0.043
0.001 -0.013 0.049
0.007 -0.011 0.055
0.007 -0.007 0.065
0.017 -0.009 0.059
0.007 -0.021 0.049
0.011 -0.023 0.053
0.009 -0.017 0.053
0.017 -0.021 0.057
0.019 -0.019 0.063
0.017 -0.023 0.061
0.001 -0.009 0.051
0.003 -0.011 0.053
0.011 -0.015 0.055
0.001 -0.005 0.059
0.003 -0.007 0.061
0.001 -0.003 0.059
0.005 -0.007 0.063
0.021 -0.011 0.063
0.021 -0.011 0.057
0.009 -0.007 0.067
0.017 -0.011 0.057
0.021 -0.013 0.063
0.015 -0.013 0.077
0.009 -0.007 0.067
0.005 -0.003 0.075
0.013 -0.005 0.069
0.005 -0.003 0.075
0.013 -0.031 0.053
0.021 -0.031 0.061
0.019 -0.029 0.061
0.019 -0.027 0.067
0.019 -0.027 0.067
0.017 -0.025 0.057
0.019 -0.025 0.063
0.017 -0.019 0.069
0.017 -0.021 0.071
0.019 -0.017 0.057
0.019 -0.011 0.057
0.021 -0.015 0.059
0.021 -0.015 0.061
0.011 -0.009 0.061
0.013 -0.009 0.061
0.007 -0.007 0.065
0.021 -0.009 0.063
0.021 -0.029 0.067
0.021 -0.027 0.069
0.023 -0.029 0.069
0.019 -0.025 0.071
0.019 -0.023 0.073
0.025 -0.029 0.071
0.031 -0.031 0.069
0.027 -0.029 0.073
0.019 -0.021 0.077
0.021 -0.023 0.077
0.015 -0.019 0.085
0.015 -0.015 0.075
0.029 -0.007 0.051
0.019 -0.009 0.067
0.015 -0.015 0.077
0.029 -0.045 0.087
0.025 -0.041 0.085
0.021 -0.033 0.085
0.021 -0.033 0.085
0.023 -0.035 0.085
0.021 -0.033 0.085
0.027 -0.039 0.089
0.029 -0.035 0.089
0.025 -0.039 0.097
0.037 -0.049 0.093
0.033 -0.041 0.091
0.033 -0.045 0.091
0.033 -0.043 0.091
0.027 -0.039 0.089
0.023 -0.037 0.099
0.027 -0.035 0.087
0.023 -0.037 0.099
0.031 -0.047 0.089
0.035 -0.045 0.093
0.027 -0.041 0.099
0.027 -0.041 0.101
0.023 -0.033 0.099
0.019 -0.027 0.067
0.027 -0.029 0.073
0.017 -0.017 0.071
0.019 -0.027 0.085
-0.001 -0.001 0.071
0.001 -0.001 0.073
0.009 -0.005 0.071
0.013 -0.005 0.069
0.003 -0.003 0.073
0.005 -0.003 0.075
0.017 -0.013 0.071
0.019 -0.009 0.067
0.017 -0.011 0.071
0.017 -0.009 0.073
0.015 -0.011 0.075
0.011 -0.009 0.091
0.011 -0.007 0.091
0.019 -0.025 0.089
0.023 -0.031 0.089
0.023 -0.029 0.089
0.015 -0.019 0.085
0.015 -0.019 0.087
0.017 -0.021 0.085
0.019 -0.023 0.089
0.017 -0.021 0.095
0.019 -0.025 0.095
0.025 -0.031 0.089
0.021 -0.027 0.103
0.017 -0.023 0.097
0.017 -0.023 0.097
0.019 -0.021 0.103
0.021 -0.021 0.105
0.015 -0.015 0.087
0.009 -0.003 0.089
0.009 -0.003 0.089
0.009 -0.001 0.087
0.015 -0.015 0.091
0.013 -0.015 0.095
0.011 -0.009 0.095
0.011 -0.009 0.095
0.007 -0.001 0.095
0.013 -0.013 0.087
0.015 -0.017 0.097
0.009 -0.003 0.091
0.009 -0.003 0.099
0.011 -0.005 0.101
0.009 -0.003 0.099
0.027 -0.029 0.073
0.017 -0.021 0.089
0.015 -0.017 0.085
0.019 -0.027 0.097
0.023 -0.029 0.099
0.021 -0.027 0.099
0.023 -0.031 0.099
0.029 -0.031 0.101
0.029 -0.029 0.103
0.029 -0.027 0.105
0.019 -0.023 0.101
0.021 -0.025 0.103
0.015 -0.013 0.103
0.015 -0.015 0.107
0.023 -0.013 0.107
0.019 -0.007 0.101
0.015 -0.009 0.109
0.029 -0.043 0.103
0.025 -0.039 0.101
0.031 -0.037 0.103
0.031 -0.043 0.105
0.033 -0.041 0.105
0.029 -0.035 0.101
0.031 -0.039 0.103
0.031 -0.039 0.105
0.035 -0.035 0.107
0.035 -0.033 0.105
0.037 -0.039 0.105
0.035 -0.035 0.107
0.033 -0.037 0.107
0.021 -0.027 0.099
0.021 -0.023 0.103
0.015 -0.017 0.105
0.023 -0.021 0.105
0.013 -0.013 0.099
0.009 -0.003 0.099
0.021 -0.001 0.099
0.019 -0.005 0.109
0.017 -0.013 0.107
0.021 -0.011 0.105
0.023 -0.013 0.107
0.019 -0.003 0.109
0.019 -0.005 0.109
0.025 -0.005 0.111
0.025 -0.009 0.113
0.025 -0.029 0.103
0.027 -0.029 0.103
0.027 -0.025 0.105
0.033 -0.031 0.103
0.033 -0.031 0.103
0.029 -0.023 0.105
0.033 -0.021 0.105
0.025 -0.011 0.111
0.021 -0.009 0.109
0.023 -0.009 0.113
0.025 -0.009 0.113
0.023 -0.007 0.113
-0.027 0.009 0.039
-0.031 0.007 0.057
-0.029 0.005 0.059
-0.029 0.007 0.061
-0.037 0.015 0.045
-0.039 0.019 0.049
-0.023 0.019 0.047
-0.019 0.017 0.047
-0.021 0.021 0.047
-0.035 0.013 0.037
-0.035 0.013 0.043
-0.039 0.019 0.041
-0.041 0.021 0.043
-0.041 0.021 0.043
-0.041 0.023 0.043
-0.041 0.025 0.049
-0.039 0.017 0.045
-0.041 0.021 0.047
-0.041 0.029 0.049
-0.041 0.029 0.049
-0.041 0.023 0.051
-0.035 0.019 0.051
-0.033 0.031 0.065
-0.025 0.005 0.039
-0.031 0.005 0.051
-0.031 0.009 0.053
-0.031 0.009 0.051
-0.029 0.013 0.045
-0.029 0.003 0.055
-0.025 0.003 0.055
-0.027 0.013 0.045
-0.031 0.009 0.055
-0.031 0.007 0.055
-0.029 0.013 0.045
-0.033 0.015 0.047
-0.029 0.015 0.047
-0.031 0.007 0.055
-0.031 0.009 0.057
-0.029 0.009 0.059
-0.019 0.001 0.037
-0.029 0.003 0.051
-0.015 0.001 0.037
-0.029 0.003 0.055
-0.017 0.003 0.047
-0.011 -0.001 0.039
-0.009 0.001 0.039
-0.031 0.009 0.055
-0.031 0.009 0.057
-0.031 0.011 0.057
-0.029 0.009 0.059
-0.029 0.005 0.061
-0.029 0.005 0.061
-0.015 0.003 0.047
-0.011 0.005 0.047
-0.027 0.009 0.063
-0.033 0.015 0.047
-0.025 0.023 0.049
-0.019 0.023 0.047
-0.019 0.023 0.047
-0.039 0.027 0.057
-0.033 0.021 0.055
-0.035 0.025 0.061
-0.017 0.019 0.047
-0.015 0.019 0.049
-0.017 0.019 0.057
-0.029 0.021 0.051
-0.015 0.021 0.051
-0.019 0.021 0.061
-0.019 0.023 0.061
-0.017 0.023 0.049
-0.033 0.025 0.061
-0.019 0.027 0.059
-0.019 0.027 0.059
-0.029 0.003 0.053
-0.027 0.003 0.055
-0.031 0.007 0.055
-0.027 0.003 0.055
-0.031 0.009 0.057
-0.029 0.005 0.061
-0.031 0.011 0.057
-0.027 0.013 0.059
-0.023 0.009 0.065
-0.023 0.007 0.061
-0.025 0.009 0.065
-0.019 0.009 0.063
-0.001 0.005 0.065
-0.021 0.013 0.071
-0.017 0.011 0.071
-0.017 0.011 0.071
-0.005 0.015 0.063
-0.017 0.013 0.073
-0.017 0.013 0.073
-0.033 0.019 0.053
-0.033 0.021 0.055
-0.035 0.023 0.059
-0.037 0.027 0.061
-0.017 0.017 0.061
-0.027 0.029 0.065
-0.017 0.021 0.057
-0.017 0.023 0.057
-0.021 0.027 0.069
-0.021 0.023 0.075
-0.021 0.029 0.069
-0.021 0.025 0.079
-0.019 0.025 0.081
-0.035 0.035 0.061
-0.033 0.035 0.063
-0.041 0.029 0.049
-0.039 0.029 0.053
-0.039 0.029 0.055
-0.037 0.029 0.059
-0.039 0.027 0.057
-0.037 0.027 0.061
-0.029 0.027 0.065
-0.027 0.027 0.063
-0.029 0.027 0.065
-0.027 0.027 0.063
-0.033 0.031 0.065
-0.023 0.031 0.073
-0.025 0.031 0.073
-0.021 0.027 0.077
-0.033 0.031 0.065
-0.021 0.009 0.067
-0.021 0.009 0.067
-0.021 0.011 0.069
-0.021 0.011 0.071
-0.001 0.001 0.073
-0.001 0.009 0.067
-0.003 0.003 0.077
-0.009 0.011 0.079
-0.011 0.013 0.079
-0.021 0.023 0.067
-0.029 0.029 0.069
-0.027 0.029 0.069
-0.027 0.029 0.069
-0.021 0.027 0.069
-0.021 0.023 0.079
-0.021 0.025 0.079
-0.017 0.017 0.069
-0.013 0.017 0.069
-0.013 0.015 0.077
-0.015 0.017 0.083
-0.019 0.027 0.083
-0.017 0.017 0.081
-0.015 0.017 0.087
-0.013 0.019 0.089
-0.005 0.007 0.083
-0.005 0.007 0.085
-0.013 0.015 0.087
-0.007 0.009 0.087
-0.009 0.013 0.089
-0.009 0.015 0.091
-0.019 0.021 0.083
-0.019 0.027 0.081
-0.013 0.019 0.089
-0.013 0.029 0.091
-0.013 0.019 0.089
-0.013 0.017 0.089
-0.009 0.017 0.091
-0.003 0.019 0.095
-0.011 0.025 0.093
-0.011 0.027 0.093
-0.037 0.043 0.081
-0.035 0.041 0.087
-0.031 0.033 0.069
-0.031 0.035 0.083
-0.033 0.037 0.081
-0.033 0.039 0.081
-0.021 0.033 0.077
-0.021 0.033 0.081
-0.019 0.031 0.081
-0.019 0.031 0.083
-0.019 0.033 0.085
-0.031 0.035 0.085
-0.035 0.039 0.085
-0.031 0.035 0.087
-0.031 0.035 0.087
-0.031 0.037 0.089
-0.019 0.033 0.085
-0.031 0.037 0.089
-0.029 0.037 0.089
-0.017 0.031 0.089
-0.013 0.031 0.089
-0.007 0.033 0.087
0.001 -0.003 0.059
0.001 -0.003 0.061
0.001 0.005 0.055
0.001 0.005 0.057
-0.001 0.003 0.065
-0.005 0.011 0.055
-0.001 0.005 0.063
0.001 -0.003 0.055
-0.001 -0.001 0.061
-0.001 -0.001 0.065
-0.001 -0.001 0.065
-0.001 0.001 0.071
-0.001 0.001 0.063
-0.001 0.001 0.067
-0.001 0.001 0.069
-0.001 0.001 0.071
0.001 -0.003 0.069
-0.001 -0.001 0.071
0.001 -0.001 0.073
-0.001 0.001 0.073
-0.017 0.017 0.063
-0.021 0.023 0.067
-0.017 0.017 0.069
-0.015 0.017 0.069
-0.017 0.017 0.071
-0.019 0.019 0.067
-0.021 0.023 0.069
-0.019 0.021 0.071
0.001 0.003 0.053
0.001 0.007 0.055
0.001 0.009 0.061
-0.001 0.005 0.063
-0.009 0.011 0.079
-0.003 0.009 0.071
0.005 -0.003 0.075
-0.003 0.003 0.077
-0.001 0.001 0.077
-0.005 0.005 0.077
-0.015 0.017 0.073
-0.019 0.019 0.079
-0.003 0.017 0.063
-0.017 0.017 0.081
0.003 -0.005 0.067
-0.021 0.027 0.065
-0.021 0.027 0.069
-0.007 0.009 0.077
-0.009 0.011 0.079
0.001 0.001 0.079
0.003 0.003 0.083
0.003 0.001 0.081
0.009 0.001 0.081
-0.003 0.011 0.091
0.001 0.003 0.083
0.005 0.001 0.081
-0.011 0.013 0.085
-0.011 0.013 0.085
-0.009 0.015 0.091
-0.007 0.013 0.091
0.001 0.005 0.087
0.007 0.003 0.083
0.007 0.007 0.089
0.011 0.003 0.085
0.007 0.007 0.089
0.001 0.011 0.091
0.005 0.011 0.093
0.003 0.013 0.093
0.007 0.007 0.089
0.005 0.009 0.091
0.005 0.011 0.093
0.005 0.009 0.091
0.003 0.013 0.093
0.009 -0.001 0.097
0.027 0.007 0.089
0.019 -0.001 0.099
0.019 -0.001 0.099
0.025 0.003 0.095
-0.007 0.021 0.093
-0.001 0.015 0.093
-0.003 0.019 0.095
-0.009 0.025 0.095
-0.009 0.025 0.095
0.001 0.015 0.095
-0.005 0.021 0.095
0.017 0.001 0.107
