0.039 -0.027 0.085
0.035 -0.015 0.089
0.037 -0.017 0.097
0.037 -0.021 0.089
0.031 -0.039 0.049
0.037 -0.033 0.063
0.039 -0.031 0.059
0.041 -0.031 0.055
0.041 -0.031 0.055
0.041 -0.023 0.051
0.035 -0.021 0.071
0.037 -0.019 0.063
0.041 -0.011 0.051
0.039 -0.023 0.041
0.015 -0.039 0.041
0.011 -0.043 0.043
0.043 -0.045 0.085
0.013 -0.041 0.043
0.043 -0.037 0.085
0.015 -0.039 0.043
0.031 -0.037 0.059
0.031 -0.039 0.049
0.029 -0.037 0.059
0.037 -0.035 0.043
0.039 -0.033 0.057
0.031 -0.033 0.067
0.033 -0.031 0.069
0.037 -0.029 0.067
0.037 -0.023 0.085
0.039 -0.029 0.085
0.037 -0.035 0.059
0.023 -0.007 0.055
0.025 -0.005 0.053
0.035 -0.015 0.087
0.033 -0.009 0.085
0.041 -0.019 0.055
0.035 -0.013 0.055
0.033 -0.007 0.049
0.027 -0.001 0.045
0.041 -0.031 0.083
0.041 -0.033 0.085
0.039 -0.029 0.083
0.039 -0.031 0.087
0.039 -0.023 0.083
0.039 -0.017 0.093
0.037 -0.017 0.083
0.035 -0.009 0.093
0.037 -0.015 0.095
0.035 -0.011 0.089
0.037 -0.019 0.081
0.027 -0.009 0.053
0.035 -0.015 0.067
0.025 -0.003 0.053
0.035 -0.017 0.073
0.029 -0.005 0.073
0.035 -0.011 0.083
0.031 -0.007 0.079
0.041 -0.027 0.045
0.045 -0.029 0.035
0.045 -0.025 0.039
0.041 -0.019 0.041
0.049 -0.021 0.039
0.047 -0.017 0.039
0.041 -0.027 0.045
0.043 -0.019 0.051
0.049 -0.025 0.035
0.051 -0.021 0.037
0.049 -0.017 0.039
0.041 -0.015 0.045
0.043 -0.013 0.039
0.039 -0.009 0.051
0.039 -0.031 0.059
0.037 -0.017 0.065
0.041 -0.037 0.103
0.045 -0.039 0.101
0.043 -0.041 0.103
0.037 -0.035 0.107
0.041 -0.035 0.089
0.041 -0.035 0.089
0.037 -0.021 0.089
0.039 -0.027 0.083
0.041 -0.027 0.097
0.037 -0.019 0.103
0.035 -0.009 0.101
0.035 -0.007 0.105
0.039 -0.019 0.093
0.035 -0.011 0.083
0.031 -0.009 0.075
0.037 -0.013 0.099
0.031 -0.021 0.105
0.037 -0.031 0.103
0.043 -0.031 0.099
0.039 -0.021 0.095
0.037 -0.019 0.089
0.041 -0.023 0.095
0.035 -0.027 0.101
0.029 -0.009 0.105
0.027 -0.005 0.103
0.033 -0.003 0.097
0.039 -0.025 0.065
0.037 -0.017 0.067
0.037 -0.017 0.067
0.033 -0.021 0.075
0.035 -0.015 0.073
0.033 -0.013 0.075
0.037 -0.021 0.087
0.043 -0.033 0.099
0.041 -0.023 0.095
0.033 -0.043 0.105
0.031 -0.035 0.105
0.037 -0.041 0.105
0.039 -0.041 0.105
0.043 -0.037 0.103
0.035 -0.037 0.107
0.025 -0.029 0.101
0.025 -0.023 0.105
0.027 -0.023 0.105
0.025 -0.011 0.109
0.025 -0.011 0.109
0.025 -0.007 0.115
0.033 -0.005 0.107
0.037 -0.025 0.101
0.041 -0.029 0.099
0.043 -0.029 0.097
0.041 -0.031 0.099
0.037 -0.019 0.103
0.037 -0.013 0.099
0.035 -0.009 0.101
0.035 -0.005 0.099
0.035 -0.007 0.105
0.031 0.005 0.097
0.029 0.005 0.089
0.015 0.013 0.073
0.013 0.017 0.071
0.019 0.009 0.065
0.033 -0.003 0.109
0.011 0.007 0.089
0.009 0.011 0.089
0.029 0.007 0.103
0.011 0.015 0.085
0.009 0.015 0.087
0.011 0.017 0.085
0.021 0.003 0.109
0.005 0.017 0.091
0.003 0.017 0.093
0.003 0.015 0.095
0.003 0.015 0.095
0.035 -0.011 0.103
0.037 -0.013 0.099
0.035 -0.009 0.103
0.035 -0.007 0.103
0.033 -0.009 0.105
0.033 -0.007 0.089
0.033 -0.003 0.089
0.031 0.001 0.087
0.029 0.007 0.089
0.015 0.013 0.079
0.013 0.017 0.079
0.031 0.005 0.097
0.029 0.007 0.095
0.011 0.019 0.075
0.001 0.025 0.061
0.029 0.005 0.087
0.017 0.009 0.071
0.005 0.019 0.041
0.003 0.025 0.055
0.005 0.021 0.047
0.005 0.023 0.045
0.025 -0.005 0.105
0.025 -0.007 0.113
0.025 -0.005 0.113
0.025 -0.003 0.107
0.023 -0.001 0.105
0.023 -0.001 0.107
0.033 -0.001 0.099
0.031 0.003 0.101
0.031 0.001 0.089
0.035 -0.007 0.101
0.031 0.001 0.101
0.027 0.005 0.103
0.011 0.011 0.085
0.009 0.009 0.089
-0.001 0.027 0.067
-0.001 0.029 0.065
-0.001 0.021 0.093
0.001 0.023 0.091
0.011 0.019 0.079
0.003 0.027 0.055
-0.001 0.031 0.049
0.003 0.023 0.091
-0.003 0.029 0.069
0.021 0.001 0.109
0.021 0.001 0.109
0.029 0.003 0.103
0.031 -0.005 0.107
0.009 0.009 0.091
0.009 0.011 0.091
0.021 0.001 0.109
0.005 0.015 0.091
0.001 0.017 0.095
0.017 0.009 0.113
0.017 0.011 0.113
0.017 0.011 0.113
0.001 0.017 0.095
0.009 0.011 0.091
0.005 0.011 0.093
0.007 0.021 0.087
-0.007 0.025 0.095
-0.001 0.021 0.095
-0.007 0.031 0.089
-0.003 0.023 0.095
-0.025 0.039 0.085
-0.005 0.029 0.089
-0.003 0.029 0.089
-0.005 0.025 0.093
-0.001 0.025 0.091
-0.007 0.027 0.093
-0.007 0.029 0.091
-0.003 0.031 0.069
-0.001 0.031 0.079
-0.001 0.031 0.085
-0.011 0.029 0.093
0.033 0.001 0.035
0.023 -0.001 0.057
0.023 0.001 0.055
0.031 0.001 0.041
0.025 0.005 0.051
0.025 0.005 0.047
0.015 0.013 0.059
0.005 0.021 0.051
0.007 0.025 0.045
0.005 0.029 0.045
0.033 -0.007 0.089
0.019 0.001 0.067
0.033 -0.003 0.089
0.019 0.007 0.065
0.019 0.009 0.061
0.033 -0.001 0.097
0.029 0.005 0.089
0.025 -0.001 0.051
0.021 0.003 0.059
0.019 0.009 0.067
0.003 0.027 0.049
0.015 0.015 0.071
0.007 0.035 0.035
0.031 -0.007 0.105
0.033 -0.003 0.099
0.023 -0.001 0.109
0.031 0.003 0.101
0.011 0.007 0.089
0.009 0.021 0.085
0.007 0.015 0.089
0.007 0.021 0.087
0.031 -0.001 0.103
0.031 0.001 0.101
0.031 0.003 0.101
0.021 0.003 0.107
-0.003 -0.019 0.033
-0.013 -0.007 0.037
-0.017 -0.005 0.037
-0.003 -0.013 0.043
-0.003 -0.009 0.041
-0.001 -0.011 0.047
0.005 -0.033 0.041
0.005 -0.033 0.041
0.005 -0.029 0.041
0.005 -0.027 0.043
-0.003 -0.017 0.037
0.001 -0.019 0.041
0.003 -0.019 0.043
-0.001 -0.007 0.041
-0.001 -0.013 0.045
-0.001 -0.013 0.045
-0.001 -0.011 0.045
-0.001 -0.011 0.047
0.007 -0.039 0.035
0.007 -0.041 0.041
0.007 -0.037 0.045
0.007 -0.039 0.041
0.007 -0.039 0.041
0.017 -0.037 0.043
0.009 -0.041 0.043
0.025 -0.037 0.049
0.025 -0.035 0.061
0.025 -0.033 0.063
0.019 -0.037 0.043
0.025 -0.037 0.047
0.035 -0.035 0.059
0.005 -0.029 0.039
0.003 -0.027 0.041
-0.001 -0.021 0.037
0.003 -0.023 0.041
0.005 -0.023 0.047
0.007 -0.035 0.041
0.003 -0.021 0.041
0.005 -0.027 0.043
-0.003 -0.015 0.037
0.005 -0.005 0.035
-0.001 -0.011 0.047
-0.001 -0.011 0.047
0.001 -0.001 0.047
0.001 -0.019 0.041
0.003 -0.017 0.043
-0.001 -0.013 0.045
0.009 -0.027 0.049
0.011 -0.029 0.053
0.019 -0.031 0.059
0.017 -0.023 0.061
0.007 -0.013 0.055
0.011 -0.013 0.055
0.001 -0.005 0.057
0.003 -0.007 0.061
0.021 -0.015 0.059
0.017 -0.011 0.057
0.011 -0.009 0.061
0.015 -0.029 0.057
0.013 -0.031 0.051
0.009 -0.019 0.051
0.003 -0.011 0.051
0.011 -0.021 0.053
0.013 -0.021 0.053
0.007 -0.011 0.055
0.017 -0.025 0.059
0.019 -0.025 0.061
0.025 -0.033 0.065
0.025 -0.033 0.063
0.019 -0.027 0.065
0.019 -0.023 0.065
0.019 -0.017 0.057
0.019 -0.019 0.063
0.025 -0.041 0.085
0.025 -0.037 0.095
0.029 -0.045 0.089
0.027 -0.041 0.087
0.033 -0.045 0.091
0.025 -0.039 0.099
0.023 -0.029 0.071
0.017 -0.019 0.069
0.025 -0.025 0.075
0.011 -0.005 0.069
0.015 -0.013 0.075
0.019 -0.009 0.069
0.019 -0.007 0.073
0.015 -0.013 0.081
0.017 -0.005 0.077
0.015 -0.007 0.081
0.019 -0.029 0.083
0.019 -0.025 0.087
0.019 -0.027 0.087
0.019 -0.027 0.089
0.015 -0.019 0.087
0.017 -0.021 0.087
0.019 -0.025 0.091
0.021 -0.027 0.091
0.019 -0.021 0.093
0.017 -0.019 0.095
0.017 -0.023 0.097
0.019 -0.023 0.099
0.015 -0.017 0.087
0.009 -0.003 0.087
0.013 -0.015 0.095
0.011 -0.007 0.093
0.025 -0.023 0.077
0.021 -0.023 0.077
0.021 -0.021 0.079
0.023 -0.033 0.087
0.025 -0.033 0.089
0.027 -0.029 0.089
0.023 -0.033 0.099
0.021 -0.029 0.097
0.015 -0.017 0.099
0.025 -0.039 0.099
0.031 -0.037 0.103
0.017 -0.019 0.097
0.019 -0.021 0.103
0.013 -0.009 0.103
0.021 -0.003 0.103
0.019 -0.005 0.105
0.015 -0.017 0.105
0.017 -0.015 0.107
0.019 -0.005 0.107
0.023 -0.033 0.099
0.025 -0.029 0.101
0.031 -0.029 0.103
0.031 -0.033 0.103
0.025 -0.027 0.105
0.021 -0.027 0.103
0.011 -0.007 0.103
-0.025 0.005 0.035
-0.033 0.015 0.033
-0.039 0.021 0.037
-0.031 0.011 0.041
-0.031 0.011 0.041
-0.029 0.031 0.033
-0.039 0.027 0.041
-0.035 0.015 0.047
-0.041 0.025 0.045
-0.041 0.025 0.043
-0.041 0.027 0.051
-0.039 0.029 0.051
-0.035 0.023 0.059
-0.037 0.031 0.059
-0.035 0.029 0.063
-0.035 0.031 0.063
-0.025 0.003 0.033
-0.025 0.005 0.039
-0.029 0.005 0.045
-0.031 0.007 0.049
-0.031 0.007 0.053
-0.031 0.009 0.051
-0.019 0.003 0.041
-0.013 -0.003 0.037
-0.027 0.009 0.039
-0.029 0.003 0.047
-0.029 0.003 0.049
-0.027 0.003 0.047
-0.025 0.003 0.047
-0.019 0.003 0.047
-0.029 0.003 0.051
-0.015 0.005 0.051
-0.039 0.019 0.037
-0.023 0.017 0.045
-0.035 0.017 0.049
-0.039 0.021 0.051
-0.037 0.017 0.049
-0.033 0.013 0.043
-0.037 0.015 0.045
-0.019 0.017 0.047
-0.025 0.007 0.061
-0.029 0.009 0.061
-0.027 0.011 0.061
-0.031 0.007 0.057
-0.001 0.001 0.059
-0.027 0.009 0.063
-0.037 0.023 0.055
-0.039 0.025 0.057
-0.019 0.027 0.057
-0.019 0.023 0.061
-0.029 0.025 0.061
-0.029 0.025 0.061
-0.017 0.021 0.055
-0.021 0.011 0.071
-0.021 0.013 0.071
-0.021 0.023 0.065
-0.039 0.031 0.055
-0.035 0.029 0.039
-0.039 0.021 0.051
-0.037 0.021 0.055
-0.035 0.029 0.063
-0.033 0.031 0.065
-0.021 0.027 0.065
-0.023 0.013 0.067
-0.001 0.005 0.067
-0.005 0.011 0.073
-0.003 0.003 0.077
-0.017 0.017 0.071
-0.021 0.029 0.067
-0.025 0.031 0.071
-0.019 0.021 0.073
-0.021 0.023 0.077
-0.021 0.013 0.071
-0.019 0.013 0.073
-0.019 0.023 0.081
-0.019 0.021 0.083
-0.011 0.013 0.081
-0.011 0.013 0.083
-0.015 0.017 0.085
-0.017 0.019 0.085
-0.017 0.023 0.087
-0.009 0.025 0.095
-0.033 0.039 0.079
-0.027 0.029 0.069
-0.023 0.031 0.073
-0.023 0.033 0.079
-0.035 0.041 0.081
-0.033 0.037 0.083
-0.027 0.033 0.087
-0.029 0.035 0.087
-0.015 0.029 0.089
0.001 -0.001 0.047
0.001 -0.001 0.049
0.001 -0.003 0.045
0.001 -0.001 0.053
-0.029 0.009 0.059
0.001 0.005 0.053
0.001 0.001 0.053
0.003 0.009 0.057
-0.001 0.003 0.063
0.001 0.007 0.059
-0.001 0.007 0.063
0.001 -0.005 0.061
-0.001 0.001 0.061
-0.001 -0.001 0.065
-0.017 0.019 0.059
-0.017 0.017 0.067
-0.033 0.019 0.053
-0.005 0.011 0.073
-0.003 0.009 0.071
0.001 0.001 0.081
0.001 0.003 0.083
0.011 0.001 0.081
0.009 0.003 0.083
0.011 0.003 0.085
0.005 0.011 0.093
0.007 -0.001 0.095
0.009 -0.005 0.099
0.009 -0.001 0.101
-0.009 0.011 0.087
-0.015 0.021 0.089
-0.003 0.017 0.093
0.019 0.001 0.111
0.013 0.011 0.113
