-0.013 -0.009 0.035
0.007 -0.039 0.033
0.009 -0.041 0.035
0.007 -0.039 0.033
0.009 -0.041 0.035
0.009 -0.035 0.045
0.021 -0.037 0.045
0.033 -0.037 0.045
0.039 -0.035 0.051
0.005 -0.035 0.037
0.005 -0.035 0.037
0.005 -0.029 0.039
0.003 -0.027 0.041
0.005 -0.029 0.041
0.005 -0.023 0.043
0.009 -0.041 0.039
0.009 -0.043 0.039
0.019 -0.031 0.059
0.001 -0.007 0.049
0.001 -0.003 0.059
0.017 -0.027 0.059
0.015 -0.009 0.059
0.029 -0.039 0.045
0.019 -0.035 0.047
0.029 -0.037 0.053
0.023 -0.035 0.057
0.037 -0.033 0.063
0.037 -0.047 0.087
0.017 -0.021 0.069
0.009 -0.007 0.067
0.015 -0.013 0.075
0.021 -0.021 0.079
0.019 -0.027 0.085
0.021 -0.027 0.091
0.013 -0.011 0.095
0.019 -0.025 0.087
0.017 -0.021 0.089
0.025 -0.029 0.071
0.027 -0.039 0.087
0.027 -0.041 0.099
0.035 -0.021 0.091
0.027 -0.041 0.099
0.031 -0.037 0.103
0.031 -0.043 0.101
0.033 -0.043 0.105
0.033 -0.041 0.105
0.017 -0.019 0.103
0.015 -0.015 0.107
-0.025 0.005 0.035
-0.025 0.003 0.041
-0.041 0.023 0.051
-0.025 0.003 0.039
-0.029 0.011 0.033
-0.023 0.003 0.049
-0.029 0.003 0.047
-0.029 0.005 0.047
-0.027 0.003 0.051
-0.011 0.003 0.041
-0.013 0.003 0.041
-0.011 0.003 0.043
-0.029 0.003 0.047
-0.037 0.015 0.037
-0.031 0.007 0.051
-0.031 0.009 0.049
-0.025 0.003 0.053
-0.031 0.005 0.051
-0.011 0.013 0.055
-0.001 -0.001 0.057
-0.033 0.017 0.049
-0.029 0.007 0.061
-0.027 0.013 0.061
-0.031 0.013 0.045
-0.033 0.029 0.065
-0.005 0.009 0.075
-0.021 0.023 0.067
-0.021 0.023 0.071
-0.007 0.017 0.069
-0.005 0.009 0.073
-0.007 0.017 0.073
-0.007 0.009 0.077
-0.011 0.013 0.079
-0.015 0.015 0.081
-0.003 0.013 0.091
-0.009 0.023 0.093
-0.035 0.041 0.075
-0.035 0.039 0.085
-0.025 0.029 0.067
-0.021 0.023 0.075
-0.031 0.035 0.083
-0.017 0.027 0.085
-0.001 0.011 0.039
-0.007 0.005 0.043
0.007 -0.015 0.051
0.007 -0.015 0.051
-0.005 0.005 0.043
0.001 0.011 0.049
0.001 0.001 0.053
0.003 -0.007 0.059
-0.001 -0.001 0.063
0.005 -0.005 0.065
-0.003 0.005 0.069
0.003 -0.003 0.073
0.003 -0.001 0.079
0.013 -0.005 0.069
0.017 -0.001 0.079
0.001 0.005 0.087
0.015 0.001 0.081
0.001 0.007 0.089
-0.001 0.011 0.091
0.013 -0.011 0.085
-0.003 0.017 0.093
0.013 -0.013 0.107
-0.017 -0.001 0.037
-0.009 -0.003 0.039
0.011 -0.035 0.045
0.035 -0.035 0.107
0.015 -0.037 0.043
0.031 -0.043 0.105
0.027 -0.039 0.101
0.027 -0.039 0.101
0.035 -0.041 0.091
0.035 -0.041 0.105
0.031 -0.039 0.105
0.039 -0.041 0.091
0.033 -0.033 0.105
0.019 -0.019 0.103
0.023 -0.013 0.107
0.007 -0.015 0.051
0.015 -0.015 0.107
0.009 -0.025 0.051
0.017 -0.023 0.097
0.023 -0.027 0.103
0.021 -0.017 0.105
0.027 -0.013 0.107
0.027 -0.021 0.105
0.043 -0.037 0.103
0.041 -0.021 0.055
0.041 -0.021 0.055
0.041 -0.025 0.059
0.039 -0.011 0.053
0.041 -0.013 0.053
0.031 -0.043 0.105
0.027 -0.039 0.101
0.041 -0.043 0.089
0.043 -0.041 0.087
0.043 -0.037 0.103
0.033 -0.043 0.091
0.039 -0.045 0.093
0.023 -0.025 0.105
0.001 -0.001 0.075
0.013 -0.007 0.103
0.027 -0.021 0.105
0.029 -0.007 0.103
0.017 -0.019 0.103
0.023 -0.029 0.103
0.025 -0.023 0.105
0.019 -0.015 0.105
0.021 -0.017 0.105
0.039 -0.031 0.101
0.039 -0.025 0.097
0.035 -0.021 0.103
0.041 -0.033 0.101
0.037 -0.021 0.103
0.033 -0.039 0.105
0.043 -0.037 0.103
0.021 -0.021 0.105
0.015 -0.009 0.109
0.031 -0.015 0.105
0.021 -0.009 0.109
0.027 -0.007 0.111
0.019 -0.005 0.105
0.019 -0.003 0.109
0.031 -0.001 0.107
0.025 -0.007 0.115
0.035 -0.009 0.103
-0.023 0.013 0.067
-0.029 0.019 0.049
-0.025 0.003 0.035
-0.015 0.003 0.045
-0.021 0.003 0.045
-0.013 0.005 0.049
-0.013 0.013 0.051
-0.019 0.009 0.065
-0.007 0.009 0.087
-0.013 0.017 0.089
-0.011 0.017 0.089
-0.017 0.019 0.085
-0.009 0.013 0.089
0.009 0.009 0.091
0.009 0.013 0.089
-0.001 0.017 0.095
0.005 0.019 0.091
-0.023 0.003 0.051
-0.029 0.007 0.061
-0.021 0.009 0.067
-0.019 0.009 0.061
0.003 -0.001 0.079
-0.007 0.013 0.091
-0.027 0.027 0.063
-0.027 0.029 0.065
-0.001 0.023 0.093
-0.025 0.011 0.065
0.003 0.007 0.089
-0.017 0.021 0.087
0.005 0.015 0.091
0.003 0.015 0.095
-0.013 0.015 0.087
0.001 0.025 0.091
0.001 0.025 0.091
-0.003 0.005 0.083
-0.007 0.009 0.087
-0.005 0.011 0.089
-0.013 0.017 0.089
-0.035 0.039 0.085
-0.023 0.033 0.075
-0.021 0.035 0.081
-0.011 0.029 0.093
-0.031 0.037 0.089
0.017 -0.009 0.103
0.015 -0.009 0.109
0.035 -0.007 0.095
0.017 0.001 0.109
0.017 0.003 0.111
0.017 0.003 0.111
0.017 0.007 0.113
0.015 0.011 0.113
0.013 -0.005 0.103
0.011 0.003 0.085
0.005 0.033 0.041
0.005 0.031 0.041
0.021 -0.007 0.109
0.025 -0.009 0.113
0.017 0.011 0.073
0.009 -0.003 0.103
0.011 0.007 0.089
0.003 0.011 0.091
0.007 0.013 0.093
0.027 -0.003 0.101
0.027 0.001 0.101
0.027 0.001 0.101
0.017 0.001 0.109
0.005 0.005 0.043
0.005 0.017 0.069
0.017 0.001 0.033
0.023 0.005 0.049
0.027 -0.001 0.045
0.031 -0.007 0.047
0.037 -0.015 0.055
0.037 -0.017 0.057
0.021 0.007 0.047
0.019 0.007 0.045
0.017 0.011 0.053
0.011 0.005 0.039
0.013 0.001 0.035
0.015 0.001 0.035
0.021 -0.009 0.063
0.029 -0.007 0.069
0.015 0.013 0.061
0.011 0.013 0.059
0.017 0.013 0.065
0.021 0.003 0.059
0.027 -0.001 0.049
0.021 -0.001 0.061
0.023 -0.011 0.063
0.039 -0.009 0.041
0.039 -0.009 0.039
0.045 -0.017 0.039
0.041 -0.027 0.041
0.045 -0.021 0.041
0.041 -0.023 0.045
0.035 -0.005 0.033
0.037 -0.005 0.037
0.035 -0.007 0.049
0.035 -0.011 0.087
0.039 -0.029 0.085
0.039 -0.031 0.087
0.039 -0.023 0.091
0.027 -0.003 0.075
0.029 -0.005 0.077
0.027 -0.003 0.079
0.019 -0.001 0.077
0.031 -0.011 0.065
0.019 -0.003 0.071
0.029 0.005 0.095
0.029 0.005 0.099
0.029 0.007 0.097
0.019 0.001 0.083
0.017 0.001 0.089
0.011 0.005 0.087
0.017 0.001 0.091
0.009 -0.001 0.093
0.023 0.001 0.083
0.033 -0.005 0.087
0.037 -0.019 0.069
0.039 -0.029 0.081
0.039 -0.027 0.083
0.039 -0.017 0.093
0.041 -0.029 0.093
0.033 -0.003 0.103
0.037 -0.033 0.105
0.021 -0.001 0.099
0.013 -0.003 0.099
0.019 0.007 0.109
0.025 -0.003 0.105
0.025 -0.003 0.105
0.025 -0.005 0.109
0.019 0.005 0.107
0.025 -0.005 0.109
0.025 -0.005 0.107
0.039 -0.019 0.101
-0.013 0.035 0.037
-0.003 0.035 0.039
-0.019 0.035 0.031
-0.029 0.033 0.037
-0.033 0.033 0.047
-0.035 0.035 0.053
-0.035 0.035 0.057
-0.033 0.035 0.061
-0.013 0.031 0.043
-0.017 0.025 0.051
-0.001 0.031 0.047
-0.007 0.035 0.039
0.005 0.033 0.039
-0.005 0.031 0.055
-0.011 0.033 0.043
-0.019 0.025 0.043
-0.007 0.033 0.041
0.003 0.035 0.039
-0.003 0.035 0.039
-0.017 0.027 0.053
-0.011 0.037 0.069
-0.027 0.027 0.051
-0.029 0.031 0.049
-0.017 0.031 0.059
-0.019 0.035 0.035
-0.011 0.035 0.037
0.003 0.017 0.069
0.003 0.017 0.069
-0.023 0.039 0.071
-0.009 0.035 0.079
-0.015 0.035 0.077
-0.003 0.031 0.069
0.001 0.025 0.075
-0.001 0.031 0.085
0.003 0.023 0.091
-0.013 0.031 0.087
-0.003 0.031 0.085
-0.005 0.027 0.091
-0.001 0.023 0.093
-0.023 0.041 0.079
-0.005 0.033 0.067
-0.023 0.037 0.085
0.015 0.007 0.043
0.017 0.007 0.045
0.005 0.035 0.037
0.007 0.025 0.045
0.005 0.013 0.059
0.021 0.003 0.059
0.015 0.007 0.079
0.009 0.021 0.085
0.007 0.019 0.089
0.003 0.025 0.089
0.031 0.003 0.101
0.017 0.009 0.111
-0.013 -0.009 0.033
-0.011 -0.009 0.033
0.031 -0.027 0.031
0.019 -0.037 0.033
0.011 -0.043 0.043
0.019 -0.037 0.035
0.019 -0.037 0.037
0.029 -0.039 0.049
0.033 -0.037 0.047
0.033 -0.035 0.063
0.007 -0.039 0.033
0.009 -0.043 0.039
0.007 -0.039 0.039
0.013 -0.041 0.037
0.009 -0.043 0.043
0.009 -0.043 0.039
0.015 -0.041 0.037
0.021 -0.033 0.035
0.031 -0.033 0.035
0.009 -0.027 0.051
0.003 -0.011 0.053
0.003 -0.013 0.051
0.001 -0.005 0.059
0.037 -0.031 0.037
0.041 -0.025 0.035
0.035 -0.029 0.033
0.035 -0.025 0.033
0.041 -0.025 0.035
0.047 -0.025 0.039
0.049 -0.025 0.037
0.037 -0.033 0.039
0.041 -0.027 0.037
0.045 -0.025 0.039
0.037 -0.035 0.041
0.041 -0.025 0.047
0.039 -0.031 0.063
0.039 -0.031 0.063
0.033 -0.049 0.087
0.033 -0.049 0.087
0.037 -0.041 0.083
0.037 -0.041 0.083
0.041 -0.045 0.087
0.011 -0.005 0.069
0.017 -0.019 0.077
0.023 -0.029 0.071
0.035 -0.031 0.065
0.027 -0.029 0.071
0.019 -0.021 0.075
0.023 -0.027 0.073
0.025 -0.043 0.083
0.027 -0.047 0.083
0.019 -0.029 0.083
0.019 -0.027 0.095
0.019 -0.025 0.091
0.035 -0.047 0.091
0.021 -0.033 0.085
0.011 -0.011 0.093
0.009 -0.005 0.095
0.023 -0.021 0.079
0.029 -0.019 0.079
0.037 -0.047 0.085
0.033 -0.049 0.085
0.033 -0.029 0.071
0.041 -0.043 0.083
0.041 -0.043 0.089
0.039 -0.045 0.085
0.039 -0.049 0.091
0.023 -0.037 0.097
0.033 -0.041 0.099
0.035 -0.043 0.105
0.029 -0.039 0.095
0.021 -0.031 0.095
0.017 -0.017 0.105
0.035 -0.043 0.103
0.013 -0.013 0.097
0.019 -0.025 0.099
0.017 -0.017 0.105
0.025 -0.039 0.099
0.021 -0.027 0.101
0.029 -0.043 0.103
0.033 -0.043 0.101
0.039 -0.045 0.093
0.039 -0.041 0.103
0.011 -0.041 0.037
-0.005 -0.017 0.035
-0.041 0.019 0.043
-0.029 0.003 0.049
-0.037 0.021 0.053
-0.029 0.005 0.059
-0.033 0.027 0.063
-0.019 0.005 0.045
-0.017 0.003 0.045
-0.005 -0.017 0.035
0.005 -0.035 0.037
-0.001 -0.021 0.035
-0.007 0.005 0.045
-0.023 0.003 0.047
-0.001 -0.021 0.037
0.013 -0.041 0.041
0.013 -0.031 0.049
-0.025 0.003 0.053
-0.025 0.003 0.053
-0.027 0.005 0.057
-0.021 0.007 0.059
-0.019 0.009 0.061
-0.013 0.007 0.051
-0.013 0.015 0.061
-0.007 0.013 0.057
-0.021 0.005 0.051
-0.013 0.007 0.051
-0.013 0.015 0.055
-0.025 0.007 0.061
-0.021 0.003 0.041
-0.011 0.015 0.063
-0.019 0.011 0.067
0.003 -0.005 0.067
-0.001 0.001 0.075
-0.017 0.011 0.067
-0.015 0.017 0.077
-0.001 0.007 0.089
-0.013 0.015 0.087
-0.011 0.013 0.085
-0.009 0.013 0.089
-0.001 0.007 0.089
-0.033 0.041 0.075
-0.031 0.039 0.075
-0.027 0.033 0.079
-0.001 0.005 0.085
0.035 -0.029 0.033
0.013 -0.033 0.047
0.017 -0.037 0.043
0.033 -0.037 0.039
0.023 -0.037 0.047
0.013 -0.031 0.051
0.015 -0.031 0.051
0.011 -0.029 0.053
0.023 -0.037 0.053
0.029 -0.037 0.053
0.031 -0.037 0.055
0.037 -0.029 0.035
0.005 -0.005 0.067
0.019 -0.023 0.073
0.021 -0.025 0.073
0.009 0.001 0.079
0.025 -0.029 0.071
0.003 0.007 0.089
0.001 0.007 0.089
0.013 -0.013 0.089
