8
2147483648
1024
8388608
33554432
2
4194304
131072
16384
536870912
128
2097152
64
16
4
262144
65536
512
134217728
4096
256
8192
32768
2048
524288
67108864
1
1048576
1073741824
268435456
16777216
32
32896
65544
16896
16842752
2147483652
4194432
268500992
6
65792
129
2097280
67584
67174400
65664
131584
536871040
134
1540
98432
4211200
67174528
2097284
8456320
8388742
8388756
75563136
12649088
1082196484
276890240
8487584
276890272
12796544
11731616
11731624
8856220
8594095
2159223468
2160274108
2195925688
1221812924
2160552638
2163681982
2160585407
2564291256
416803519
3102206654
3103255230
