16777216
16842752
16842880
21037184
21037696
29426304
29426336
2176909984
2176910000
2176910008
2177041080
2177049272
2177053368
2177069752
2177071800
2177104568
2177366712
2445802168
2580019896
2581068472
262144
262656
262660
8651268
8651396
8716932
8848004
8848020
8848028
8856220
13050524
13066908
13066940
13068988
147286716
147286718
147319486
415754942
416803518
450357950
268435456
268500992
276889600
276889728
276890240
276890272
281084576
281084592
281215664
281215672
281223864
415441592
415443640
415460024
415464120
415496888
415759032
416807608
450362040
16384
16896
4211200
4211328
4276864
12665472
12796544
12796560
12796568
12804760
13066904
13068952
13068984
147286712
147290808
147323576
415759032
416807608
450362040
