0.045 -0.029 0.035
0.015 -0.041 0.033
0.037 -0.035 0.045
0.039 -0.033 0.057
0.041 -0.029 0.057
0.025 -0.029 0.071
0.029 -0.031 0.069
0.037 -0.019 0.067
0.037 -0.047 0.085
0.039 -0.047 0.087
0.039 -0.025 0.083
0.043 -0.037 0.097
0.013 -0.041 0.041
0.033 -0.037 0.039
0.027 -0.037 0.039
0.039 -0.025 0.063
0.023 -0.025 0.075
0.037 -0.033 0.039
0.039 -0.033 0.043
0.041 -0.013 0.043
0.041 -0.025 0.049
0.041 -0.027 0.059
0.021 -0.021 0.079
0.009 -0.041 0.043
0.017 -0.039 0.037
0.037 -0.041 0.091
0.009 -0.025 0.051
0.025 -0.023 0.105
0.003 -0.005 0.067
0.027 -0.021 0.105
0.043 -0.019 0.051
0.037 -0.017 0.065
0.039 -0.043 0.091
0.029 -0.009 0.105
0.023 -0.031 0.099
0.013 -0.007 0.103
0.011 -0.007 0.103
0.037 -0.035 0.107
0.033 -0.043 0.105
0.033 -0.035 0.105
0.031 -0.011 0.105
0.025 -0.015 0.105
0.037 -0.033 0.105
-0.003 0.007 0.087
-0.029 0.011 0.059
-0.037 0.021 0.055
-0.025 0.007 0.063
-0.017 0.009 0.053
0.007 0.001 0.095
0.003 0.003 0.083
-0.027 0.025 0.055
-0.015 0.021 0.089
-0.015 0.023 0.089
-0.005 0.019 0.093
-0.001 0.017 0.095
0.007 0.021 0.087
-0.017 0.027 0.087
0.001 0.025 0.091
-0.007 0.009 0.085
-0.015 0.021 0.089
-0.011 0.029 0.093
-0.027 0.033 0.081
-0.007 0.031 0.089
0.011 0.003 0.085
0.035 -0.007 0.105
0.015 0.005 0.111
0.033 -0.001 0.039
0.007 0.015 0.089
0.005 0.017 0.091
0.005 -0.029 0.037
-0.001 -0.015 0.043
0.001 -0.007 0.049
-0.023 0.013 0.065
0.001 -0.001 0.053
0.001 -0.003 0.065
0.001 -0.003 0.067
0.019 -0.009 0.067
0.023 -0.037 0.097
0.021 -0.031 0.097
0.001 0.001 0.081
0.019 0.001 0.095
0.009 -0.003 0.089
0.017 -0.019 0.103
0.015 -0.015 0.105
0.021 -0.009 0.107
-0.041 0.029 0.047
-0.035 0.013 0.043
-0.037 0.021 0.055
-0.019 0.033 0.039
-0.021 0.011 0.069
-0.019 0.021 0.075
-0.011 0.013 0.085
-0.009 0.031 0.089
-0.005 0.017 0.091
-0.009 0.013 0.059
-0.019 0.019 0.067
-0.031 0.035 0.069
-0.013 0.015 0.063
0.003 0.009 0.057
-0.011 0.019 0.091
0.003 0.011 0.091
0.017 0.001 0.091
0.017 0.003 0.109
0.021 0.007 0.047
0.015 0.011 0.051
0.035 -0.005 0.041
0.013 0.011 0.051
0.017 0.013 0.065
0.019 0.009 0.067
0.039 -0.021 0.061
0.035 -0.015 0.073
0.017 0.011 0.073
0.031 -0.007 0.077
0.031 0.003 0.099
0.037 -0.023 0.067
0.037 -0.017 0.087
0.035 -0.033 0.105
0.039 -0.023 0.103
0.021 -0.001 0.099
0.025 -0.005 0.113
0.041 -0.029 0.099
0.041 -0.027 0.097
-0.023 0.035 0.031
-0.027 0.027 0.051
-0.033 0.033 0.043
-0.033 0.031 0.039
-0.035 0.033 0.051
-0.033 0.033 0.047
-0.037 0.031 0.045
-0.009 0.029 0.051
0.003 0.035 0.039
-0.011 0.033 0.057
-0.011 0.031 0.055
-0.007 0.031 0.049
-0.023 0.033 0.063
-0.009 0.035 0.071
-0.003 0.033 0.069
-0.001 0.031 0.077
0.001 0.027 0.077
0.001 0.027 0.079
0.003 0.021 0.091
-0.013 0.031 0.089
-0.017 0.033 0.083
-0.009 0.031 0.089
-0.005 0.035 0.071
0.031 0.003 0.031
0.011 0.005 0.041
0.007 0.015 0.063
0.015 0.015 0.073
0.003 0.027 0.079
0.009 0.013 0.089
0.013 0.005 0.039
0.039 -0.031 0.059
0.043 -0.013 0.039
0.039 -0.023 0.091
0.033 -0.003 0.095
0.035 -0.005 0.105
0.035 -0.013 0.103
-0.003 0.035 0.041
0.003 0.013 0.039
0.003 0.025 0.051
0.001 0.011 0.037
0.007 0.031 0.037
-0.001 0.031 0.057
0.001 0.029 0.053
-0.005 0.019 0.069
0.009 0.015 0.087
-0.011 0.037 0.069
0.021 0.007 0.061
0.005 0.021 0.073
0.019 0.005 0.111
0.043 -0.015 0.041
0.041 -0.031 0.049
0.039 -0.013 0.053
0.037 -0.031 0.065
0.023 -0.005 0.055
0.035 -0.015 0.063
0.039 -0.031 0.041
0.041 -0.045 0.087
0.029 -0.005 0.077
0.039 -0.019 0.093
0.039 -0.025 0.097
0.041 -0.023 0.095
0.037 -0.019 0.097
0.035 -0.007 0.095
0.033 -0.003 0.095
0.041 -0.031 0.083
0.037 -0.025 0.087
0.033 -0.027 0.103
0.033 -0.019 0.105
-0.001 0.011 0.035
0.005 0.015 0.047
0.019 0.001 0.065
0.005 0.021 0.053
0.019 0.009 0.067
-0.001 0.027 0.067
0.009 0.031 0.041
0.009 0.021 0.081
0.009 0.021 0.081
0.031 0.005 0.097
0.001 0.029 0.083
-0.025 0.035 0.087
-0.027 0.039 0.087
0.019 0.009 0.059
0.031 -0.001 0.085
0.019 0.005 0.069
0.017 0.007 0.075
0.007 0.015 0.089
0.011 -0.011 0.093
0.025 -0.037 0.055
0.029 -0.035 0.063
0.011 -0.009 0.095
0.017 -0.025 0.059
0.001 -0.005 0.061
0.021 -0.025 0.103
0.019 -0.019 0.103
0.015 -0.015 0.107
0.037 -0.049 0.093
0.027 -0.039 0.101
0.033 -0.033 0.105
0.013 -0.013 0.089
0.025 -0.017 0.105
0.039 -0.029 0.099
-0.011 0.007 0.049
-0.033 0.015 0.047
-0.031 0.011 0.041
-0.031 0.027 0.065
-0.013 0.021 0.089
-0.025 0.011 0.063
-0.013 0.007 0.051
-0.031 0.027 0.065
-0.029 0.025 0.061
-0.027 0.027 0.063
-0.017 0.029 0.087
-0.005 0.029 0.089
-0.019 0.033 0.085
0.007 -0.001 0.095
0.009 -0.003 0.089
-0.005 0.017 0.091
0.009 0.001 0.101
0.009 0.019 0.087
0.033 -0.037 0.041
0.037 -0.037 0.049
0.041 -0.029 0.057
0.041 -0.023 0.057
0.039 -0.023 0.061
0.025 -0.003 0.053
0.025 -0.001 0.051
0.041 -0.017 0.043
0.051 -0.021 0.037
0.051 -0.021 0.035
0.039 -0.009 0.037
0.041 -0.011 0.045
0.039 -0.009 0.045
0.041 -0.017 0.055
0.043 -0.039 0.087
0.033 -0.015 0.077
0.043 -0.033 0.095
0.037 -0.021 0.081
0.041 -0.025 0.093
0.021 -0.005 0.057
0.041 -0.017 0.043
0.043 -0.019 0.049
0.041 -0.013 0.045
0.039 -0.009 0.041
0.029 0.003 0.041
0.025 0.001 0.047
0.025 0.001 0.049
0.039 -0.021 0.059
0.039 -0.019 0.057
0.023 -0.001 0.055
-0.001 0.031 0.061
0.029 -0.005 0.073
-0.001 0.029 0.065
-0.001 0.029 0.075
0.035 -0.011 0.085
0.019 0.009 0.065
0.017 0.009 0.071
0.033 -0.001 0.091
0.029 0.007 0.087
0.029 0.005 0.103
-0.003 0.017 0.093
0.005 -0.035 0.037
0.017 -0.027 0.059
0.017 -0.025 0.085
0.017 -0.029 0.057
0.001 0.011 0.091
0.029 -0.043 0.089
0.029 -0.043 0.101
0.025 -0.025 0.105
0.015 -0.013 0.077
0.003 -0.003 0.071
0.009 0.001 0.103
0.009 0.001 0.095
0.015 -0.009 0.105
0.017 -0.021 0.099
0.011 -0.009 0.091
0.011 -0.009 0.095
0.013 -0.011 0.103
0.009 -0.001 0.103
0.031 -0.039 0.103
0.033 -0.031 0.103
0.033 -0.033 0.105
0.023 -0.029 0.103
0.015 -0.013 0.103
0.023 -0.009 0.113
0.021 -0.003 0.109
0.033 -0.025 0.105
0.031 -0.005 0.105
-0.037 0.033 0.049
-0.035 0.033 0.047
-0.031 0.031 0.067
-0.021 0.027 0.069
-0.033 0.041 0.087
-0.013 0.019 0.089
-0.015 0.023 0.089
0.005 0.011 0.093
0.025 0.007 0.095
0.017 0.007 0.113
0.005 -0.029 0.039
0.005 -0.027 0.045
0.009 -0.011 0.057
0.007 -0.003 0.075
0.025 -0.023 0.077
0.021 -0.027 0.099
0.019 -0.023 0.101
-0.033 0.017 0.031
-0.041 0.025 0.043
-0.037 0.019 0.051
-0.025 0.007 0.063
-0.011 0.013 0.083
-0.005 0.007 0.081
0.001 0.007 0.059
-0.021 0.011 0.069
0.005 0.001 0.081
-0.005 0.015 0.091
-0.015 -0.007 0.037
-0.005 -0.015 0.033
0.005 -0.031 0.043
0.009 -0.029 0.035
-0.003 -0.019 0.035
0.017 -0.019 0.057
0.023 -0.033 0.087
0.025 -0.033 0.089
0.019 -0.023 0.065
0.019 -0.025 0.069
0.021 -0.023 0.093
0.017 -0.023 0.097
0.013 -0.013 0.097
0.019 -0.005 0.109
-0.029 0.005 0.047
-0.031 0.007 0.049
-0.031 0.005 0.051
-0.033 0.027 0.035
-0.039 0.019 0.041
-0.041 0.021 0.043
-0.027 0.013 0.059
-0.019 0.013 0.073
-0.003 0.003 0.071
-0.017 0.017 0.079
-0.015 0.021 0.089
-0.017 0.031 0.089
-0.027 0.007 0.043
-0.041 0.023 0.041
-0.041 0.023 0.045
-0.029 0.011 0.059
-0.037 0.023 0.057
-0.013 0.033 0.041
-0.003 0.009 0.071
-0.017 0.013 0.073
0.027 -0.037 0.057
0.037 -0.035 0.041
0.023 -0.037 0.045
0.037 -0.033 0.063
0.035 -0.033 0.063
0.029 -0.035 0.063
0.023 -0.031 0.089
0.011 -0.011 0.089
0.021 -0.033 0.097
0.029 -0.041 0.097
0.033 -0.041 0.099
0.027 -0.041 0.099
0.025 -0.039 0.101
-0.039 0.017 0.041
-0.037 0.027 0.061
-0.021 0.001 0.033
-0.019 0.003 0.041
-0.025 0.003 0.043
-0.011 0.003 0.039
-0.015 0.005 0.051
-0.011 0.015 0.057
-0.027 0.027 0.061
-0.017 0.007 0.053
-0.035 0.015 0.045
-0.021 0.003 0.039
-0.015 0.017 0.069
-0.013 0.017 0.089
-0.001 0.017 0.095
-0.031 0.035 0.083
0.001 -0.003 0.053
0.019 -0.021 0.093
-0.001 -0.015 0.041
0.023 -0.033 0.059
0.037 -0.033 0.039
0.043 -0.027 0.039
0.039 -0.031 0.043
0.037 -0.033 0.061
0.039 -0.049 0.091
0.041 -0.043 0.089
0.029 -0.033 0.067
0.037 -0.037 0.083
0.039 -0.045 0.089
0.033 -0.043 0.103
0.029 -0.039 0.095
0.019 -0.027 0.095
0.017 -0.017 0.105
0.025 -0.011 0.109
0.039 -0.037 0.095
-0.013 -0.007 0.037
-0.011 0.003 0.041
-0.019 0.007 0.053
-0.019 0.005 0.051
-0.007 0.011 0.053
-0.003 -0.015 0.041
-0.001 0.001 0.073
0.003 -0.005 0.067
-0.001 0.005 0.085
-0.035 0.039 0.087
-0.001 0.001 0.075
0.013 -0.031 0.049
0.007 -0.009 0.059
0.031 -0.037 0.055
0.029 -0.035 0.061
0.013 -0.031 0.051
0.007 -0.007 0.065
0.009 -0.001 0.077
0.003 0.007 0.089
0.011 -0.011 0.089
0.017 -0.017 0.081
0.011 -0.011 0.089
0.039 -0.033 0.045
0.029 -0.039 0.045
0.025 -0.037 0.055
0.035 -0.037 0.045
0.031 -0.037 0.045
0.037 -0.033 0.063
0.039 -0.007 0.037
0.039 -0.045 0.089
0.031 -0.033 0.067
0.037 -0.019 0.085
0.037 -0.025 0.103
0.035 -0.011 0.085
0.037 -0.019 0.083
0.037 -0.017 0.087
0.041 -0.041 0.103
0.027 -0.027 0.105
0.017 -0.017 0.105
0.025 -0.015 0.105
0.043 -0.033 0.099
0.033 -0.035 0.089
0.035 -0.033 0.089
0.037 -0.019 0.087
0.033 -0.019 0.105
0.033 -0.005 0.107
0.025 0.003 0.049
0.023 0.001 0.057
0.021 0.005 0.059
0.037 -0.021 0.083
0.017 0.013 0.071
-0.031 0.035 0.055
-0.015 0.029 0.055
-0.011 0.037 0.069
-0.001 0.031 0.055
-0.015 0.033 0.041
-0.011 0.031 0.045
-0.017 0.023 0.053
-0.013 0.035 0.063
-0.005 0.033 0.067
0.015 0.011 0.051
-0.013 0.031 0.089
-0.007 0.035 0.073
0.019 -0.001 0.093
0.027 0.005 0.089
0.019 0.001 0.095
0.011 -0.001 0.099
-0.029 0.033 0.035
-0.039 0.025 0.039
-0.041 0.029 0.047
-0.041 0.027 0.051
-0.005 0.033 0.047
-0.037 0.033 0.057
-0.029 0.007 0.059
-0.013 0.027 0.051
-0.035 0.035 0.053
-0.031 0.035 0.057
-0.013 0.035 0.063
-0.009 0.035 0.063
-0.029 0.043 0.077
-0.031 0.043 0.083
-0.013 0.029 0.091
-0.009 0.035 0.079
-0.033 0.043 0.081
-0.005 0.031 0.051
-0.015 0.031 0.059
-0.007 0.031 0.055
0.005 0.037 0.037
0.015 0.015 0.067
0.029 0.001 0.085
-0.001 0.031 0.083
0.013 0.011 0.111
0.027 0.005 0.099
0.027 0.009 0.101
