0.027 -0.037 0.053
0.029 -0.037 0.057
0.029 -0.037 0.055
0.031 -0.035 0.063
0.033 -0.037 0.057
0.035 -0.035 0.057
0.035 -0.035 0.061
0.033 -0.035 0.063
0.031 -0.033 0.065
0.033 -0.033 0.065
0.021 -0.035 0.037
0.035 -0.037 0.055
0.039 -0.035 0.051
0.035 -0.037 0.043
0.037 -0.035 0.043
0.033 -0.033 0.035
0.037 -0.035 0.041
0.035 -0.033 0.037
0.037 -0.031 0.037
0.039 -0.031 0.039
0.035 -0.037 0.055
0.041 -0.031 0.053
0.041 -0.025 0.043
0.041 -0.023 0.049
0.043 -0.017 0.041
0.011 -0.043 0.039
0.015 -0.041 0.037
0.015 -0.039 0.043
0.017 -0.039 0.041
0.013 -0.041 0.043
0.013 -0.041 0.037
0.011 -0.043 0.043
0.011 -0.043 0.041
0.011 -0.039 0.043
0.011 -0.037 0.045
0.011 -0.039 0.043
0.019 -0.035 0.047
0.019 -0.037 0.037
0.029 -0.037 0.039
0.023 -0.037 0.041
0.025 -0.037 0.051
0.027 -0.037 0.051
0.029 -0.039 0.051
0.029 -0.039 0.045
0.031 -0.039 0.049
0.027 -0.037 0.059
0.029 -0.035 0.061
0.025 -0.033 0.063
0.029 -0.035 0.063
0.033 -0.037 0.051
0.033 -0.035 0.059
0.037 -0.035 0.059
0.037 -0.035 0.057
0.035 -0.035 0.061
0.017 -0.039 0.041
0.029 -0.039 0.045
0.029 -0.039 0.051
0.029 -0.039 0.051
0.029 -0.037 0.053
0.031 -0.037 0.053
0.033 -0.037 0.053
0.023 -0.037 0.053
0.021 -0.035 0.053
0.013 -0.033 0.047
0.027 -0.037 0.057
0.029 -0.035 0.061
0.029 -0.037 0.059
0.033 -0.035 0.063
0.035 -0.037 0.043
0.041 -0.031 0.049
0.041 -0.031 0.045
0.037 -0.035 0.055
0.039 -0.027 0.061
0.039 -0.027 0.063
0.033 -0.031 0.067
0.037 -0.031 0.065
0.037 -0.029 0.067
0.037 -0.029 0.067
0.041 -0.023 0.049
0.041 -0.013 0.053
0.037 -0.011 0.053
0.021 -0.033 0.057
0.021 -0.033 0.059
0.025 -0.035 0.061
0.031 -0.035 0.063
0.033 -0.033 0.065
0.033 -0.033 0.065
0.025 -0.035 0.061
0.025 -0.033 0.065
0.033 -0.031 0.067
0.031 -0.031 0.069
0.033 -0.031 0.069
0.033 -0.029 0.071
0.033 -0.027 0.071
0.035 -0.027 0.071
0.033 -0.025 0.073
0.031 -0.027 0.073
0.031 -0.027 0.073
0.033 -0.023 0.075
0.041 -0.031 0.083
0.039 -0.029 0.085
0.039 -0.027 0.085
0.039 -0.029 0.081
0.035 -0.021 0.073
0.039 -0.025 0.065
0.037 -0.025 0.069
0.039 -0.019 0.059
0.039 -0.019 0.057
0.039 -0.023 0.061
0.039 -0.023 0.063
0.037 -0.019 0.065
0.035 -0.013 0.055
0.037 -0.013 0.055
0.037 -0.019 0.067
0.037 -0.019 0.069
0.037 -0.019 0.069
0.037 -0.019 0.067
0.039 -0.029 0.039
0.045 -0.027 0.035
0.041 -0.027 0.037
0.047 -0.023 0.041
0.049 -0.023 0.039
0.041 -0.031 0.045
0.041 -0.029 0.043
0.041 -0.031 0.047
0.041 -0.021 0.047
0.051 -0.021 0.037
0.045 -0.021 0.041
0.043 -0.013 0.039
0.035 -0.003 0.037
0.041 -0.015 0.043
0.041 -0.013 0.047
0.041 -0.011 0.049
0.043 -0.015 0.051
0.041 -0.013 0.051
0.041 -0.031 0.055
0.041 -0.025 0.055
0.041 -0.019 0.055
0.037 -0.033 0.059
0.039 -0.031 0.059
0.039 -0.029 0.059
0.037 -0.033 0.063
0.041 -0.019 0.055
0.041 -0.017 0.055
0.039 -0.045 0.093
0.041 -0.043 0.089
0.039 -0.049 0.093
0.033 -0.049 0.085
0.041 -0.045 0.087
0.041 -0.045 0.087
0.043 -0.043 0.087
0.043 -0.045 0.083
0.043 -0.037 0.083
0.041 -0.039 0.089
0.043 -0.039 0.087
0.039 -0.049 0.091
0.039 -0.045 0.093
0.039 -0.047 0.093
0.043 -0.039 0.099
0.041 -0.037 0.095
0.027 -0.033 0.067
0.033 -0.029 0.071
0.043 -0.039 0.087
0.043 -0.039 0.087
0.043 -0.037 0.083
0.039 -0.033 0.087
0.039 -0.033 0.089
0.041 -0.033 0.085
0.039 -0.023 0.083
0.039 -0.031 0.087
0.037 -0.027 0.087
0.039 -0.029 0.083
0.037 -0.023 0.087
0.033 -0.019 0.077
0.035 -0.017 0.071
0.035 -0.015 0.067
0.039 -0.027 0.085
0.037 -0.023 0.085
0.033 -0.013 0.075
0.037 -0.017 0.083
0.037 -0.017 0.085
0.031 -0.009 0.075
0.031 -0.009 0.079
0.031 -0.007 0.077
0.033 -0.037 0.089
0.037 -0.035 0.089
0.043 -0.035 0.097
0.043 -0.035 0.097
0.037 -0.023 0.087
0.041 -0.031 0.093
0.043 -0.031 0.095
0.043 -0.029 0.095
0.041 -0.029 0.093
0.037 -0.023 0.087
0.043 -0.035 0.097
0.043 -0.041 0.103
0.039 -0.033 0.103
0.043 -0.031 0.099
0.037 -0.025 0.099
0.043 -0.035 0.101
0.035 -0.027 0.101
0.039 -0.023 0.103
0.033 -0.019 0.105
0.033 -0.019 0.105
0.039 -0.019 0.093
0.035 -0.011 0.089
0.037 -0.019 0.097
0.037 -0.019 0.099
0.035 -0.011 0.087
0.037 -0.019 0.103
0.037 -0.017 0.103
0.037 -0.017 0.103
0.035 -0.011 0.101
0.033 -0.003 0.093
0.039 -0.027 0.065
0.037 -0.027 0.067
0.037 -0.027 0.069
0.037 -0.021 0.067
0.037 -0.019 0.069
0.035 -0.023 0.073
0.033 -0.021 0.075
0.035 -0.017 0.073
0.035 -0.017 0.071
0.041 -0.031 0.093
0.037 -0.029 0.087
0.039 -0.027 0.085
0.037 -0.021 0.087
0.043 -0.035 0.095
0.043 -0.031 0.095
0.043 -0.033 0.097
0.039 -0.019 0.093
0.035 -0.011 0.089
0.035 -0.007 0.093
0.037 -0.011 0.095
0.035 -0.043 0.103
0.039 -0.041 0.103
0.035 -0.043 0.105
0.037 -0.041 0.105
0.041 -0.041 0.103
0.035 -0.043 0.105
0.043 -0.039 0.099
0.039 -0.041 0.103
0.043 -0.037 0.103
0.043 -0.041 0.101
0.033 -0.037 0.107
0.041 -0.039 0.105
0.021 -0.019 0.105
0.029 -0.021 0.105
0.031 -0.023 0.105
0.027 -0.019 0.105
0.021 -0.021 0.105
0.017 -0.015 0.107
0.013 -0.011 0.109
0.027 -0.017 0.105
0.025 -0.017 0.105
0.033 -0.017 0.105
0.035 -0.015 0.105
0.035 -0.005 0.103
0.021 -0.017 0.105
0.025 -0.013 0.107
0.027 -0.013 0.107
0.025 -0.009 0.113
0.029 -0.009 0.105
0.027 -0.007 0.107
0.031 -0.005 0.107
0.043 -0.035 0.101
0.039 -0.033 0.103
0.037 -0.025 0.099
0.039 -0.023 0.101
0.033 -0.025 0.105
0.033 -0.019 0.105
0.037 -0.013 0.099
0.035 -0.013 0.103
0.033 -0.029 0.071
0.039 -0.025 0.065
0.035 -0.017 0.071
0.031 -0.011 0.063
0.021 0.005 0.057
0.041 -0.035 0.089
0.041 -0.035 0.087
0.039 -0.031 0.085
0.037 -0.029 0.087
0.037 -0.033 0.089
0.043 -0.033 0.095
0.043 -0.031 0.095
0.043 -0.029 0.095
0.037 -0.019 0.085
0.037 -0.019 0.085
0.043 -0.033 0.097
0.043 -0.031 0.097
0.043 -0.029 0.097
0.041 -0.027 0.097
0.043 -0.031 0.099
0.039 -0.025 0.097
0.039 -0.021 0.101
0.035 -0.031 0.067
0.035 -0.025 0.071
0.043 -0.037 0.083
0.035 -0.027 0.071
0.035 -0.025 0.071
0.043 -0.037 0.083
0.043 -0.037 0.085
0.039 -0.031 0.087
0.041 -0.035 0.089
0.039 -0.027 0.083
0.039 -0.027 0.083
0.037 -0.029 0.067
0.035 -0.029 0.069
0.035 -0.029 0.069
0.039 -0.027 0.065
0.037 -0.023 0.069
0.037 -0.017 0.061
0.025 -0.007 0.053
0.037 -0.021 0.081
0.037 -0.019 0.069
0.035 -0.019 0.073
0.037 -0.023 0.087
0.039 -0.023 0.083
0.039 -0.023 0.083
0.037 -0.019 0.081
0.031 -0.011 0.079
0.037 -0.019 0.085
0.037 -0.019 0.085
0.033 -0.015 0.077
0.037 -0.019 0.081
0.033 -0.011 0.073
0.023 -0.005 0.055
0.025 -0.003 0.051
0.023 0.003 0.055
0.009 0.023 0.043
0.031 -0.007 0.075
0.019 0.009 0.063
0.005 0.023 0.051
0.041 -0.039 0.089
0.037 -0.037 0.089
0.041 -0.035 0.089
0.039 -0.031 0.087
0.037 -0.031 0.087
0.037 -0.029 0.087
0.045 -0.039 0.101
0.043 -0.035 0.097
0.043 -0.033 0.097
0.043 -0.033 0.099
0.041 -0.031 0.099
0.043 -0.033 0.097
0.039 -0.023 0.083
0.035 -0.019 0.073
0.037 -0.025 0.087
0.037 -0.021 0.087
0.037 -0.019 0.089
0.041 -0.025 0.095
0.039 -0.019 0.095
0.039 -0.025 0.097
0.039 -0.023 0.097
0.037 -0.017 0.097
0.039 -0.019 0.101
0.037 -0.015 0.095
0.037 -0.013 0.097
0.037 -0.011 0.095
0.037 -0.019 0.085
0.037 -0.017 0.085
0.019 0.005 0.069
0.005 0.023 0.053
0.003 0.027 0.053
0.015 0.015 0.073
0.039 -0.019 0.101
0.033 -0.013 0.077
0.037 -0.017 0.087
0.005 0.023 0.045
0.021 0.005 0.061
0.021 0.007 0.061
0.007 0.025 0.045
0.007 0.025 0.045
0.019 0.009 0.063
0.037 -0.015 0.095
0.035 -0.009 0.097
0.017 0.011 0.073
0.039 -0.031 0.101
0.037 -0.025 0.101
0.041 -0.027 0.095
0.037 -0.025 0.101
0.039 -0.023 0.101
0.037 -0.019 0.099
0.039 -0.021 0.101
0.037 -0.019 0.097
0.037 -0.015 0.099
0.037 -0.015 0.101
0.035 -0.019 0.103
0.033 -0.015 0.105
0.037 -0.017 0.097
0.033 -0.009 0.089
0.033 -0.007 0.089
0.033 -0.005 0.089
0.031 0.003 0.089
0.031 0.005 0.097
0.039 -0.023 0.103
0.033 -0.019 0.105
0.033 -0.019 0.105
0.027 -0.013 0.107
0.031 -0.005 0.107
0.033 -0.005 0.107
0.025 -0.003 0.107
0.023 0.001 0.107
0.033 -0.017 0.105
0.031 0.003 0.099
0.029 0.005 0.101
0.027 -0.009 0.107
0.025 -0.003 0.105
0.033 -0.003 0.109
0.021 0.003 0.107
0.001 0.019 0.095
0.025 -0.005 0.109
0.023 -0.001 0.107
0.023 -0.001 0.109
0.021 0.003 0.109
0.035 -0.009 0.099
0.035 -0.009 0.101
0.035 -0.015 0.105
0.035 -0.013 0.103
0.035 -0.007 0.101
0.035 -0.009 0.097
0.035 -0.007 0.099
0.035 -0.007 0.105
0.033 -0.007 0.105
0.035 -0.005 0.105
0.033 -0.005 0.107
0.023 0.001 0.107
0.033 -0.001 0.109
0.033 -0.005 0.093
0.031 0.001 0.095
0.029 0.005 0.089
0.033 0.001 0.097
0.031 0.003 0.095
0.021 0.003 0.109
0.021 0.001 0.109
0.031 -0.005 0.107
0.033 -0.005 0.107
0.035 -0.003 0.107
0.023 0.001 0.107
0.001 0.019 0.095
0.035 -0.003 0.107
0.033 -0.001 0.107
0.029 0.005 0.103
0.025 -0.003 0.053
0.041 -0.011 0.051
0.033 -0.003 0.043
0.029 0.003 0.041
0.025 0.005 0.045
0.025 0.003 0.051
0.009 0.023 0.043
0.009 0.023 0.043
0.009 0.023 0.043
0.007 0.023 0.041
0.005 0.023 0.049
0.005 0.023 0.045
0.005 0.023 0.047
0.037 -0.019 0.069
0.033 -0.017 0.075
0.021 0.001 0.059
0.021 0.001 0.061
0.021 0.003 0.059
0.021 0.005 0.063
0.033 -0.021 0.075
0.021 0.005 0.057
0.023 0.003 0.055
0.021 0.005 0.055
0.021 0.007 0.055
0.021 0.005 0.057
0.021 0.003 0.061
0.021 0.005 0.061
0.019 0.009 0.063
0.019 0.005 0.069
0.001 0.027 0.059
0.029 -0.003 0.081
0.017 0.011 0.067
0.039 -0.019 0.093
0.039 -0.021 0.095
0.035 -0.015 0.089
0.035 -0.013 0.089
0.039 -0.017 0.093
0.033 -0.011 0.075
0.017 0.011 0.071
0.017 0.011 0.071
0.015 0.015 0.075
0.029 0.005 0.093
0.039 -0.021 0.101
0.039 -0.021 0.101
0.037 -0.019 0.103
0.033 -0.003 0.093
0.035 -0.015 0.105
0.035 -0.013 0.103
0.035 -0.011 0.103
0.035 -0.011 0.103
0.037 -0.015 0.095
0.037 -0.013 0.093
0.037 -0.015 0.101
0.033 -0.001 0.091
0.033 0.001 0.097
0.033 -0.001 0.101
0.031 0.003 0.099
0.033 -0.005 0.107
0.033 -0.005 0.107
0.035 -0.005 0.105
0.035 -0.003 0.107
0.035 -0.003 0.105
0.019 0.003 0.111
0.033 -0.003 0.099
0.035 -0.003 0.105
0.035 -0.003 0.107
0.029 0.005 0.103
0.025 -0.007 0.113
0.019 0.003 0.111
