0.035 -0.029 0.033
0.019 -0.035 0.033
0.035 -0.035 0.061
0.023 -0.037 0.047
0.041 -0.037 0.095
0.035 -0.027 0.071
0.035 -0.023 0.071
0.043 -0.043 0.087
0.037 -0.019 0.083
0.035 -0.031 0.067
0.041 -0.035 0.089
0.037 -0.017 0.087
0.035 -0.007 0.101
0.033 -0.033 0.035
0.019 -0.037 0.041
-0.021 0.009 0.059
0.017 -0.039 0.039
0.025 -0.037 0.039
-0.025 0.003 0.053
-0.025 0.003 0.055
0.035 -0.037 0.055
0.031 -0.035 0.063
-0.021 0.011 0.059
0.041 -0.027 0.059
0.027 -0.031 0.069
0.035 -0.037 0.043
0.037 -0.035 0.051
0.039 -0.033 0.055
0.041 -0.023 0.051
0.039 -0.021 0.061
0.041 -0.033 0.083
0.043 -0.043 0.085
0.039 -0.027 0.085
0.029 0.005 0.087
0.039 -0.025 0.085
0.001 -0.009 0.051
0.027 -0.039 0.101
0.033 -0.043 0.105
0.037 -0.041 0.091
0.041 -0.041 0.103
0.015 -0.031 0.055
0.031 -0.037 0.105
0.027 -0.025 0.105
0.005 -0.007 0.063
0.017 -0.015 0.107
0.027 -0.021 0.105
0.043 -0.019 0.051
0.039 -0.019 0.101
0.027 -0.045 0.085
0.031 -0.037 0.105
0.037 -0.045 0.093
0.027 -0.031 0.099
0.025 -0.029 0.103
0.003 -0.003 0.069
0.027 -0.011 0.109
0.029 -0.011 0.105
0.023 -0.031 0.099
0.023 -0.029 0.103
0.025 -0.031 0.099
0.025 -0.021 0.105
0.011 -0.007 0.103
0.021 -0.017 0.105
0.039 -0.029 0.099
0.041 -0.027 0.097
0.037 -0.021 0.103
0.037 -0.021 0.103
0.035 -0.007 0.105
0.031 -0.021 0.105
0.029 -0.011 0.105
0.001 0.011 0.091
-0.007 0.001 0.039
0.003 -0.003 0.071
-0.015 0.017 0.087
-0.027 0.027 0.059
0.001 0.015 0.095
0.005 0.011 0.093
-0.027 0.003 0.055
-0.025 0.005 0.059
-0.023 0.007 0.061
-0.005 0.009 0.087
-0.001 0.019 0.095
0.005 0.011 0.093
0.001 0.019 0.093
-0.007 0.029 0.091
-0.017 0.031 0.089
-0.021 0.037 0.081
-0.025 0.035 0.087
0.035 -0.007 0.105
0.019 0.001 0.111
0.033 -0.009 0.105
0.027 -0.009 0.109
0.025 -0.003 0.107
0.019 0.007 0.111
0.001 0.015 0.093
0.013 -0.031 0.053
0.025 -0.037 0.055
0.021 -0.015 0.057
0.013 -0.013 0.055
0.005 -0.009 0.059
0.027 -0.047 0.085
0.021 -0.033 0.085
0.035 -0.047 0.093
0.017 -0.021 0.087
0.017 -0.021 0.097
0.017 0.001 0.089
0.015 -0.011 0.081
0.013 -0.011 0.095
0.015 -0.013 0.103
0.029 -0.043 0.103
0.031 -0.035 0.103
0.025 -0.023 0.105
0.021 -0.027 0.103
-0.039 0.031 0.047
-0.039 0.027 0.057
-0.025 0.003 0.035
-0.037 0.015 0.041
-0.031 0.009 0.057
-0.037 0.027 0.059
-0.027 0.013 0.061
-0.037 0.033 0.051
-0.007 0.033 0.043
-0.001 0.001 0.073
-0.019 0.021 0.077
-0.017 0.029 0.085
-0.007 0.019 0.093
0.001 0.009 0.061
-0.033 0.033 0.067
-0.021 0.023 0.065
-0.031 0.037 0.065
-0.021 0.023 0.071
-0.019 0.021 0.079
0.001 0.003 0.083
-0.011 0.015 0.089
-0.017 0.027 0.087
-0.013 0.027 0.091
-0.009 0.023 0.093
0.015 0.009 0.111
0.009 0.025 0.043
0.005 0.005 0.043
-0.001 0.031 0.047
0.021 0.007 0.051
0.035 -0.007 0.049
0.039 -0.023 0.059
0.021 0.007 0.061
0.041 -0.015 0.045
0.043 -0.015 0.051
0.043 -0.029 0.095
0.029 -0.005 0.075
0.017 0.001 0.085
0.031 0.001 0.085
0.019 0.001 0.083
0.033 -0.019 0.075
0.035 -0.015 0.067
0.037 -0.019 0.089
0.033 -0.005 0.093
0.029 -0.001 0.103
-0.033 0.033 0.045
-0.029 0.031 0.053
-0.013 0.033 0.041
-0.013 0.031 0.045
-0.011 0.035 0.063
-0.003 0.031 0.057
-0.001 0.031 0.051
-0.019 0.035 0.073
-0.003 0.029 0.071
-0.009 0.029 0.091
-0.015 0.035 0.079
-0.007 0.035 0.065
-0.023 0.037 0.085
0.023 0.007 0.041
0.005 0.029 0.043
0.013 0.007 0.043
0.039 -0.009 0.037
0.043 -0.019 0.041
0.041 -0.025 0.053
0.041 -0.031 0.045
0.039 -0.033 0.051
0.041 -0.031 0.053
0.041 -0.017 0.053
0.035 -0.015 0.063
0.023 -0.005 0.055
0.023 0.001 0.055
0.019 0.001 0.065
0.041 -0.025 0.059
0.039 -0.011 0.053
0.029 -0.009 0.067
0.017 -0.003 0.067
0.031 -0.007 0.075
0.037 -0.023 0.087
0.033 -0.009 0.085
0.035 -0.013 0.085
0.037 -0.015 0.095
0.035 -0.007 0.095
0.037 -0.019 0.067
0.037 -0.023 0.087
0.037 -0.019 0.089
0.033 -0.007 0.105
-0.029 0.031 0.049
-0.031 0.033 0.049
0.003 0.013 0.045
0.005 0.035 0.037
0.005 0.023 0.053
0.003 0.027 0.053
-0.001 0.031 0.063
-0.005 0.035 0.039
0.009 0.021 0.075
0.013 0.011 0.081
-0.003 0.019 0.067
0.001 0.021 0.033
0.011 0.009 0.087
0.021 0.001 0.081
0.031 0.005 0.097
0.045 -0.023 0.041
0.037 -0.035 0.047
0.039 -0.035 0.049
0.037 -0.023 0.067
0.051 -0.017 0.037
0.039 -0.009 0.035
0.039 -0.007 0.035
0.041 -0.031 0.053
0.029 -0.033 0.067
0.039 -0.047 0.087
0.033 -0.001 0.101
0.027 -0.013 0.107
0.009 0.021 0.077
0.025 -0.001 0.053
0.023 0.001 0.057
0.009 0.025 0.043
-0.001 0.031 0.049
-0.001 0.031 0.063
0.031 0.005 0.097
0.029 0.005 0.099
-0.001 0.031 0.077
-0.001 0.029 0.079
-0.001 0.031 0.085
0.031 -0.001 0.087
0.033 -0.003 0.091
0.031 0.001 0.093
0.015 0.013 0.113
0.041 -0.023 0.039
0.043 -0.025 0.039
0.033 -0.033 0.035
0.049 -0.023 0.035
0.035 -0.037 0.055
0.037 -0.035 0.045
0.043 -0.027 0.039
0.047 -0.025 0.039
0.051 -0.019 0.037
0.037 -0.019 0.063
0.043 -0.041 0.085
0.043 -0.043 0.085
0.039 -0.041 0.091
0.035 -0.023 0.089
0.033 -0.007 0.091
0.039 -0.025 0.083
0.039 -0.021 0.101
0.035 -0.013 0.101
0.041 -0.011 0.045
0.045 -0.023 0.041
0.041 -0.021 0.051
0.043 -0.019 0.051
0.041 -0.011 0.049
0.027 -0.003 0.049
0.007 0.027 0.037
0.001 0.029 0.047
0.039 -0.017 0.057
0.041 -0.013 0.053
0.017 0.011 0.073
-0.001 0.031 0.085
0.015 0.015 0.067
-0.003 0.031 0.065
0.013 0.015 0.083
0.019 0.009 0.059
0.015 0.007 0.079
0.033 -0.009 0.083
0.013 0.013 0.083
0.007 0.023 0.085
-0.005 -0.015 0.035
0.003 -0.019 0.043
0.009 -0.039 0.045
0.009 -0.039 0.045
0.035 -0.037 0.049
0.005 -0.033 0.039
0.013 -0.017 0.055
0.011 -0.009 0.061
0.007 -0.015 0.051
0.019 -0.031 0.059
0.027 -0.043 0.085
0.019 -0.013 0.067
0.017 -0.007 0.075
0.015 -0.007 0.079
0.009 -0.005 0.095
0.023 -0.029 0.099
0.013 -0.011 0.109
0.023 -0.009 0.111
-0.041 0.021 0.045
-0.021 0.001 0.035
-0.025 0.003 0.039
-0.009 0.001 0.039
-0.029 0.005 0.045
-0.039 0.021 0.051
-0.017 0.017 0.047
-0.027 0.005 0.061
-0.021 0.009 0.065
-0.029 0.025 0.061
-0.017 0.025 0.053
-0.031 0.023 0.057
-0.001 0.003 0.079
-0.019 0.019 0.077
-0.019 0.021 0.083
-0.001 0.007 0.089
-0.015 0.027 0.089
-0.019 0.029 0.083
0.001 -0.003 0.045
-0.033 0.019 0.053
-0.015 0.015 0.081
0.009 0.005 0.087
0.001 -0.023 0.037
-0.015 -0.003 0.037
0.009 -0.043 0.039
0.007 -0.035 0.045
0.007 -0.035 0.045
0.003 -0.023 0.041
0.005 -0.023 0.045
0.021 -0.031 0.063
0.003 -0.021 0.043
0.005 -0.019 0.045
0.001 -0.001 0.055
0.017 -0.025 0.085
0.019 -0.029 0.085
0.009 -0.003 0.095
0.011 -0.007 0.099
0.019 -0.025 0.099
-0.035 0.021 0.033
-0.041 0.029 0.049
-0.037 0.023 0.057
-0.035 0.025 0.061
-0.037 0.015 0.037
-0.041 0.023 0.043
-0.039 0.021 0.051
-0.041 0.027 0.045
-0.017 0.019 0.063
-0.033 0.033 0.065
-0.031 0.035 0.081
-0.031 0.041 0.073
-0.037 0.043 0.079
-0.027 0.033 0.087
-0.025 0.011 0.047
-0.033 0.033 0.045
-0.025 0.007 0.063
-0.021 0.025 0.077
-0.005 0.013 0.091
0.017 0.001 0.091
0.019 -0.037 0.035
0.009 -0.043 0.039
0.005 -0.035 0.037
0.007 -0.041 0.041
0.009 -0.039 0.045
0.033 -0.037 0.045
0.007 -0.041 0.041
0.007 -0.039 0.039
0.009 -0.029 0.047
0.013 -0.041 0.039
0.019 -0.037 0.035
0.011 -0.027 0.053
0.015 -0.007 0.063
0.019 -0.031 0.057
0.017 -0.023 0.057
0.033 -0.037 0.047
0.031 -0.037 0.041
0.031 -0.037 0.041
0.033 -0.037 0.045
0.041 -0.031 0.053
0.019 -0.021 0.075
0.011 -0.003 0.071
0.001 -0.001 0.077
0.031 -0.027 0.073
0.031 -0.023 0.091
0.023 -0.013 0.107
-0.035 0.013 0.039
-0.037 0.017 0.047
-0.035 0.015 0.045
-0.041 0.023 0.051
-0.017 -0.003 0.035
-0.017 0.003 0.047
-0.003 0.009 0.039
-0.027 0.003 0.043
-0.031 0.027 0.065
-0.005 0.011 0.073
-0.007 0.009 0.087
-0.011 0.021 0.091
-0.023 0.033 0.075
-0.023 0.035 0.085
0.001 -0.001 0.047
0.013 -0.013 0.055
0.003 0.005 0.087
0.003 0.013 0.093
-0.017 -0.005 0.033
-0.011 -0.009 0.033
0.015 -0.035 0.045
0.003 -0.033 0.033
0.013 -0.031 0.053
0.029 -0.037 0.055
0.041 -0.027 0.039
0.045 -0.025 0.039
0.035 -0.029 0.033
0.035 -0.047 0.093
0.041 -0.037 0.095
0.019 -0.025 0.069
0.031 -0.019 0.079
0.031 -0.031 0.069
0.027 -0.027 0.083
0.033 -0.049 0.087
0.035 -0.031 0.065
0.035 -0.041 0.101
0.035 -0.043 0.103
0.039 -0.039 0.097
-0.027 0.003 0.047
0.003 -0.031 0.037
0.001 -0.005 0.061
-0.019 0.019 0.077
-0.009 0.011 0.087
-0.033 0.041 0.075
-0.017 0.011 0.067
-0.017 0.017 0.077
-0.011 0.015 0.065
0.003 -0.005 0.067
-0.015 0.017 0.083
0.001 0.003 0.083
0.013 -0.035 0.045
0.029 -0.037 0.055
0.029 -0.037 0.057
0.005 -0.001 0.079
0.025 -0.031 0.069
0.011 -0.005 0.069
0.019 -0.029 0.083
0.037 -0.047 0.085
0.015 -0.013 0.079
0.009 0.001 0.079
0.005 -0.029 0.045
0.013 -0.029 0.055
0.009 -0.025 0.051
-0.033 0.035 0.055
-0.013 0.027 0.047
-0.033 0.035 0.057
0.019 -0.025 0.067
0.019 -0.023 0.091
0.019 -0.025 0.065
0.017 -0.019 0.073
0.001 0.001 0.081
-0.021 0.013 0.071
0.015 -0.013 0.075
0.015 -0.019 0.085
0.015 -0.017 0.093
0.007 -0.001 0.095
0.009 -0.001 0.089
0.019 -0.025 0.097
0.031 -0.039 0.105
0.009 -0.003 0.099
0.017 0.003 0.109
-0.039 0.017 0.043
-0.041 0.021 0.045
-0.041 0.029 0.047
-0.033 0.033 0.045
-0.035 0.035 0.055
-0.007 0.031 0.053
-0.033 0.035 0.055
-0.033 0.037 0.081
-0.037 0.043 0.081
-0.035 0.045 0.081
-0.035 0.043 0.085
-0.031 0.043 0.083
-0.013 0.033 0.085
-0.035 0.035 0.061
-0.005 0.031 0.051
-0.035 0.043 0.075
0.027 0.005 0.099
0.021 0.007 0.057
0.017 0.009 0.051
0.025 0.005 0.049
0.033 0.001 0.037
0.031 0.003 0.035
0.033 -0.013 0.065
0.037 -0.017 0.065
0.041 -0.027 0.047
0.041 -0.011 0.047
0.041 -0.013 0.047
0.037 -0.017 0.097
0.021 -0.003 0.073
0.033 -0.009 0.085
0.037 -0.017 0.103
0.037 -0.015 0.099
-0.005 0.033 0.047
-0.019 0.033 0.039
-0.009 0.031 0.049
0.001 0.027 0.061
-0.027 0.033 0.055
0.007 0.023 0.087
0.001 0.027 0.079
0.005 0.023 0.089
-0.011 0.031 0.089
-0.009 0.033 0.087
0.029 0.005 0.035
0.009 0.025 0.043
0.003 0.013 0.051
0.011 0.013 0.059
0.015 0.015 0.067
0.017 0.001 0.071
0.009 0.011 0.091
0.003 0.027 0.081
0.031 0.001 0.101
0.031 0.003 0.101
