0.005 0.015 0.043
0.007 0.001 0.039
0.005 0.029 0.045
0.011 0.005 0.039
0.027 0.007 0.041
0.009 0.001 0.037
0.019 0.007 0.047
0.029 -0.011 0.053
0.043 -0.015 0.051
0.039 -0.017 0.057
0.021 0.007 0.049
0.013 0.011 0.051
0.017 0.011 0.055
0.007 0.003 0.041
0.011 0.005 0.041
0.023 -0.011 0.061
0.015 0.013 0.061
0.021 0.007 0.061
0.013 0.017 0.069
0.023 -0.011 0.061
0.021 0.005 0.061
0.021 -0.009 0.057
0.019 -0.003 0.063
0.039 -0.009 0.041
0.043 -0.015 0.041
0.047 -0.015 0.039
0.051 -0.019 0.037
0.035 -0.001 0.035
0.043 -0.015 0.051
0.041 -0.019 0.055
0.039 -0.021 0.061
0.037 -0.019 0.089
0.033 -0.009 0.091
0.041 -0.041 0.089
0.021 -0.003 0.071
0.021 -0.005 0.069
0.019 0.003 0.067
0.021 -0.007 0.067
0.021 -0.003 0.071
0.029 0.007 0.095
0.035 -0.011 0.091
0.035 -0.005 0.097
0.035 -0.007 0.097
0.019 0.001 0.093
0.035 -0.019 0.073
0.033 -0.013 0.065
0.037 -0.017 0.085
0.037 -0.017 0.087
0.037 -0.015 0.095
0.043 -0.031 0.095
0.037 -0.011 0.095
0.041 -0.033 0.101
0.021 -0.001 0.099
0.021 0.003 0.107
0.033 -0.001 0.107
0.019 -0.001 0.099
0.019 -0.001 0.099
0.039 -0.023 0.103
0.037 -0.015 0.097
0.035 -0.011 0.101
-0.021 0.035 0.031
-0.037 0.031 0.045
-0.031 0.035 0.053
-0.029 0.037 0.061
-0.017 0.033 0.039
-0.015 0.031 0.043
-0.005 0.031 0.051
-0.001 0.031 0.047
0.005 0.029 0.043
0.005 0.029 0.045
0.003 0.027 0.051
-0.011 0.033 0.057
-0.011 0.033 0.057
-0.015 0.035 0.067
-0.013 0.035 0.067
-0.009 0.035 0.069
0.003 0.023 0.055
-0.003 0.031 0.053
-0.025 0.033 0.059
-0.027 0.037 0.061
0.003 0.015 0.067
0.005 0.025 0.083
0.003 0.027 0.083
-0.023 0.037 0.067
-0.021 0.037 0.069
-0.005 0.031 0.087
0.001 0.019 0.093
-0.005 0.027 0.091
-0.035 0.043 0.087
-0.025 0.037 0.067
-0.029 0.043 0.077
-0.007 0.035 0.077
0.023 0.007 0.039
0.005 0.033 0.041
0.005 0.023 0.047
0.009 0.011 0.051
0.005 0.023 0.053
0.015 0.011 0.051
0.005 0.015 0.063
0.023 0.003 0.055
0.019 0.009 0.057
0.003 0.021 0.057
0.001 0.025 0.063
0.017 0.005 0.071
0.017 0.013 0.069
0.009 0.021 0.079
0.009 0.021 0.085
0.013 0.015 0.081
0.007 0.015 0.089
0.027 0.005 0.091
0.005 0.025 0.081
0.003 0.023 0.091
0.017 0.011 0.113
0.049 -0.015 0.035
0.041 -0.015 0.047
0.045 -0.021 0.041
0.041 -0.025 0.049
0.041 -0.023 0.051
0.041 -0.027 0.041
0.041 -0.021 0.053
0.039 -0.033 0.055
0.037 -0.007 0.047
0.029 -0.005 0.047
0.025 0.005 0.045
0.025 -0.001 0.051
0.025 0.005 0.053
0.025 -0.013 0.057
0.033 -0.015 0.059
0.019 -0.001 0.065
0.023 -0.011 0.055
0.029 -0.011 0.053
0.029 -0.007 0.051
0.029 -0.011 0.061
0.019 -0.007 0.061
0.017 -0.007 0.063
0.019 -0.003 0.063
0.047 -0.023 0.041
0.051 -0.017 0.035
0.035 -0.003 0.037
0.037 -0.007 0.041
0.043 -0.037 0.085
0.043 -0.043 0.087
0.043 -0.043 0.085
0.033 -0.015 0.075
0.033 -0.017 0.077
0.017 0.005 0.073
0.017 0.003 0.073
0.017 -0.003 0.067
0.017 -0.001 0.071
0.031 -0.009 0.069
0.027 -0.005 0.073
0.029 -0.007 0.073
0.027 -0.001 0.083
0.033 -0.007 0.085
0.027 -0.001 0.083
0.037 -0.017 0.083
0.037 -0.019 0.085
0.037 -0.019 0.085
0.043 -0.039 0.103
0.043 -0.035 0.099
0.039 -0.025 0.097
0.039 -0.023 0.103
0.023 -0.001 0.105
0.033 -0.009 0.105
0.031 -0.001 0.107
0.035 -0.003 0.107
0.027 -0.007 0.111
0.037 -0.017 0.103
0.035 -0.011 0.103
0.009 0.029 0.041
-0.011 0.033 0.033
-0.031 0.033 0.051
0.005 0.017 0.045
0.003 0.015 0.049
-0.007 0.005 0.035
0.001 0.013 0.037
-0.001 0.009 0.043
-0.007 0.035 0.037
0.003 0.027 0.051
0.009 0.029 0.039
-0.019 0.009 0.061
-0.005 0.015 0.063
-0.003 0.019 0.067
0.005 0.023 0.053
-0.005 0.033 0.063
-0.003 0.033 0.065
-0.005 0.031 0.055
-0.015 0.035 0.037
-0.007 0.033 0.061
-0.003 0.019 0.067
0.013 0.011 0.081
-0.003 0.021 0.067
0.007 0.023 0.079
-0.001 0.031 0.079
0.009 0.013 0.089
0.003 0.017 0.093
0.005 0.015 0.091
-0.023 0.039 0.071
-0.007 0.035 0.071
-0.003 0.033 0.067
-0.009 0.035 0.077
-0.025 0.033 0.083
-0.023 0.039 0.081
0.015 0.011 0.051
0.003 0.013 0.049
0.015 0.013 0.065
0.015 0.013 0.059
0.021 0.003 0.059
0.005 0.019 0.053
0.011 0.017 0.067
0.015 0.011 0.079
0.011 0.007 0.085
0.009 0.009 0.089
0.031 0.003 0.089
0.019 0.001 0.111
-0.001 -0.019 0.037
0.013 -0.041 0.035
0.027 -0.037 0.049
0.029 -0.039 0.051
0.003 -0.031 0.035
0.003 -0.031 0.037
0.001 -0.023 0.035
0.001 -0.023 0.039
0.001 -0.021 0.039
-0.003 -0.009 0.041
0.007 -0.023 0.049
0.009 -0.019 0.051
0.001 -0.013 0.049
0.001 -0.005 0.057
0.017 -0.011 0.057
0.011 -0.029 0.049
0.009 -0.027 0.051
0.011 -0.027 0.053
0.007 -0.017 0.049
0.027 -0.047 0.085
0.023 -0.035 0.085
0.027 -0.039 0.089
0.039 -0.049 0.093
0.025 -0.039 0.085
0.027 -0.039 0.087
0.031 -0.035 0.089
0.035 -0.047 0.089
0.009 -0.007 0.067
0.017 -0.011 0.073
0.015 -0.013 0.079
0.015 -0.015 0.083
0.017 -0.003 0.077
0.017 -0.021 0.083
0.019 -0.025 0.089
0.027 -0.029 0.089
0.017 -0.021 0.095
0.015 -0.017 0.087
0.011 -0.009 0.087
0.017 -0.017 0.081
0.029 -0.041 0.099
0.029 -0.043 0.101
0.025 -0.037 0.101
0.031 -0.039 0.105
0.009 -0.003 0.099
0.011 -0.007 0.103
0.021 -0.009 0.109
0.019 -0.005 0.105
0.019 -0.003 0.109
0.015 -0.009 0.109
-0.025 0.009 0.033
-0.025 0.005 0.041
-0.027 0.007 0.043
-0.035 0.013 0.039
-0.037 0.015 0.045
-0.039 0.021 0.051
-0.037 0.027 0.061
-0.025 0.003 0.035
-0.027 0.003 0.045
-0.017 0.003 0.045
-0.031 0.009 0.051
-0.039 0.021 0.037
-0.021 0.017 0.045
-0.029 0.011 0.043
-0.027 0.013 0.045
-0.031 0.007 0.055
-0.029 0.005 0.059
-0.029 0.005 0.061
-0.029 0.009 0.059
-0.027 0.009 0.063
-0.017 0.023 0.055
-0.017 0.025 0.057
-0.017 0.021 0.059
-0.027 0.027 0.063
-0.041 0.021 0.047
-0.033 0.019 0.053
-0.019 0.019 0.075
-0.013 0.017 0.075
-0.003 0.013 0.091
-0.009 0.023 0.093
-0.007 0.023 0.095
-0.019 0.033 0.083
-0.029 0.003 0.055
-0.029 0.009 0.061
-0.017 0.023 0.051
0.001 -0.005 0.061
-0.019 0.019 0.065
-0.003 0.011 0.071
0.001 -0.001 0.075
-0.001 0.001 0.075
-0.015 0.017 0.085
-0.011 0.013 0.083
-0.017 0.019 0.085
0.005 0.003 0.083
0.011 0.003 0.085
-0.003 0.009 0.089
0.001 0.011 0.091
0.009 -0.001 0.093
-0.009 0.011 0.087
-0.009 0.013 0.089
-0.009 0.023 0.093
0.019 0.001 0.111
-0.011 -0.003 0.039
0.007 -0.039 0.037
0.007 -0.039 0.035
0.015 -0.039 0.043
0.017 -0.039 0.041
0.021 -0.037 0.043
0.021 -0.035 0.051
0.003 -0.029 0.035
0.001 -0.019 0.041
0.001 -0.017 0.041
0.005 -0.031 0.043
0.001 -0.013 0.045
0.015 -0.029 0.057
0.017 -0.033 0.055
0.019 -0.027 0.063
0.023 -0.035 0.055
0.021 -0.033 0.059
0.031 -0.035 0.037
0.037 -0.037 0.049
0.039 -0.033 0.043
0.027 -0.047 0.085
0.027 -0.039 0.095
0.033 -0.049 0.085
0.033 -0.047 0.089
0.023 -0.029 0.069
0.027 -0.023 0.077
0.015 -0.013 0.081
0.019 -0.019 0.081
0.021 -0.023 0.077
0.019 -0.029 0.083
0.023 -0.033 0.087
0.023 -0.029 0.093
0.023 -0.033 0.095
0.031 -0.047 0.083
0.039 -0.035 0.095
0.037 -0.025 0.091
0.027 -0.039 0.095
0.029 -0.025 0.091
0.027 -0.039 0.095
0.033 -0.043 0.101
0.021 -0.027 0.103
0.017 -0.023 0.097
0.017 -0.017 0.105
0.027 -0.041 0.099
0.027 -0.029 0.103
-0.027 0.003 0.033
-0.041 0.023 0.051
-0.023 0.003 0.041
-0.027 0.003 0.047
-0.025 0.003 0.047
-0.013 0.005 0.047
-0.029 0.011 0.035
-0.029 0.003 0.047
-0.017 0.003 0.047
-0.025 0.003 0.051
-0.019 0.009 0.063
-0.029 0.025 0.059
-0.031 0.025 0.061
-0.029 0.011 0.039
-0.009 0.005 0.043
-0.021 0.023 0.071
-0.023 0.031 0.073
-0.005 0.019 0.067
-0.005 0.019 0.069
-0.005 0.007 0.081
-0.003 0.005 0.081
-0.001 0.011 0.091
-0.009 0.023 0.093
-0.005 0.013 0.091
-0.035 0.039 0.083
-0.031 0.037 0.079
-0.021 0.029 0.077
-0.031 0.039 0.075
-0.017 0.017 0.075
-0.027 0.033 0.083
0.001 -0.005 0.053
0.001 -0.001 0.051
0.015 -0.011 0.057
0.015 -0.009 0.059
-0.003 0.009 0.045
0.011 0.001 0.081
0.005 -0.001 0.077
0.009 -0.005 0.089
0.009 -0.005 0.089
0.001 0.011 0.091
0.019 -0.027 0.095
-0.001 0.007 0.089
0.019 -0.025 0.099
0.035 -0.037 0.055
0.031 -0.033 0.067
0.031 -0.035 0.063
0.029 -0.035 0.063
0.039 -0.033 0.053
0.015 -0.039 0.043
0.015 -0.035 0.045
0.023 -0.037 0.051
0.029 -0.037 0.041
0.029 -0.039 0.047
0.029 -0.039 0.051
0.027 -0.037 0.055
0.035 -0.037 0.045
0.019 -0.037 0.041
0.029 -0.039 0.051
0.029 -0.037 0.055
0.039 -0.033 0.051
0.029 -0.037 0.057
0.033 -0.033 0.065
0.031 -0.035 0.063
0.029 -0.035 0.063
0.031 -0.031 0.069
0.035 -0.027 0.071
0.039 -0.023 0.065
0.037 -0.019 0.065
0.043 -0.027 0.039
0.045 -0.017 0.039
0.043 -0.017 0.051
0.031 -0.037 0.089
0.037 -0.049 0.091
0.037 -0.049 0.093
0.039 -0.047 0.087
0.043 -0.041 0.085
0.043 -0.039 0.085
0.041 -0.035 0.081
0.037 -0.027 0.087
0.043 -0.029 0.097
0.041 -0.025 0.095
0.039 -0.027 0.085
0.031 -0.011 0.079
0.035 -0.015 0.083
0.035 -0.013 0.085
0.031 -0.009 0.077
0.041 -0.039 0.105
0.043 -0.029 0.097
0.035 -0.021 0.103
0.037 -0.019 0.085
0.039 -0.019 0.101
0.037 -0.029 0.067
0.041 -0.035 0.087
0.037 -0.027 0.087
0.041 -0.029 0.093
0.031 -0.043 0.103
0.035 -0.043 0.103
0.041 -0.041 0.103
0.039 -0.037 0.105
0.025 -0.027 0.105
0.031 -0.029 0.105
0.033 -0.015 0.105
0.027 -0.009 0.107
0.025 -0.011 0.109
0.025 -0.011 0.111
0.031 -0.017 0.105
0.033 -0.003 0.109
0.035 -0.021 0.103
0.035 -0.025 0.071
0.039 -0.029 0.081
0.039 -0.033 0.089
0.043 -0.039 0.083
0.041 -0.033 0.085
0.039 -0.027 0.065
0.037 -0.025 0.067
0.035 -0.019 0.073
0.039 -0.023 0.083
0.025 -0.001 0.053
0.037 -0.019 0.081
0.037 -0.035 0.089
0.037 -0.037 0.089
0.039 -0.033 0.089
0.039 -0.031 0.087
0.045 -0.039 0.101
0.033 -0.021 0.075
0.033 -0.015 0.077
0.039 -0.017 0.093
0.037 -0.013 0.097
0.001 0.027 0.059
0.033 -0.011 0.077
0.019 0.003 0.063
0.037 -0.025 0.101
0.037 -0.025 0.099
0.037 -0.015 0.097
0.029 -0.013 0.105
0.019 0.001 0.111
0.037 -0.017 0.103
0.033 -0.003 0.103
0.033 -0.001 0.099
0.023 -0.003 0.109
0.037 -0.013 0.055
0.023 -0.001 0.055
0.009 0.029 0.041
0.021 0.003 0.059
0.017 0.011 0.063
0.007 0.033 0.035
0.017 0.011 0.073
0.035 -0.011 0.085
0.031 -0.007 0.075
0.033 -0.001 0.093
0.031 0.003 0.099
