0.015 -0.041 0.039
0.013 -0.035 0.045
0.015 -0.035 0.045
0.039 -0.041 0.105
0.023 -0.035 0.099
0.017 -0.021 0.099
0.033 -0.011 0.103
0.023 -0.037 0.099
0.009 -0.019 0.051
0.019 -0.027 0.097
0.027 -0.035 0.101
0.021 -0.019 0.105
0.025 -0.011 0.109
0.041 -0.027 0.059
0.045 -0.037 0.101
0.043 -0.031 0.099
0.033 -0.043 0.105
0.037 -0.037 0.107
0.025 -0.031 0.099
0.027 -0.023 0.105
0.031 -0.021 0.105
0.017 -0.011 0.107
0.033 -0.031 0.103
0.043 -0.041 0.103
0.041 -0.039 0.105
0.045 -0.037 0.101
0.033 -0.037 0.107
0.033 -0.035 0.105
0.023 -0.003 0.109
-0.013 0.009 0.051
-0.033 0.017 0.049
-0.037 0.019 0.051
-0.033 0.025 0.061
-0.025 0.003 0.047
-0.011 0.005 0.049
-0.011 0.003 0.045
0.001 0.001 0.081
-0.015 0.015 0.049
-0.021 0.011 0.071
-0.019 0.007 0.053
-0.017 0.011 0.071
0.001 0.003 0.083
-0.007 0.011 0.089
-0.007 0.017 0.091
0.001 0.009 0.089
-0.027 0.027 0.063
-0.015 0.019 0.087
0.001 0.017 0.095
-0.017 0.011 0.071
-0.001 0.003 0.081
-0.003 0.007 0.087
-0.009 0.013 0.089
-0.015 0.021 0.089
-0.013 0.017 0.089
-0.031 0.035 0.087
-0.029 0.035 0.087
-0.023 0.039 0.083
-0.025 0.033 0.087
0.035 -0.009 0.097
0.017 0.009 0.113
0.013 0.011 0.113
0.013 0.011 0.113
0.001 0.033 0.041
0.023 -0.001 0.109
0.005 0.011 0.093
0.007 0.013 0.093
0.031 -0.001 0.107
0.029 0.003 0.103
0.021 0.005 0.109
-0.029 0.007 0.061
-0.023 0.009 0.065
0.003 -0.033 0.035
0.007 -0.037 0.045
0.019 -0.033 0.055
0.019 -0.031 0.059
0.019 -0.029 0.061
0.021 -0.029 0.067
0.001 -0.009 0.047
0.003 -0.009 0.055
0.011 -0.015 0.055
0.009 -0.009 0.061
0.017 -0.019 0.057
-0.001 0.001 0.067
0.019 -0.023 0.073
-0.001 -0.001 0.071
-0.003 0.003 0.073
0.019 -0.009 0.067
0.021 -0.031 0.087
0.033 -0.047 0.089
0.015 -0.015 0.083
0.015 -0.013 0.077
0.017 -0.019 0.093
0.013 -0.011 0.109
0.037 -0.041 0.105
0.025 -0.027 0.105
0.031 -0.023 0.105
0.021 -0.009 0.109
-0.039 0.031 0.053
-0.037 0.015 0.041
-0.041 0.021 0.049
-0.031 0.007 0.053
-0.031 0.009 0.057
-0.039 0.025 0.039
-0.037 0.033 0.053
-0.027 0.013 0.061
-0.035 0.027 0.061
-0.017 0.017 0.061
-0.019 0.021 0.073
-0.021 0.025 0.077
-0.007 0.035 0.039
-0.017 0.017 0.071
-0.003 0.005 0.079
-0.011 0.013 0.083
-0.035 0.041 0.083
-0.033 0.037 0.081
-0.033 0.037 0.083
-0.037 0.043 0.081
-0.029 0.039 0.087
-0.037 0.041 0.087
-0.025 0.011 0.065
-0.033 0.031 0.065
-0.031 0.033 0.069
-0.029 0.037 0.069
-0.017 0.017 0.069
-0.019 0.019 0.079
-0.015 0.021 0.089
0.001 0.015 0.095
0.025 0.003 0.089
0.017 0.003 0.111
0.009 0.005 0.043
0.003 0.029 0.045
-0.001 0.031 0.049
0.037 -0.005 0.037
0.027 -0.003 0.049
0.019 0.007 0.045
0.025 0.005 0.041
0.023 0.007 0.039
0.021 0.005 0.063
0.021 0.007 0.061
0.023 -0.011 0.061
0.017 0.011 0.057
0.027 -0.005 0.051
0.023 -0.011 0.061
0.039 -0.011 0.043
0.049 -0.017 0.039
0.041 -0.011 0.047
0.043 -0.015 0.049
0.041 -0.033 0.085
0.033 -0.001 0.095
0.015 -0.005 0.101
0.019 0.007 0.109
0.025 -0.003 0.105
0.025 -0.003 0.105
-0.025 0.033 0.037
-0.017 0.023 0.047
-0.009 0.035 0.037
-0.003 0.035 0.037
-0.005 0.033 0.057
0.003 0.027 0.055
-0.019 0.031 0.061
-0.013 0.029 0.053
-0.001 0.023 0.065
-0.005 0.033 0.043
-0.003 0.029 0.071
-0.017 0.035 0.081
-0.027 0.041 0.075
-0.031 0.041 0.085
0.015 0.003 0.037
0.007 0.033 0.041
0.007 0.033 0.039
0.021 0.007 0.059
0.015 0.007 0.079
0.029 0.007 0.089
0.041 -0.011 0.039
0.041 -0.023 0.045
0.043 -0.017 0.049
0.043 -0.019 0.051
0.039 -0.025 0.041
0.037 -0.007 0.045
0.039 -0.009 0.051
0.037 -0.011 0.053
0.031 -0.011 0.053
0.047 -0.017 0.039
0.033 -0.015 0.057
0.039 -0.021 0.063
0.021 -0.009 0.055
0.035 -0.007 0.049
0.023 -0.001 0.057
0.041 -0.015 0.045
0.041 -0.011 0.049
0.035 -0.017 0.069
0.033 -0.017 0.075
0.035 -0.027 0.087
0.039 -0.019 0.093
0.029 0.003 0.091
0.035 -0.015 0.069
0.037 -0.017 0.087
0.035 -0.015 0.083
0.035 -0.005 0.103
0.029 0.005 0.099
0.031 0.003 0.101
0.031 -0.001 0.103
0.023 -0.001 0.107
0.037 -0.021 0.097
0.039 -0.023 0.103
0.001 0.029 0.055
0.009 0.025 0.043
0.001 0.029 0.053
0.009 0.015 0.061
0.005 0.015 0.065
0.001 0.023 0.061
-0.003 0.019 0.067
0.001 0.019 0.061
-0.003 0.017 0.063
-0.003 0.031 0.057
-0.019 0.035 0.035
-0.015 0.035 0.037
-0.023 0.035 0.063
-0.005 0.033 0.061
-0.007 0.035 0.063
-0.001 0.029 0.077
0.009 0.013 0.089
0.003 0.017 0.093
-0.031 0.043 0.081
-0.009 0.035 0.079
0.027 0.007 0.041
0.023 0.007 0.043
0.021 0.007 0.047
0.007 0.033 0.041
0.019 0.009 0.061
0.025 0.005 0.049
0.025 0.003 0.051
0.007 0.033 0.033
0.019 0.005 0.065
0.003 0.027 0.087
0.005 0.023 0.089
0.005 0.021 0.089
0.015 0.013 0.113
-0.005 -0.017 0.035
0.005 -0.033 0.041
0.003 -0.025 0.039
0.011 -0.011 0.057
0.017 -0.013 0.055
0.005 -0.007 0.063
0.007 -0.015 0.051
0.021 -0.033 0.059
0.023 -0.033 0.087
0.037 -0.047 0.087
0.015 -0.005 0.083
0.023 -0.027 0.091
0.017 -0.019 0.093
0.013 -0.009 0.085
0.013 -0.009 0.103
0.025 -0.031 0.099
0.031 -0.035 0.103
-0.037 0.023 0.057
-0.021 0.001 0.035
-0.031 0.011 0.037
-0.027 0.011 0.041
-0.029 0.011 0.053
-0.037 0.019 0.051
-0.031 0.015 0.047
-0.029 0.005 0.057
-0.027 0.009 0.063
-0.019 0.027 0.057
-0.013 0.015 0.077
-0.021 0.013 0.071
-0.017 0.021 0.087
-0.003 0.019 0.095
-0.017 0.021 0.055
-0.001 0.001 0.057
0.001 0.005 0.055
0.003 -0.001 0.079
-0.015 0.015 0.081
0.009 0.001 0.081
0.009 0.005 0.085
-0.003 0.007 0.087
0.005 0.011 0.093
0.005 0.009 0.091
-0.001 -0.013 0.045
0.005 -0.035 0.037
0.015 -0.041 0.037
0.021 -0.035 0.039
0.005 -0.035 0.035
0.005 -0.023 0.047
0.003 -0.025 0.037
0.013 -0.029 0.055
0.015 -0.029 0.057
0.035 -0.037 0.043
0.045 -0.027 0.037
0.033 -0.037 0.049
0.027 -0.037 0.057
0.029 -0.047 0.085
0.021 -0.033 0.083
0.027 -0.039 0.089
0.029 -0.039 0.095
0.043 -0.043 0.087
0.037 -0.047 0.085
0.019 -0.023 0.067
0.019 -0.025 0.069
0.029 -0.019 0.079
0.017 -0.021 0.087
0.013 -0.013 0.093
0.027 -0.031 0.069
0.039 -0.033 0.093
0.023 -0.029 0.103
0.015 -0.017 0.099
0.021 -0.025 0.103
0.021 -0.019 0.105
-0.007 -0.003 0.035
-0.017 -0.005 0.037
-0.035 0.013 0.037
-0.037 0.015 0.039
-0.013 0.003 0.041
-0.021 0.003 0.045
-0.025 0.003 0.055
-0.029 0.005 0.059
-0.031 0.009 0.051
-0.023 0.005 0.061
-0.015 0.017 0.061
-0.039 0.021 0.051
-0.007 0.005 0.041
-0.023 0.009 0.065
-0.003 0.003 0.077
-0.013 0.015 0.079
-0.019 0.011 0.067
-0.017 0.011 0.069
-0.007 0.017 0.073
-0.011 0.019 0.091
-0.025 0.033 0.075
0.007 -0.037 0.045
-0.001 0.009 0.047
0.015 -0.011 0.057
-0.001 -0.001 0.057
0.007 0.005 0.085
0.019 -0.037 0.033
0.031 -0.031 0.033
0.035 -0.029 0.033
0.013 -0.041 0.033
0.009 -0.043 0.039
0.029 -0.037 0.043
0.027 -0.033 0.063
0.033 -0.037 0.053
0.007 -0.039 0.037
0.015 -0.041 0.037
0.013 -0.041 0.035
0.013 -0.041 0.041
0.037 -0.035 0.041
0.015 -0.031 0.053
0.035 -0.025 0.033
0.045 -0.027 0.035
0.045 -0.025 0.039
0.041 -0.029 0.057
0.031 -0.049 0.085
0.029 -0.039 0.095
0.033 -0.047 0.089
0.031 -0.033 0.067
0.029 -0.047 0.083
0.021 -0.031 0.095
0.015 -0.017 0.093
0.011 -0.011 0.093
0.037 -0.031 0.065
0.041 -0.039 0.081
0.037 -0.047 0.087
0.043 -0.041 0.101
0.027 -0.041 0.101
0.017 -0.023 0.097
0.017 -0.019 0.103
0.027 -0.041 0.099
0.031 -0.035 0.097
0.037 -0.041 0.101
0.037 -0.041 0.101
-0.011 -0.005 0.033
-0.011 -0.009 0.033
0.011 -0.041 0.035
-0.037 0.019 0.051
-0.019 0.003 0.039
-0.027 0.003 0.043
-0.011 -0.005 0.033
0.009 -0.041 0.037
0.013 -0.041 0.039
0.005 -0.031 0.045
0.001 -0.013 0.047
-0.009 -0.003 0.037
-0.009 0.005 0.043
-0.025 0.007 0.061
-0.023 0.009 0.063
-0.015 0.017 0.053
-0.015 0.017 0.063
-0.017 0.011 0.069
-0.017 0.017 0.075
-0.019 0.019 0.077
-0.017 0.017 0.079
-0.013 0.015 0.083
-0.003 0.017 0.093
-0.017 0.017 0.075
0.003 -0.003 0.073
-0.003 0.005 0.079
0.031 -0.035 0.037
0.019 -0.035 0.045
0.005 -0.013 0.051
0.007 -0.011 0.057
0.025 -0.033 0.065
0.003 0.007 0.089
0.005 0.009 0.091
0.037 -0.049 0.091
0.037 -0.045 0.089
0.007 -0.001 0.079
0.041 -0.031 0.051
0.041 -0.011 0.037
0.029 -0.037 0.041
0.029 -0.037 0.053
0.033 -0.035 0.063
0.037 -0.031 0.065
0.037 -0.033 0.063
0.041 -0.015 0.045
0.039 -0.025 0.065
0.043 -0.025 0.039
0.041 -0.021 0.041
0.041 -0.013 0.043
0.045 -0.017 0.039
0.039 -0.043 0.091
0.043 -0.043 0.087
0.037 -0.023 0.087
0.037 -0.021 0.085
0.037 -0.025 0.101
0.035 -0.017 0.103
0.037 -0.019 0.085
0.039 -0.023 0.091
0.041 -0.023 0.093
0.035 -0.043 0.103
0.043 -0.039 0.103
0.043 -0.039 0.103
0.039 -0.041 0.105
0.031 -0.029 0.105
0.025 -0.023 0.105
0.039 -0.031 0.087
0.039 -0.025 0.085
0.037 -0.027 0.067
0.025 -0.007 0.053
0.043 -0.033 0.099
0.039 -0.019 0.093
0.031 -0.011 0.079
0.017 0.007 0.073
0.037 -0.019 0.097
0.037 -0.019 0.103
0.037 -0.017 0.101
0.037 -0.017 0.103
0.031 0.001 0.087
0.035 -0.007 0.101
0.035 -0.005 0.103
0.033 -0.007 0.105
0.035 -0.003 0.107
0.035 -0.003 0.107
0.001 0.019 0.095
0.037 -0.017 0.059
0.041 -0.011 0.051
0.035 -0.003 0.039
0.029 0.003 0.039
0.005 0.021 0.047
0.019 0.001 0.063
0.009 0.027 0.037
0.017 0.009 0.071
0.033 -0.001 0.089
-0.029 0.031 0.041
-0.029 0.031 0.043
-0.025 0.031 0.043
-0.023 0.037 0.065
-0.007 0.033 0.043
-0.013 0.033 0.061
-0.017 0.031 0.041
-0.019 0.029 0.057
-0.025 0.035 0.061
-0.017 0.031 0.061
-0.011 0.035 0.063
0.015 0.011 0.053
0.015 0.011 0.053
0.005 0.029 0.045
0.009 0.015 0.063
-0.009 0.029 0.091
0.001 0.025 0.091
-0.013 0.031 0.089
-0.009 0.031 0.089
-0.011 0.029 0.091
-0.011 0.029 0.093
-0.003 0.031 0.087
0.001 0.027 0.087
0.019 0.001 0.095
0.025 0.005 0.093
0.017 -0.005 0.099
0.009 -0.001 0.103
0.027 0.005 0.103
0.023 -0.001 0.099
-0.033 0.021 0.031
-0.039 0.023 0.037
-0.037 0.031 0.043
-0.023 0.031 0.041
-0.035 0.035 0.061
-0.031 0.035 0.057
-0.005 0.031 0.051
-0.017 0.035 0.073
-0.023 0.041 0.079
-0.011 0.037 0.069
-0.025 0.039 0.085
-0.007 0.033 0.087
-0.015 0.025 0.089
-0.009 0.035 0.071
-0.011 0.033 0.039
0.007 0.033 0.039
0.013 0.015 0.061
0.003 0.033 0.033
-0.003 0.033 0.069
