-0.005 -0.017 0.033
-0.005 -0.015 0.035
-0.001 -0.021 0.035
0.007 -0.039 0.035
0.033 -0.035 0.061
0.007 -0.035 0.041
0.011 -0.031 0.047
-0.001 -0.015 0.043
-0.001 -0.011 0.047
0.011 -0.029 0.053
0.017 -0.023 0.057
0.019 -0.017 0.063
0.015 -0.033 0.047
0.021 -0.033 0.057
0.031 -0.035 0.063
0.025 -0.033 0.065
0.027 -0.045 0.085
0.025 -0.025 0.075
0.025 -0.021 0.079
0.015 -0.001 0.075
0.023 -0.035 0.085
0.017 -0.021 0.083
0.011 -0.009 0.099
0.023 -0.013 0.107
0.015 -0.011 0.109
0.023 -0.009 0.113
0.027 -0.041 0.101
0.025 -0.023 0.105
0.021 -0.025 0.103
-0.039 0.021 0.037
-0.039 0.029 0.057
-0.029 0.003 0.047
-0.031 0.015 0.047
-0.005 0.007 0.041
-0.023 0.003 0.051
-0.003 0.009 0.047
-0.037 0.015 0.041
-0.027 0.005 0.057
-0.031 0.007 0.053
-0.033 0.019 0.053
-0.031 0.027 0.065
-0.021 0.023 0.067
-0.023 0.009 0.065
-0.017 0.011 0.071
-0.019 0.021 0.067
-0.031 0.029 0.067
-0.021 0.023 0.067
-0.025 0.031 0.073
-0.021 0.009 0.067
-0.009 0.017 0.073
-0.029 0.037 0.073
-0.029 0.035 0.077
-0.017 0.013 0.073
-0.019 0.031 0.081
-0.017 0.021 0.085
-0.013 0.019 0.089
0.001 -0.003 0.045
0.003 -0.011 0.053
-0.011 0.005 0.049
0.001 0.001 0.053
-0.001 -0.001 0.069
0.007 -0.007 0.063
-0.019 0.005 0.051
-0.007 0.009 0.081
0.005 0.005 0.087
0.001 0.011 0.091
0.019 -0.001 0.105
0.027 -0.035 0.061
0.025 -0.037 0.049
0.041 -0.023 0.051
0.037 -0.035 0.059
0.039 -0.031 0.063
0.039 -0.033 0.041
0.049 -0.023 0.039
0.041 -0.013 0.047
0.043 -0.041 0.085
0.043 -0.041 0.087
0.039 -0.047 0.093
0.033 -0.031 0.067
0.043 -0.043 0.083
0.041 -0.033 0.083
0.043 -0.039 0.085
0.031 -0.043 0.101
0.031 -0.041 0.097
0.035 -0.043 0.103
0.037 -0.039 0.099
0.039 -0.039 0.097
0.041 -0.037 0.097
0.035 -0.009 0.103
0.017 -0.039 0.041
-0.019 0.011 0.061
0.019 -0.037 0.043
0.037 -0.037 0.049
0.031 -0.037 0.039
0.031 -0.039 0.049
0.037 -0.035 0.045
0.035 -0.037 0.047
0.041 -0.029 0.049
-0.023 0.003 0.049
0.033 -0.037 0.053
0.035 -0.037 0.055
0.035 -0.035 0.059
0.039 -0.035 0.053
0.039 -0.035 0.053
0.029 -0.037 0.055
0.039 -0.031 0.039
0.039 -0.031 0.039
0.041 -0.029 0.043
0.041 -0.031 0.045
0.041 -0.023 0.045
0.033 -0.035 0.063
-0.019 0.011 0.067
0.021 -0.023 0.077
0.029 -0.033 0.067
0.029 -0.033 0.065
0.001 0.001 0.081
0.037 -0.041 0.083
0.043 -0.043 0.087
0.041 -0.035 0.087
0.043 -0.043 0.085
0.029 -0.033 0.067
0.037 -0.029 0.067
0.015 -0.017 0.083
0.027 -0.021 0.079
0.037 -0.035 0.041
0.039 -0.035 0.053
0.039 -0.023 0.061
0.031 -0.023 0.091
-0.001 -0.021 0.037
-0.003 -0.013 0.043
0.037 -0.035 0.107
0.009 -0.039 0.045
0.039 -0.041 0.105
0.037 -0.041 0.105
0.037 -0.041 0.091
0.025 -0.037 0.101
0.013 -0.031 0.049
0.041 -0.031 0.055
0.043 -0.019 0.051
0.041 -0.015 0.055
0.031 -0.039 0.105
0.037 -0.045 0.093
0.043 -0.041 0.103
0.003 -0.005 0.067
0.013 -0.011 0.109
0.003 -0.001 0.079
0.031 -0.015 0.105
0.025 -0.015 0.105
0.027 -0.011 0.109
0.023 -0.031 0.099
0.029 -0.033 0.101
0.023 -0.009 0.113
0.033 -0.005 0.107
0.035 -0.015 0.103
0.015 -0.017 0.105
0.039 -0.033 0.103
0.039 -0.023 0.103
0.035 -0.011 0.103
-0.037 0.019 0.051
-0.021 0.007 0.061
-0.003 0.015 0.091
-0.027 0.005 0.061
-0.023 0.009 0.063
-0.025 0.023 0.049
0.001 0.015 0.095
-0.001 0.017 0.095
-0.027 0.029 0.067
-0.003 0.005 0.081
-0.021 0.025 0.079
-0.029 0.029 0.069
-0.007 0.009 0.085
-0.009 0.023 0.093
-0.017 0.029 0.087
-0.027 0.033 0.087
-0.029 0.035 0.087
-0.013 0.031 0.089
-0.013 0.031 0.089
0.017 0.005 0.111
0.009 0.009 0.091
0.015 0.013 0.113
0.029 0.003 0.103
0.029 0.005 0.103
0.001 0.017 0.095
0.019 -0.001 0.109
0.017 0.009 0.049
0.033 -0.003 0.041
0.031 -0.003 0.043
0.017 0.013 0.065
0.015 0.015 0.069
0.021 -0.001 0.061
0.039 -0.009 0.039
0.041 -0.011 0.039
0.041 -0.013 0.041
0.043 -0.015 0.037
0.043 -0.015 0.051
0.051 -0.017 0.037
0.041 -0.011 0.037
0.041 -0.019 0.055
0.037 -0.013 0.055
0.035 -0.011 0.089
0.035 -0.011 0.091
0.035 -0.009 0.093
0.043 -0.037 0.085
0.043 -0.041 0.087
0.029 -0.005 0.073
0.023 -0.005 0.071
0.031 0.001 0.085
0.013 -0.003 0.091
0.035 -0.015 0.069
0.041 -0.039 0.105
0.025 -0.005 0.113
0.033 -0.001 0.097
-0.015 0.033 0.039
-0.033 0.033 0.047
-0.031 0.033 0.049
-0.015 0.031 0.043
0.003 0.027 0.049
-0.029 0.033 0.035
-0.023 0.031 0.041
-0.007 0.033 0.041
-0.027 0.033 0.057
-0.009 0.031 0.055
-0.007 0.035 0.067
-0.035 0.033 0.049
0.005 0.017 0.069
0.003 0.027 0.079
-0.019 0.035 0.075
-0.017 0.035 0.081
-0.003 0.033 0.069
-0.001 0.029 0.065
-0.003 0.031 0.075
-0.027 0.037 0.065
-0.023 0.039 0.069
-0.023 0.041 0.077
-0.009 0.035 0.071
-0.027 0.041 0.081
-0.009 0.035 0.083
0.009 0.031 0.041
0.005 0.005 0.043
0.013 0.005 0.041
0.005 0.013 0.061
0.019 0.005 0.069
0.013 0.015 0.083
0.019 0.001 0.093
0.009 0.021 0.081
0.009 0.021 0.085
0.009 0.019 0.087
0.003 0.027 0.081
0.015 0.011 0.111
0.019 0.007 0.109
0.025 0.005 0.049
0.045 -0.019 0.039
0.035 -0.003 0.039
0.035 -0.017 0.033
0.041 -0.023 0.057
0.041 -0.011 0.047
0.035 -0.005 0.041
0.037 -0.007 0.047
0.037 -0.017 0.061
0.031 -0.011 0.065
0.021 -0.007 0.057
0.021 0.007 0.061
0.029 -0.011 0.063
0.039 -0.021 0.043
0.041 -0.017 0.055
0.039 -0.027 0.085
0.035 -0.027 0.087
0.041 -0.041 0.089
0.019 0.005 0.069
0.029 -0.005 0.077
0.021 -0.001 0.077
0.033 -0.009 0.085
0.031 0.003 0.089
0.031 0.003 0.089
0.031 0.003 0.093
0.029 0.005 0.095
0.035 -0.023 0.073
0.033 -0.019 0.075
0.041 -0.027 0.095
0.039 -0.031 0.101
0.035 -0.015 0.105
0.035 -0.003 0.107
0.031 -0.001 0.105
0.035 -0.009 0.103
0.009 0.029 0.039
0.005 0.019 0.043
0.009 0.029 0.041
-0.001 0.031 0.047
0.005 0.033 0.039
-0.005 0.033 0.059
0.009 0.021 0.079
-0.001 0.029 0.077
-0.011 0.035 0.081
-0.023 0.041 0.077
-0.007 0.035 0.069
0.005 0.023 0.075
0.005 0.021 0.073
0.009 0.011 0.091
0.007 0.019 0.089
0.001 0.025 0.091
0.021 0.001 0.105
0.005 -0.023 0.043
-0.001 -0.013 0.045
0.001 -0.023 0.039
0.011 -0.015 0.055
0.005 -0.009 0.059
0.003 -0.007 0.061
0.011 -0.029 0.053
0.029 -0.047 0.085
0.029 -0.041 0.089
0.025 -0.041 0.085
0.017 -0.019 0.067
0.015 -0.019 0.085
0.017 -0.023 0.097
0.021 -0.029 0.087
0.031 -0.037 0.105
0.015 -0.017 0.105
0.023 -0.007 0.111
-0.041 0.023 0.041
-0.023 0.003 0.041
-0.009 0.001 0.039
-0.029 0.003 0.047
-0.025 0.003 0.047
-0.037 0.015 0.039
-0.033 0.013 0.041
-0.029 0.005 0.049
-0.025 0.009 0.065
-0.029 0.025 0.061
-0.039 0.029 0.053
-0.011 0.017 0.073
-0.007 0.009 0.087
-0.015 0.025 0.089
-0.013 0.029 0.091
-0.037 0.043 0.079
-0.019 0.031 0.081
-0.021 0.027 0.079
-0.027 0.013 0.059
-0.001 0.001 0.069
-0.023 0.009 0.065
-0.023 0.011 0.067
0.005 0.011 0.093
0.009 -0.005 0.097
-0.021 0.001 0.035
-0.001 -0.007 0.041
-0.001 -0.021 0.035
0.007 -0.039 0.041
0.007 -0.039 0.043
0.005 -0.029 0.035
-0.003 -0.013 0.043
-0.001 -0.007 0.041
0.009 -0.019 0.051
0.003 -0.017 0.043
0.009 -0.019 0.051
-0.001 -0.007 0.041
-0.001 -0.009 0.045
0.027 -0.037 0.089
0.025 -0.039 0.083
0.019 -0.023 0.067
0.017 -0.017 0.081
-0.001 -0.001 0.069
0.005 -0.003 0.075
0.021 -0.031 0.087
0.009 -0.005 0.091
0.013 -0.011 0.085
0.007 0.001 0.081
0.017 -0.019 0.071
0.017 -0.011 0.073
0.013 -0.013 0.087
0.017 -0.021 0.095
0.015 -0.011 0.083
0.009 -0.003 0.099
0.011 -0.007 0.103
0.021 -0.027 0.101
0.013 -0.009 0.103
-0.033 0.013 0.035
-0.035 0.023 0.033
-0.039 0.023 0.039
-0.025 0.005 0.035
-0.037 0.015 0.041
-0.039 0.017 0.039
-0.041 0.019 0.043
-0.039 0.027 0.043
-0.037 0.031 0.043
-0.031 0.011 0.055
-0.029 0.007 0.061
-0.025 0.011 0.065
-0.039 0.031 0.051
-0.019 0.021 0.061
-0.033 0.019 0.053
-0.023 0.035 0.035
-0.035 0.035 0.061
-0.021 0.009 0.067
-0.037 0.039 0.087
-0.029 0.037 0.069
-0.029 0.033 0.071
-0.031 0.035 0.085
-0.025 0.009 0.043
-0.013 0.015 0.051
-0.009 0.013 0.059
-0.003 0.005 0.073
-0.005 0.013 0.073
-0.019 0.027 0.083
-0.033 0.029 0.065
0.003 -0.031 0.037
0.005 -0.029 0.043
0.007 -0.037 0.043
0.015 -0.007 0.081
-0.017 0.009 0.053
-0.021 0.013 0.069
-0.019 0.013 0.069
-0.021 0.013 0.067
-0.027 0.041 0.083
-0.005 0.035 0.073
-0.009 0.035 0.079
0.007 -0.025 0.049
0.017 -0.023 0.061
-0.017 0.021 0.085
-0.019 0.021 0.081
-0.011 0.029 0.091
-0.009 0.033 0.087
-0.009 0.033 0.087
-0.007 0.035 0.073
-0.003 0.021 0.095
0.021 -0.033 0.097
0.015 -0.009 0.107
-0.007 0.025 0.095
-0.005 0.025 0.093
0.005 0.019 0.091
0.015 -0.003 0.097
0.023 0.001 0.085
0.009 0.001 0.103
0.019 -0.001 0.109
0.015 0.007 0.113
0.027 0.001 0.099
0.027 -0.039 0.101
0.043 -0.037 0.103
0.011 -0.009 0.099
0.019 -0.003 0.099
0.023 -0.011 0.111
0.015 0.007 0.113
0.015 0.011 0.111
-0.027 0.031 0.043
-0.039 0.025 0.053
-0.031 0.009 0.049
-0.027 0.013 0.057
-0.027 0.037 0.063
-0.015 0.027 0.045
-0.015 0.031 0.043
-0.013 0.027 0.047
-0.029 0.003 0.055
-0.027 0.013 0.059
-0.031 0.029 0.067
-0.011 0.035 0.065
-0.019 0.013 0.073
-0.017 0.025 0.085
-0.035 0.043 0.085
-0.011 0.031 0.089
-0.011 0.035 0.067
-0.007 0.035 0.071
-0.011 0.033 0.087
0.005 0.029 0.045
-0.009 0.035 0.083
-0.007 0.033 0.087
0.019 0.003 0.091
0.009 0.001 0.097
0.015 0.007 0.109
0.025 -0.031 0.033
0.005 -0.035 0.035
0.007 -0.041 0.041
0.013 -0.041 0.043
0.017 -0.039 0.033
0.019 -0.031 0.057
0.041 -0.031 0.055
0.031 -0.047 0.083
0.027 -0.047 0.083
0.041 -0.045 0.085
0.043 -0.039 0.081
0.031 -0.019 0.079
0.027 -0.047 0.083
0.019 -0.027 0.095
0.033 -0.043 0.083
0.035 -0.041 0.083
0.031 -0.017 0.081
0.035 -0.023 0.073
0.041 -0.031 0.093
0.039 -0.049 0.091
0.039 -0.049 0.091
0.033 -0.041 0.099
0.021 -0.027 0.101
0.037 -0.041 0.103
0.025 -0.009 0.113
0.039 -0.041 0.103
0.011 -0.041 0.037
-0.025 0.003 0.045
-0.017 0.003 0.045
-0.009 -0.003 0.039
-0.001 -0.015 0.041
-0.019 0.011 0.071
-0.019 0.013 0.073
-0.007 0.009 0.085
-0.017 0.017 0.067
-0.029 0.035 0.079
0.019 -0.035 0.045
0.013 -0.031 0.049
0.025 -0.037 0.051
0.021 -0.035 0.041
0.017 -0.019 0.075
0.021 -0.023 0.077
0.011 -0.009 0.087
0.029 -0.047 0.083
0.035 -0.047 0.093
0.025 -0.027 0.105
