0.033 -0.037 0.043
0.043 -0.027 0.037
0.023 -0.037 0.051
0.047 -0.023 0.041
0.049 -0.025 0.037
0.045 -0.029 0.035
0.037 -0.047 0.085
0.029 -0.029 0.071
0.043 -0.039 0.083
0.043 -0.045 0.083
0.039 -0.045 0.091
0.043 -0.039 0.085
0.005 -0.031 0.045
0.015 -0.033 0.047
0.033 -0.037 0.043
0.031 -0.039 0.049
0.037 -0.033 0.039
0.037 -0.035 0.047
-0.023 0.003 0.051
0.037 -0.035 0.043
0.027 -0.025 0.075
0.025 -0.023 0.077
0.041 -0.025 0.055
0.035 -0.019 0.073
0.031 -0.021 0.091
0.033 -0.019 0.105
0.035 -0.043 0.091
0.023 -0.037 0.099
0.025 -0.037 0.101
0.021 -0.015 0.105
0.039 -0.019 0.101
0.041 -0.023 0.095
0.029 -0.041 0.103
0.023 -0.027 0.103
0.023 -0.023 0.105
0.027 -0.011 0.109
0.011 -0.007 0.103
0.017 -0.015 0.107
0.037 -0.025 0.103
0.033 -0.005 0.107
-0.005 0.019 0.093
-0.027 0.007 0.061
-0.005 0.005 0.077
-0.001 0.005 0.085
0.003 0.019 0.091
-0.017 0.011 0.071
-0.011 0.029 0.093
0.011 -0.001 0.097
0.009 -0.003 0.103
0.013 0.011 0.113
0.009 0.031 0.041
0.003 0.023 0.091
-0.005 -0.011 0.037
-0.031 0.005 0.053
-0.001 -0.001 0.065
0.003 -0.019 0.043
0.015 -0.027 0.057
-0.019 0.013 0.073
0.019 -0.015 0.055
-0.001 0.001 0.067
-0.021 0.011 0.069
0.017 -0.013 0.071
0.017 -0.009 0.073
0.027 -0.029 0.073
-0.003 0.003 0.077
0.017 0.001 0.109
0.017 -0.001 0.107
-0.025 0.003 0.035
-0.037 0.033 0.059
-0.021 0.023 0.065
-0.021 0.027 0.079
-0.011 0.021 0.091
-0.013 0.035 0.083
-0.017 0.017 0.077
-0.019 0.021 0.083
-0.021 0.025 0.069
0.027 0.005 0.097
0.023 0.007 0.043
0.017 -0.001 0.031
0.019 0.009 0.051
0.017 0.011 0.053
0.019 0.009 0.055
0.029 0.001 0.043
0.009 0.009 0.049
0.023 -0.011 0.063
0.031 -0.013 0.061
0.047 -0.023 0.041
0.035 -0.005 0.045
0.037 -0.019 0.089
0.043 -0.029 0.095
0.017 0.007 0.073
0.029 0.007 0.093
0.033 -0.001 0.099
0.021 0.001 0.081
0.019 0.003 0.091
0.035 -0.011 0.089
0.039 -0.019 0.101
0.035 -0.007 0.101
0.023 -0.001 0.099
-0.015 0.029 0.043
-0.009 0.031 0.055
-0.033 0.035 0.063
-0.001 0.027 0.067
0.005 0.019 0.091
-0.031 0.037 0.065
0.023 0.007 0.041
0.001 0.027 0.059
0.013 0.011 0.083
0.019 0.001 0.093
0.011 0.017 0.083
0.031 0.001 0.041
0.035 -0.005 0.041
0.019 0.007 0.063
0.019 -0.001 0.065
0.029 -0.005 0.049
0.035 -0.011 0.097
0.035 -0.011 0.097
0.033 -0.013 0.071
0.039 -0.023 0.091
0.023 -0.001 0.109
0.039 -0.019 0.101
0.009 0.025 0.043
0.005 0.015 0.041
0.003 0.011 0.045
-0.005 0.033 0.045
-0.005 0.033 0.047
0.005 0.021 0.073
0.015 0.015 0.075
-0.005 0.025 0.093
-0.001 0.021 0.095
-0.023 0.035 0.083
0.029 0.003 0.087
0.041 -0.021 0.049
0.041 -0.011 0.045
0.035 -0.037 0.053
0.041 -0.027 0.057
0.041 -0.031 0.053
0.029 -0.007 0.051
0.041 -0.015 0.043
0.041 -0.013 0.045
0.041 -0.031 0.045
0.039 -0.031 0.101
0.033 -0.003 0.089
0.037 -0.027 0.069
0.035 -0.031 0.089
0.035 -0.007 0.097
0.041 -0.037 0.103
0.041 -0.033 0.101
0.031 -0.011 0.105
0.035 -0.007 0.097
0.007 0.027 0.041
0.005 0.021 0.051
0.017 0.011 0.069
0.009 0.021 0.077
0.021 0.005 0.057
0.023 -0.001 0.055
0.009 0.023 0.043
0.019 0.007 0.065
0.017 0.005 0.075
-0.003 0.027 0.069
0.001 0.027 0.061
0.015 0.009 0.079
0.017 0.009 0.075
0.005 0.025 0.081
-0.025 0.035 0.087
-0.003 0.033 0.067
0.019 0.001 0.063
0.013 0.017 0.075
0.027 0.009 0.101
0.011 0.019 0.083
0.029 0.005 0.099
-0.001 -0.019 0.037
0.015 -0.017 0.087
0.021 -0.033 0.097
0.021 -0.033 0.097
0.037 -0.037 0.107
0.009 -0.001 0.077
0.015 -0.015 0.087
0.025 -0.033 0.099
0.023 -0.033 0.099
0.023 -0.017 0.105
0.025 -0.027 0.105
-0.023 0.027 0.041
-0.023 0.003 0.051
-0.009 0.023 0.093
-0.029 0.027 0.065
-0.009 0.011 0.087
-0.017 0.025 0.087
-0.001 0.027 0.089
-0.005 0.007 0.085
0.005 0.005 0.087
0.007 0.001 0.095
0.033 -0.033 0.035
0.033 -0.035 0.061
0.035 -0.033 0.037
0.041 -0.011 0.049
0.041 -0.029 0.053
0.039 -0.025 0.085
0.035 -0.015 0.087
0.031 -0.005 0.083
0.037 -0.013 0.095
0.035 -0.043 0.103
0.041 -0.033 0.101
0.035 -0.007 0.101
-0.003 0.025 0.033
0.041 -0.011 0.045
0.027 -0.001 0.049
0.009 0.025 0.043
0.009 0.023 0.041
0.027 -0.001 0.081
0.019 0.009 0.067
0.009 0.021 0.075
0.011 0.019 0.083
0.025 -0.001 0.051
0.021 -0.005 0.059
0.023 0.003 0.055
0.015 0.015 0.067
0.005 -0.027 0.045
-0.001 -0.021 0.037
0.009 -0.027 0.051
0.009 -0.013 0.055
0.011 -0.027 0.053
0.007 -0.013 0.055
-0.001 0.011 0.091
0.001 0.009 0.089
0.017 -0.001 0.081
0.009 -0.003 0.099
0.017 -0.001 0.081
0.003 0.011 0.091
0.003 0.013 0.093
0.009 0.001 0.103
0.027 -0.043 0.085
0.015 -0.017 0.095
0.009 -0.001 0.101
0.017 -0.021 0.097
0.011 -0.009 0.091
0.015 -0.015 0.099
0.023 -0.019 0.105
0.027 -0.027 0.105
0.033 -0.037 0.107
0.019 -0.017 0.105
0.039 -0.023 0.103
-0.033 0.025 0.061
-0.031 0.007 0.049
-0.033 0.021 0.055
-0.027 0.011 0.043
-0.027 0.011 0.061
-0.025 0.011 0.065
-0.023 0.013 0.067
-0.021 0.029 0.075
-0.031 0.027 0.065
-0.021 0.013 0.071
-0.021 0.029 0.071
-0.021 0.023 0.079
-0.015 0.027 0.089
-0.007 0.021 0.093
0.001 0.003 0.053
-0.017 0.033 0.085
-0.015 0.035 0.081
-0.013 0.015 0.085
-0.003 0.023 0.095
-0.001 0.025 0.091
-0.003 0.029 0.089
0.003 -0.007 0.061
0.023 -0.037 0.041
0.017 -0.033 0.051
0.019 -0.029 0.061
0.037 -0.033 0.063
0.045 -0.029 0.035
0.041 -0.027 0.059
0.017 -0.025 0.085
0.041 -0.045 0.087
0.029 -0.043 0.101
0.031 -0.043 0.101
0.029 -0.043 0.103
0.037 -0.019 0.065
0.031 -0.043 0.103
0.027 -0.017 0.105
-0.031 0.025 0.061
-0.013 0.003 0.041
-0.019 0.009 0.061
0.027 -0.037 0.089
0.007 -0.011 0.057
0.001 0.001 0.081
-0.007 0.013 0.091
-0.005 0.019 0.093
0.031 -0.029 0.071
0.033 -0.029 0.071
0.037 -0.047 0.085
0.039 -0.039 0.097
0.005 -0.025 0.043
0.025 -0.037 0.041
0.003 -0.031 0.037
0.005 -0.015 0.045
0.009 -0.017 0.051
0.011 -0.003 0.071
0.015 -0.017 0.095
0.021 -0.029 0.095
0.015 -0.005 0.085
0.027 -0.031 0.069
0.015 -0.015 0.103
0.023 -0.013 0.107
0.023 -0.023 0.105
-0.041 0.021 0.041
-0.041 0.029 0.049
-0.031 0.015 0.047
-0.029 0.003 0.051
-0.031 0.027 0.065
-0.019 0.019 0.075
-0.019 0.021 0.079
-0.011 0.025 0.093
-0.037 0.041 0.087
-0.017 0.029 0.087
0.001 -0.007 0.045
-0.021 0.009 0.065
-0.005 0.011 0.073
-0.017 0.019 0.085
-0.007 0.013 0.091
0.017 0.001 0.109
0.015 0.007 0.113
0.007 -0.037 0.045
0.013 -0.017 0.055
0.001 -0.003 0.057
0.023 -0.031 0.067
0.023 -0.033 0.095
0.029 -0.041 0.089
0.005 -0.003 0.075
0.017 -0.015 0.069
0.015 -0.005 0.081
0.019 -0.025 0.087
0.031 -0.039 0.103
0.023 -0.035 0.099
0.017 -0.019 0.097
-0.031 0.007 0.049
-0.037 0.017 0.047
-0.041 0.023 0.045
-0.009 0.013 0.057
-0.025 0.033 0.077
-0.039 0.025 0.057
-0.031 0.027 0.065
-0.003 0.005 0.075
-0.025 0.039 0.085
-0.025 0.009 0.065
-0.021 0.013 0.065
-0.035 0.045 0.081
0.019 -0.025 0.065
-0.011 0.021 0.091
-0.007 0.035 0.079
0.021 -0.027 0.101
0.015 -0.017 0.099
-0.015 0.021 0.089
-0.001 0.019 0.095
0.017 -0.001 0.107
0.013 0.011 0.111
0.023 -0.005 0.113
-0.029 0.033 0.039
-0.025 0.033 0.039
-0.037 0.021 0.055
-0.023 0.033 0.039
-0.031 0.035 0.057
-0.035 0.035 0.061
-0.031 0.037 0.063
-0.033 0.029 0.065
-0.027 0.013 0.057
-0.027 0.037 0.067
-0.027 0.039 0.085
-0.015 0.033 0.085
-0.015 0.035 0.065
-0.013 0.037 0.075
-0.017 0.035 0.081
-0.007 0.031 0.089
-0.009 0.033 0.087
-0.009 0.033 0.087
-0.009 -0.003 0.035
0.031 -0.037 0.039
0.011 -0.029 0.053
0.013 -0.011 0.057
0.001 -0.005 0.057
0.033 -0.037 0.043
0.039 -0.033 0.045
0.039 -0.035 0.053
0.039 -0.033 0.057
0.035 -0.031 0.067
0.023 -0.033 0.087
0.023 -0.037 0.097
0.029 -0.043 0.101
0.025 -0.033 0.099
0.035 -0.041 0.101
0.029 -0.029 0.103
0.029 -0.009 0.105
0.033 -0.037 0.107
0.033 -0.005 0.107
-0.009 -0.001 0.039
-0.009 0.013 0.055
-0.015 0.017 0.059
-0.009 0.013 0.089
-0.031 0.035 0.087
0.013 -0.029 0.055
0.001 -0.009 0.051
0.007 0.007 0.089
0.021 -0.033 0.035
0.011 -0.043 0.043
0.017 -0.039 0.037
0.011 -0.043 0.039
0.009 -0.021 0.051
0.007 -0.015 0.051
0.037 -0.035 0.055
0.033 -0.047 0.089
0.037 -0.049 0.091
0.015 -0.015 0.075
0.023 -0.035 0.083
0.025 -0.035 0.095
0.011 -0.007 0.095
0.017 -0.021 0.095
0.019 -0.017 0.105
-0.015 -0.007 0.037
-0.037 0.021 0.053
-0.031 0.013 0.045
-0.003 0.003 0.075
-0.021 0.011 0.069
-0.001 0.001 0.059
0.017 -0.005 0.069
0.013 -0.005 0.067
0.019 -0.025 0.099
-0.005 -0.011 0.039
0.017 -0.037 0.031
0.017 -0.033 0.053
0.007 -0.039 0.039
0.025 -0.035 0.057
0.025 -0.035 0.059
0.041 -0.029 0.043
0.035 -0.041 0.083
0.015 -0.019 0.087
0.035 -0.027 0.071
0.043 -0.037 0.097
0.031 -0.043 0.105
-0.023 0.003 0.035
-0.021 0.003 0.043
0.003 -0.031 0.037
-0.011 -0.005 0.035
-0.019 0.003 0.047
-0.029 0.005 0.061
0.001 -0.005 0.057
-0.001 0.001 0.073
0.005 -0.003 0.075
-0.015 0.017 0.087
-0.019 0.019 0.077
-0.029 0.037 0.075
-0.009 0.017 0.069
0.021 -0.035 0.053
0.025 -0.031 0.069
0.035 -0.037 0.099
0.003 -0.031 0.033
-0.025 0.005 0.039
-0.033 0.033 0.045
0.007 -0.041 0.043
0.007 -0.025 0.049
0.009 -0.025 0.051
-0.039 0.031 0.049
-0.031 0.035 0.055
-0.021 0.023 0.075
0.015 -0.019 0.087
0.025 -0.027 0.105
0.017 -0.001 0.107
-0.039 0.017 0.045
-0.029 0.007 0.045
-0.041 0.023 0.049
-0.041 0.025 0.049
-0.039 0.023 0.053
-0.033 0.031 0.041
-0.017 0.035 0.037
-0.039 0.031 0.057
-0.005 0.007 0.075
-0.031 0.035 0.067
-0.021 0.025 0.077
-0.035 0.043 0.077
-0.037 0.043 0.081
-0.011 0.037 0.069
-0.035 0.035 0.057
-0.013 0.027 0.051
-0.031 0.037 0.063
0.025 0.001 0.097
0.019 0.009 0.051
0.041 -0.023 0.053
0.037 -0.019 0.065
0.037 -0.027 0.067
0.027 -0.003 0.045
0.043 -0.015 0.041
0.035 -0.007 0.101
0.011 -0.001 0.087
0.037 -0.033 0.105
0.035 -0.033 0.105
0.037 -0.031 0.103
0.035 -0.005 0.105
0.027 -0.005 0.103
0.033 -0.005 0.107
-0.013 0.033 0.041
-0.011 0.035 0.035
0.003 0.025 0.051
0.009 0.023 0.043
0.003 0.033 0.041
0.003 0.033 0.041
-0.007 0.033 0.045
0.001 0.015 0.057
-0.009 0.035 0.061
-0.015 0.035 0.067
-0.023 0.039 0.071
0.005 0.017 0.091
-0.015 0.035 0.079
-0.013 0.035 0.077
-0.023 0.037 0.085
0.021 0.003 0.057
