-0.045 -0.003 0.033
-0.045 -0.001 0.033
-0.051 -0.017 0.037
-0.051 -0.015 0.039
-0.049 0.001 0.039
-0.053 -0.017 0.035
-0.049 -0.021 0.039
-0.051 -0.017 0.039
-0.049 -0.023 0.037
-0.049 -0.019 0.039
-0.049 -0.017 0.041
-0.051 -0.017 0.039
-0.049 -0.017 0.041
-0.051 -0.015 0.039
-0.049 -0.017 0.041
-0.053 -0.015 0.037
-0.053 -0.015 0.037
-0.051 -0.015 0.039
-0.051 -0.011 0.037
-0.049 -0.001 0.039
-0.051 -0.011 0.037
-0.049 -0.011 0.039
-0.047 -0.009 0.037
-0.049 -0.011 0.039
-0.047 -0.003 0.035
-0.041 -0.019 0.051
-0.043 -0.017 0.051
-0.051 -0.007 0.051
-0.051 -0.003 0.053
-0.045 -0.013 0.055
-0.045 -0.013 0.055
-0.045 -0.011 0.063
-0.047 -0.011 0.059
-0.045 -0.011 0.063
-0.047 -0.007 0.063
-0.049 -0.019 0.039
-0.043 -0.021 0.039
-0.049 -0.019 0.039
-0.033 -0.021 0.041
-0.037 -0.019 0.043
-0.043 -0.015 0.049
-0.047 -0.011 0.043
-0.043 -0.017 0.047
-0.043 -0.015 0.049
-0.049 -0.011 0.049
-0.043 -0.015 0.053
-0.049 -0.011 0.051
-0.049 -0.011 0.039
-0.047 -0.009 0.039
-0.047 -0.005 0.037
-0.049 -0.001 0.037
-0.047 0.001 0.037
-0.049 -0.001 0.039
-0.051 -0.005 0.043
-0.049 -0.009 0.045
-0.051 -0.005 0.047
-0.049 0.003 0.043
-0.051 0.003 0.045
-0.049 0.003 0.047
-0.051 -0.005 0.049
-0.051 -0.003 0.051
-0.051 -0.003 0.055
-0.051 0.001 0.055
-0.049 0.005 0.053
-0.045 -0.015 0.051
-0.043 -0.015 0.053
-0.049 -0.011 0.053
-0.045 -0.013 0.057
-0.045 -0.011 0.065
-0.047 -0.011 0.055
-0.049 -0.011 0.053
-0.049 -0.009 0.057
-0.049 -0.009 0.059
-0.049 -0.007 0.059
-0.049 -0.007 0.061
-0.049 -0.003 0.063
-0.047 -0.001 0.065
-0.049 -0.001 0.061
-0.049 -0.007 0.057
-0.045 -0.011 0.065
-0.041 -0.013 0.067
-0.041 -0.011 0.071
-0.041 -0.011 0.071
-0.047 -0.001 0.065
-0.045 -0.005 0.069
-0.045 -0.005 0.069
-0.041 -0.009 0.073
-0.043 -0.011 0.081
-0.057 -0.005 0.081
-0.037 -0.001 0.075
-0.061 -0.001 0.083
-0.061 0.001 0.085
-0.061 0.001 0.087
-0.053 -0.009 0.095
-0.053 -0.003 0.095
-0.051 -0.007 0.083
-0.043 -0.011 0.083
-0.061 -0.003 0.083
-0.059 -0.003 0.085
-0.053 -0.005 0.087
-0.055 -0.003 0.089
-0.059 -0.001 0.087
-0.061 0.001 0.087
-0.053 -0.005 0.087
-0.045 -0.011 0.091
-0.045 -0.009 0.091
-0.041 -0.015 0.093
-0.051 -0.007 0.093
-0.041 -0.013 0.091
-0.047 -0.011 0.093
-0.041 -0.009 0.089
-0.041 -0.009 0.089
-0.049 -0.011 0.095
-0.057 -0.005 0.097
-0.051 -0.007 0.093
-0.061 0.003 0.091
-0.057 -0.005 0.097
-0.053 -0.003 0.095
-0.031 -0.015 0.079
-0.033 -0.015 0.073
-0.033 -0.015 0.075
-0.045 -0.005 0.069
-0.041 -0.009 0.073
-0.035 -0.013 0.077
-0.037 0.001 0.075
-0.061 -0.001 0.083
-0.031 -0.001 0.081
-0.029 -0.001 0.079
-0.045 -0.005 0.069
-0.043 -0.007 0.071
-0.041 -0.003 0.073
-0.039 0.001 0.073
-0.039 -0.005 0.075
-0.061 -0.003 0.083
-0.035 -0.001 0.077
-0.061 0.001 0.083
-0.017 -0.025 0.087
-0.037 -0.017 0.095
-0.023 -0.023 0.091
-0.029 -0.019 0.091
-0.037 -0.017 0.095
-0.043 -0.011 0.083
-0.061 0.003 0.085
-0.061 0.003 0.087
-0.031 -0.001 0.093
-0.051 -0.007 0.083
-0.043 -0.011 0.087
-0.051 -0.005 0.089
-0.035 -0.009 0.091
-0.057 0.001 0.091
-0.047 -0.003 0.095
-0.039 -0.015 0.097
-0.053 -0.009 0.097
-0.055 -0.003 0.097
-0.043 -0.011 0.099
-0.043 -0.011 0.101
-0.041 -0.013 0.103
-0.043 -0.009 0.103
-0.057 -0.005 0.099
-0.055 -0.001 0.097
-0.051 -0.001 0.097
-0.059 -0.001 0.101
-0.051 -0.003 0.105
-0.057 0.001 0.105
-0.037 -0.015 0.103
-0.033 -0.019 0.101
-0.029 -0.017 0.105
-0.027 -0.021 0.107
-0.043 -0.011 0.101
-0.043 -0.009 0.103
-0.059 -0.001 0.103
-0.055 0.003 0.103
-0.041 -0.007 0.105
-0.027 -0.011 0.107
-0.037 -0.011 0.105
-0.025 -0.013 0.109
-0.025 -0.009 0.111
-0.025 -0.009 0.109
-0.051 -0.003 0.105
-0.051 0.001 0.107
-0.055 0.001 0.101
-0.059 -0.001 0.103
-0.055 0.003 0.103
-0.055 0.003 0.103
-0.037 -0.011 0.105
-0.023 -0.013 0.113
-0.051 -0.001 0.045
-0.049 0.005 0.045
-0.049 0.003 0.047
-0.047 0.007 0.047
-0.043 -0.015 0.047
-0.049 -0.009 0.049
-0.049 -0.009 0.053
-0.047 -0.011 0.055
-0.047 -0.011 0.057
-0.043 -0.017 0.047
-0.051 -0.007 0.049
-0.051 -0.005 0.047
-0.051 -0.007 0.053
-0.045 -0.013 0.051
-0.049 -0.009 0.055
-0.049 -0.005 0.059
-0.051 -0.005 0.057
-0.051 -0.001 0.049
-0.051 0.003 0.049
-0.051 0.001 0.051
-0.049 0.003 0.057
-0.051 -0.001 0.047
-0.049 0.005 0.049
-0.051 -0.001 0.055
-0.051 -0.003 0.057
-0.049 0.003 0.059
-0.049 0.003 0.057
-0.049 -0.009 0.059
-0.049 -0.007 0.059
-0.049 -0.007 0.061
-0.047 -0.009 0.061
-0.049 -0.007 0.061
-0.047 -0.009 0.063
-0.045 -0.009 0.067
-0.043 -0.011 0.069
-0.049 -0.005 0.063
-0.049 0.003 0.059
-0.047 0.005 0.057
-0.047 -0.007 0.065
-0.045 -0.001 0.067
-0.045 -0.003 0.069
-0.045 -0.001 0.069
-0.045 0.003 0.067
-0.045 0.003 0.065
-0.047 0.001 0.061
-0.047 0.001 0.063
-0.045 0.005 0.063
-0.047 0.003 0.061
-0.047 0.003 0.061
-0.047 0.005 0.059
-0.045 0.003 0.065
-0.045 -0.001 0.069
-0.045 0.003 0.065
-0.037 0.005 0.069
-0.039 0.003 0.071
-0.037 0.005 0.069
-0.051 0.001 0.053
-0.051 0.001 0.051
-0.051 0.003 0.053
-0.051 0.003 0.049
-0.049 0.005 0.049
-0.047 0.007 0.055
-0.045 0.007 0.057
-0.043 -0.007 0.071
-0.041 0.005 0.065
-0.043 -0.005 0.071
-0.037 0.005 0.069
-0.037 0.005 0.069
-0.033 -0.015 0.071
-0.031 -0.015 0.077
-0.035 -0.013 0.077
-0.043 -0.007 0.071
-0.041 -0.009 0.071
-0.039 -0.009 0.075
-0.041 -0.009 0.071
-0.041 -0.009 0.073
-0.037 -0.011 0.075
-0.037 -0.009 0.077
-0.045 -0.009 0.083
-0.051 -0.007 0.083
-0.041 -0.005 0.073
-0.041 -0.003 0.073
-0.043 -0.003 0.071
-0.039 -0.007 0.075
-0.039 -0.003 0.075
-0.023 0.001 0.075
-0.053 0.005 0.083
-0.027 0.001 0.079
-0.053 0.005 0.083
-0.061 0.005 0.085
-0.005 0.001 0.069
-0.035 0.003 0.073
-0.003 0.001 0.071
0.023 -0.001 0.069
-0.035 -0.003 0.077
0.009 -0.001 0.075
0.023 -0.001 0.075
-0.045 -0.009 0.087
-0.039 -0.011 0.089
-0.039 -0.013 0.087
-0.039 -0.013 0.089
-0.039 -0.013 0.089
-0.049 -0.007 0.085
-0.051 -0.005 0.089
-0.041 -0.009 0.089
-0.037 -0.007 0.091
-0.061 0.005 0.085
-0.061 0.005 0.087
-0.061 0.003 0.091
-0.059 0.007 0.089
-0.061 0.005 0.091
-0.051 -0.003 0.093
-0.031 -0.003 0.093
-0.031 -0.003 0.093
-0.031 -0.003 0.093
-0.053 -0.003 0.095
-0.031 -0.001 0.093
-0.039 -0.005 0.091
-0.061 0.007 0.091
-0.061 0.005 0.091
-0.061 0.005 0.091
-0.055 -0.003 0.097
-0.041 -0.001 0.095
-0.051 -0.003 0.093
-0.059 0.003 0.093
-0.031 -0.001 0.093
-0.063 0.007 0.093
-0.039 -0.009 0.075
-0.037 -0.009 0.077
-0.035 -0.003 0.077
-0.035 -0.001 0.077
-0.031 0.001 0.077
-0.031 0.003 0.071
-0.027 0.001 0.075
-0.031 0.001 0.077
-0.035 0.003 0.073
-0.031 0.001 0.077
-0.047 -0.001 0.081
-0.061 0.003 0.085
-0.061 0.001 0.085
-0.061 0.003 0.087
-0.003 -0.001 0.077
-0.059 0.007 0.087
-0.059 0.007 0.085
-0.061 0.003 0.091
-0.061 0.003 0.087
-0.061 0.007 0.091
-0.051 -0.003 0.093
-0.059 0.009 0.087
-0.061 0.005 0.091
-0.041 0.005 0.033
-0.037 0.015 0.031
-0.039 0.017 0.033
-0.037 0.019 0.031
-0.045 0.005 0.037
-0.045 0.007 0.037
-0.039 0.013 0.033
-0.043 0.007 0.037
-0.039 0.011 0.037
-0.039 0.011 0.037
-0.051 0.001 0.043
-0.047 0.001 0.035
-0.045 0.003 0.035
-0.039 0.009 0.035
-0.039 0.015 0.033
-0.047 0.007 0.045
-0.043 0.009 0.041
-0.045 0.009 0.045
-0.039 0.019 0.035
-0.039 0.017 0.039
-0.037 0.019 0.043
-0.037 0.021 0.043
-0.049 0.003 0.055
-0.045 0.009 0.051
-0.043 0.009 0.053
-0.049 0.003 0.059
-0.045 0.007 0.057
-0.047 0.005 0.059
-0.041 0.009 0.037
-0.043 0.009 0.041
-0.039 0.013 0.043
-0.037 0.017 0.043
-0.033 0.013 0.047
-0.039 0.017 0.041
-0.039 0.013 0.043
-0.043 0.009 0.053
-0.047 0.007 0.051
-0.039 0.009 0.049
-0.045 0.009 0.051
-0.035 0.015 0.045
-0.033 0.013 0.047
-0.037 0.021 0.035
-0.037 0.021 0.035
-0.039 0.021 0.037
-0.029 0.017 0.047
-0.049 0.003 0.059
-0.041 0.007 0.057
-0.047 0.007 0.055
-0.047 0.005 0.057
-0.047 0.005 0.057
-0.037 0.011 0.051
-0.031 0.013 0.051
-0.045 0.005 0.061
-0.037 0.005 0.065
-0.047 0.007 0.055
-0.041 0.009 0.055
-0.045 0.005 0.061
-0.045 0.005 0.063
-0.041 0.003 0.069
-0.045 0.003 0.067
-0.043 0.005 0.065
-0.041 0.005 0.067
-0.041 0.003 0.069
-0.061 0.001 0.087
-0.061 0.005 0.087
-0.061 0.003 0.087
-0.061 0.005 0.085
-0.053 0.009 0.091
-0.057 0.009 0.085
-0.059 0.005 0.089
-0.061 0.005 0.087
-0.057 0.009 0.089
-0.057 0.011 0.085
-0.057 0.011 0.085
-0.047 0.005 0.095
-0.047 0.005 0.095
-0.037 0.003 0.093
-0.041 0.003 0.069
-0.031 0.001 0.077
-0.059 0.007 0.085
-0.059 0.009 0.087
-0.059 0.007 0.089
-0.055 0.005 0.103
-0.053 0.007 0.099
-0.055 0.005 0.103
-0.051 0.007 0.097
-0.049 0.009 0.097
-0.053 0.009 0.101
-0.055 0.005 0.103
-0.055 0.005 0.105
-0.045 0.009 0.043
-0.041 0.011 0.043
-0.039 0.013 0.045
-0.047 0.007 0.045
-0.041 0.011 0.045
-0.041 0.011 0.045
-0.045 0.009 0.049
-0.047 0.007 0.047
-0.039 0.013 0.041
-0.039 0.019 0.041
-0.033 0.013 0.047
-0.039 0.013 0.043
-0.039 0.019 0.041
-0.035 0.015 0.045
-0.037 0.011 0.049
-0.037 0.011 0.051
-0.039 0.013 0.045
-0.039 0.013 0.043
-0.035 0.015 0.045
-0.033 0.019 0.045
-0.033 0.017 0.045
-0.029 0.017 0.047
-0.041 0.009 0.055
-0.035 0.011 0.053
-0.043 0.009 0.055
-0.035 0.011 0.055
-0.031 0.013 0.049
0.017 0.015 0.043
0.015 0.009 0.049
0.017 0.013 0.045
0.017 0.011 0.045
0.015 0.009 0.049
-0.045 0.007 0.057
0.015 0.009 0.051
-0.033 0.007 0.059
-0.031 0.009 0.057
0.017 0.007 0.053
0.021 0.007 0.055
0.021 0.013 0.055
0.019 0.009 0.055
0.021 0.015 0.057
0.021 0.011 0.063
0.023 0.015 0.059
0.021 0.009 0.061
0.021 0.017 0.049
0.021 0.017 0.053
0.023 0.017 0.057
0.023 0.017 0.059
-0.031 0.013 0.049
-0.033 0.017 0.045
-0.027 0.017 0.047
0.031 0.015 0.039
0.017 0.013 0.043
-0.039 0.009 0.057
-0.039 0.009 0.057
-0.043 0.009 0.055
0.013 0.009 0.047
-0.029 0.011 0.055
0.019 0.017 0.043
0.019 0.017 0.045
0.019 0.017 0.045
0.019 0.015 0.047
0.019 0.015 0.047
0.019 0.013 0.047
0.019 0.015 0.047
0.019 0.015 0.051
0.019 0.015 0.049
-0.033 0.007 0.059
0.017 0.009 0.053
0.035 0.003 0.051
0.019 0.009 0.057
0.019 0.009 0.059
0.019 0.011 0.055
0.021 0.015 0.053
0.019 0.013 0.057
0.021 0.005 0.061
0.021 0.009 0.061
0.019 0.009 0.059
0.021 0.007 0.065
0.019 0.011 0.061
0.019 0.011 0.057
0.021 0.005 0.063
0.021 0.007 0.065
0.021 0.005 0.069
0.021 0.005 0.069
0.021 0.007 0.065
