-0.027 -0.023 0.035
-0.037 -0.021 0.049
-0.037 -0.015 0.057
-0.029 -0.023 0.035
-0.015 -0.023 0.041
-0.041 -0.009 0.073
-0.041 -0.011 0.081
-0.021 -0.015 0.071
-0.025 -0.015 0.073
-0.031 -0.015 0.079
-0.021 -0.017 0.075
-0.027 -0.021 0.089
-0.039 -0.015 0.099
0.017 -0.027 0.041
0.003 -0.019 0.063
0.019 -0.021 0.059
0.025 -0.021 0.045
0.023 -0.021 0.077
0.021 -0.019 0.089
-0.013 -0.027 0.095
0.019 -0.015 0.093
0.049 -0.009 0.085
-0.049 0.001 0.039
-0.047 -0.011 0.055
-0.051 -0.005 0.057
-0.017 -0.013 0.073
-0.053 -0.005 0.101
0.007 -0.011 0.047
0.017 -0.021 0.057
0.011 -0.013 0.059
-0.011 -0.007 0.031
-0.035 -0.021 0.047
-0.027 -0.023 0.037
-0.011 -0.019 0.055
-0.027 -0.019 0.085
-0.023 -0.023 0.091
-0.017 -0.025 0.087
-0.003 -0.021 0.067
-0.011 -0.007 0.099
-0.007 -0.007 0.097
0.023 -0.027 0.037
0.023 -0.027 0.037
0.023 -0.023 0.035
0.025 -0.025 0.039
0.005 -0.013 0.061
0.003 -0.019 0.065
0.031 -0.019 0.079
0.019 -0.019 0.077
0.053 -0.005 0.083
-0.007 -0.017 0.045
0.011 -0.019 0.051
-0.019 -0.011 0.069
-0.031 -0.017 0.087
-0.023 -0.017 0.081
0.039 0.001 0.051
0.043 -0.001 0.047
0.045 -0.003 0.055
-0.037 -0.015 0.097
-0.023 -0.021 0.107
-0.053 -0.005 0.101
-0.045 -0.005 0.101
-0.037 -0.011 0.105
-0.031 -0.007 0.105
-0.017 -0.021 0.101
-0.023 -0.023 0.101
-0.007 -0.019 0.111
-0.001 -0.019 0.113
-0.007 -0.011 0.085
0.027 -0.017 0.089
0.043 -0.013 0.075
0.017 -0.013 0.095
0.035 -0.015 0.037
0.013 -0.021 0.087
0.031 -0.015 0.087
0.033 -0.015 0.085
-0.005 -0.015 0.113
-0.023 -0.009 0.111
-0.019 0.001 0.107
-0.007 0.009 0.045
-0.013 -0.007 0.099
-0.007 -0.001 0.073
-0.033 -0.005 0.105
-0.029 -0.003 0.105
-0.039 -0.003 0.105
-0.041 0.005 0.099
-0.047 0.005 0.103
0.041 0.009 0.057
0.041 -0.007 0.087
0.047 0.007 0.059
0.025 0.005 0.069
0.025 0.011 0.065
-0.039 -0.021 0.049
-0.051 -0.005 0.049
-0.061 0.001 0.087
-0.059 0.007 0.085
-0.057 -0.001 0.099
-0.057 -0.005 0.103
-0.051 -0.003 0.105
-0.031 -0.013 0.105
-0.023 -0.007 0.107
-0.025 -0.009 0.111
-0.003 0.001 0.071
-0.051 0.009 0.101
-0.001 -0.001 0.073
-0.001 -0.003 0.083
0.003 -0.001 0.081
-0.001 -0.003 0.083
0.019 -0.003 0.087
0.025 -0.001 0.081
-0.039 0.015 0.037
-0.031 0.015 0.047
-0.009 0.005 0.055
-0.045 0.007 0.089
-0.047 0.009 0.087
-0.053 0.009 0.105
0.005 0.011 0.037
0.011 0.011 0.037
0.023 0.019 0.055
0.043 0.009 0.059
-0.029 0.021 0.039
-0.037 0.007 0.061
-0.013 0.013 0.039
-0.025 -0.001 0.057
-0.045 0.009 0.097
-0.041 0.009 0.097
-0.007 -0.001 0.073
-0.023 0.001 0.085
-0.023 0.001 0.085
0.001 -0.005 0.085
-0.011 -0.013 0.109
-0.009 -0.003 0.101
-0.009 -0.013 0.111
0.031 0.011 0.045
0.017 0.013 0.039
0.029 -0.003 0.059
0.017 -0.003 0.089
0.025 -0.005 0.089
0.015 -0.007 0.091
0.011 -0.003 0.089
0.021 -0.001 0.085
0.031 -0.011 0.091
0.053 -0.003 0.085
-0.035 0.025 0.041
-0.011 0.009 0.045
-0.019 0.011 0.049
-0.031 0.005 0.063
-0.033 0.005 0.069
-0.021 0.001 0.095
0.011 0.007 0.045
0.027 0.013 0.039
0.027 0.011 0.043
0.035 0.015 0.035
0.049 0.007 0.057
0.049 0.003 0.061
0.021 -0.021 0.079
-0.021 -0.011 0.111
-0.003 -0.017 0.111
-0.003 -0.019 0.113
-0.031 -0.015 0.103
-0.017 -0.011 0.109
0.009 -0.021 0.085
-0.015 -0.013 0.075
0.013 -0.011 0.095
0.027 -0.019 0.085
0.033 -0.017 0.081
0.029 -0.017 0.087
0.037 -0.009 0.039
0.031 -0.019 0.069
0.007 -0.021 0.085
0.031 -0.019 0.081
0.051 -0.005 0.087
0.033 -0.013 0.089
0.023 -0.011 0.095
-0.019 0.013 0.045
-0.017 0.011 0.047
-0.031 0.001 0.105
0.025 0.007 0.063
0.055 -0.007 0.075
0.025 0.005 0.069
0.025 0.019 0.055
0.043 0.009 0.059
0.025 0.007 0.049
0.031 -0.001 0.071
-0.033 0.007 0.085
-0.023 0.001 0.097
-0.013 -0.001 0.093
-0.003 0.001 0.069
0.005 -0.003 0.087
-0.019 -0.025 0.099
-0.019 -0.013 0.113
0.047 0.007 0.043
0.047 0.011 0.045
0.045 0.003 0.065
0.047 -0.003 0.063
0.031 -0.001 0.069
0.025 0.005 0.069
0.029 -0.001 0.077
0.023 -0.011 0.093
0.007 0.013 0.039
0.009 0.015 0.037
-0.017 0.013 0.043
-0.025 0.013 0.051
-0.025 0.021 0.035
0.023 0.019 0.051
-0.027 0.021 0.037
-0.033 0.007 0.085
-0.033 0.005 0.087
0.025 0.013 0.043
0.045 0.013 0.047
0.023 -0.027 0.037
-0.027 -0.021 0.043
-0.033 -0.013 0.055
-0.013 -0.023 0.037
0.021 -0.025 0.041
-0.011 -0.019 0.053
-0.023 -0.019 0.083
-0.017 -0.017 0.083
-0.015 -0.023 0.093
0.005 -0.021 0.071
0.027 -0.019 0.067
-0.017 -0.023 0.099
-0.017 -0.013 0.103
0.017 -0.025 0.045
0.029 -0.021 0.039
0.025 -0.021 0.061
0.027 -0.011 0.049
0.047 -0.003 0.057
0.019 -0.019 0.075
0.039 -0.011 0.079
0.015 -0.021 0.085
0.021 -0.021 0.085
0.035 -0.017 0.077
0.045 -0.005 0.069
0.055 -0.007 0.075
0.053 -0.005 0.083
0.031 -0.017 0.041
0.033 -0.011 0.041
-0.015 -0.017 0.087
0.035 -0.017 0.069
0.021 -0.021 0.085
0.041 -0.005 0.039
0.047 -0.001 0.051
0.043 -0.003 0.055
-0.061 0.001 0.085
-0.051 -0.007 0.053
-0.047 0.007 0.101
-0.055 0.001 0.091
-0.057 -0.001 0.105
-0.053 -0.003 0.103
-0.051 0.003 0.107
-0.043 -0.011 0.101
-0.033 0.005 0.099
-0.031 -0.003 0.105
-0.019 -0.001 0.109
-0.047 -0.001 0.105
-0.019 -0.003 0.109
0.009 0.001 0.047
-0.015 -0.001 0.103
-0.013 -0.003 0.103
-0.025 0.001 0.105
-0.007 -0.003 0.073
0.015 -0.003 0.057
0.021 -0.001 0.075
0.023 -0.001 0.073
-0.001 -0.001 0.073
0.021 -0.013 0.095
-0.045 0.009 0.101
0.027 0.015 0.059
0.021 0.017 0.055
0.021 0.009 0.065
-0.043 -0.017 0.053
-0.051 -0.017 0.039
-0.051 0.001 0.043
-0.045 -0.013 0.055
-0.047 0.001 0.061
-0.049 -0.005 0.063
-0.037 -0.001 0.075
-0.041 -0.003 0.073
-0.027 0.001 0.075
-0.027 -0.019 0.083
-0.039 -0.009 0.105
-0.057 0.001 0.105
-0.043 -0.011 0.103
-0.049 0.005 0.055
-0.041 0.007 0.061
-0.037 -0.009 0.077
-0.039 -0.003 0.075
-0.003 -0.001 0.077
-0.059 0.007 0.087
-0.035 -0.001 0.077
-0.061 0.003 0.091
-0.059 0.007 0.087
-0.045 0.007 0.059
-0.039 0.011 0.037
-0.037 0.017 0.043
-0.041 0.011 0.041
0.021 0.005 0.061
0.019 0.015 0.039
-0.033 0.011 0.053
-0.049 0.001 0.059
-0.049 -0.005 0.063
-0.047 0.003 0.061
-0.027 0.003 0.069
-0.013 -0.005 0.067
-0.013 -0.001 0.063
-0.027 0.001 0.077
-0.053 0.007 0.091
-0.037 0.005 0.089
-0.015 -0.001 0.095
-0.043 -0.005 0.103
-0.039 -0.009 0.105
-0.027 -0.021 0.107
-0.017 -0.011 0.109
-0.019 0.001 0.107
0.001 0.001 0.063
0.015 -0.003 0.055
0.021 -0.001 0.053
0.007 -0.001 0.081
0.009 -0.009 0.091
0.015 -0.009 0.093
0.019 -0.005 0.091
0.043 -0.007 0.087
-0.041 0.011 0.041
-0.051 0.003 0.049
-0.047 0.011 0.085
-0.043 0.009 0.099
0.009 0.005 0.041
0.023 0.017 0.057
0.039 0.015 0.047
-0.045 -0.023 0.035
-0.043 -0.017 0.047
-0.017 -0.019 0.047
-0.007 -0.019 0.049
-0.029 -0.013 0.061
-0.033 -0.015 0.069
-0.043 -0.011 0.069
-0.039 -0.013 0.081
-0.039 -0.015 0.093
-0.035 -0.015 0.091
-0.025 -0.015 0.069
0.047 -0.001 0.049
0.043 -0.009 0.063
-0.001 -0.019 0.081
0.015 -0.019 0.075
0.035 -0.017 0.071
0.041 -0.009 0.083
-0.033 -0.021 0.041
-0.021 -0.023 0.041
-0.029 -0.013 0.053
-0.053 -0.005 0.085
-0.035 -0.015 0.087
-0.025 -0.019 0.085
0.007 -0.013 0.041
0.005 0.005 0.039
0.045 -0.007 0.061
-0.045 -0.023 0.035
-0.049 -0.009 0.045
-0.035 -0.021 0.035
-0.015 -0.023 0.035
-0.017 -0.017 0.055
-0.005 -0.019 0.075
-0.015 -0.025 0.089
-0.005 -0.015 0.081
-0.013 -0.025 0.101
0.033 -0.019 0.067
0.033 -0.019 0.071
0.005 -0.021 0.083
0.001 -0.019 0.083
0.009 -0.019 0.087
0.033 -0.015 0.085
0.025 -0.015 0.091
0.035 -0.013 0.085
0.051 -0.007 0.085
-0.011 0.005 0.031
-0.021 -0.023 0.041
-0.009 -0.009 0.033
-0.023 -0.017 0.049
-0.031 -0.015 0.071
-0.047 -0.009 0.097
-0.041 -0.013 0.097
0.023 -0.021 0.049
0.029 -0.013 0.053
0.031 -0.017 0.059
-0.011 -0.019 0.041
-0.029 -0.023 0.037
-0.017 -0.023 0.043
-0.023 -0.017 0.047
-0.039 -0.013 0.061
-0.025 -0.021 0.043
-0.027 -0.021 0.045
-0.023 -0.017 0.045
-0.019 -0.025 0.099
-0.017 -0.015 0.105
0.003 -0.019 0.085
-0.001 -0.021 0.073
0.009 -0.021 0.083
-0.017 -0.013 0.101
-0.025 -0.023 0.107
-0.025 -0.021 0.109
-0.017 -0.025 0.097
0.031 -0.019 0.063
0.037 -0.013 0.037
0.029 -0.005 0.049
0.015 -0.021 0.053
0.015 -0.019 0.059
0.035 -0.011 0.061
0.035 -0.015 0.063
0.049 -0.003 0.059
0.007 -0.019 0.071
0.009 -0.021 0.075
0.015 -0.019 0.075
0.007 -0.021 0.085
0.031 -0.013 0.091
0.035 -0.015 0.081
0.049 -0.009 0.085
0.055 -0.005 0.087
0.013 -0.017 0.059
0.023 -0.021 0.063
0.025 -0.021 0.061
-0.021 -0.015 0.105
-0.003 -0.017 0.113
0.047 -0.003 0.063
0.049 0.001 0.061
-0.045 0.003 0.035
-0.049 -0.017 0.041
-0.051 -0.007 0.047
-0.047 0.001 0.037
-0.049 -0.007 0.061
-0.049 -0.001 0.063
-0.045 -0.009 0.067
-0.045 -0.001 0.067
-0.061 0.005 0.085
-0.039 -0.003 0.075
-0.033 0.001 0.075
-0.015 -0.001 0.095
-0.031 0.013 0.051
-0.009 -0.001 0.069
-0.015 -0.001 0.059
-0.009 -0.001 0.065
-0.005 0.001 0.061
0.023 -0.001 0.059
-0.001 -0.003 0.083
0.003 -0.001 0.075
-0.027 0.003 0.089
0.011 -0.005 0.091
0.015 -0.003 0.089
0.051 -0.003 0.083
-0.039 0.013 0.035
-0.037 0.021 0.033
-0.055 0.013 0.087
-0.059 0.005 0.089
-0.023 0.001 0.101
0.019 0.013 0.053
0.021 0.007 0.067
-0.031 0.013 0.051
-0.019 0.009 0.049
-0.027 0.003 0.057
-0.033 0.005 0.069
-0.025 0.001 0.067
-0.003 -0.005 0.039
-0.017 -0.001 0.103
-0.001 -0.001 0.077
-0.023 -0.021 0.107
-0.023 -0.001 0.107
0.041 -0.001 0.031
0.045 0.007 0.059
0.029 -0.005 0.057
0.027 0.013 0.061
0.005 -0.005 0.059
0.031 -0.011 0.091
0.045 -0.005 0.077
0.043 -0.005 0.085
-0.033 0.017 0.045
-0.025 0.015 0.045
-0.013 0.011 0.043
-0.047 0.003 0.089
-0.053 0.011 0.089
-0.053 0.009 0.091
-0.029 0.003 0.073
-0.019 0.001 0.095
0.029 0.015 0.051
0.029 0.015 0.055
0.025 0.019 0.055
0.025 0.011 0.065
-0.041 0.007 0.035
-0.043 0.003 0.033
-0.047 0.007 0.041
-0.047 0.001 0.037
-0.051 0.001 0.047
-0.017 -0.007 0.063
-0.003 0.001 0.049
-0.033 0.005 0.067
-0.025 0.001 0.071
-0.037 0.007 0.097
-0.019 -0.001 0.091
-0.043 0.009 0.099
-0.023 -0.001 0.107
0.011 0.007 0.039
0.011 -0.001 0.049
0.003 -0.001 0.059
0.001 -0.009 0.089
0.011 -0.003 0.089
0.031 -0.003 0.081
0.031 -0.003 0.081
-0.019 0.011 0.049
-0.035 0.007 0.085
-0.053 0.009 0.101
0.015 0.013 0.035
0.025 0.011 0.035
0.001 0.001 0.061
0.025 0.017 0.059
0.039 0.001 0.065
