-0.029 -0.021 0.043
-0.025 -0.023 0.033
-0.021 -0.025 0.033
-0.017 -0.025 0.035
-0.023 -0.023 0.039
-0.019 -0.023 0.039
-0.017 -0.023 0.041
-0.011 -0.021 0.039
-0.013 -0.017 0.035
-0.009 -0.011 0.035
-0.007 -0.015 0.039
-0.045 -0.023 0.037
-0.045 -0.023 0.035
-0.035 -0.021 0.039
-0.033 -0.021 0.041
-0.041 -0.019 0.041
-0.045 -0.021 0.039
-0.047 -0.021 0.039
-0.043 -0.019 0.041
-0.041 -0.019 0.041
-0.033 -0.021 0.041
-0.035 -0.021 0.045
-0.033 -0.021 0.045
-0.029 -0.021 0.041
-0.037 -0.021 0.047
-0.039 -0.021 0.049
-0.035 -0.021 0.049
-0.037 -0.019 0.053
-0.045 -0.013 0.055
-0.047 -0.011 0.059
-0.045 -0.011 0.065
-0.041 -0.019 0.053
-0.039 -0.021 0.051
-0.039 -0.019 0.053
-0.045 -0.013 0.057
-0.035 -0.015 0.055
-0.033 -0.013 0.057
-0.039 -0.013 0.063
-0.041 -0.013 0.067
-0.029 -0.023 0.035
-0.027 -0.023 0.035
-0.029 -0.021 0.047
-0.019 -0.019 0.043
-0.011 -0.021 0.039
-0.013 -0.021 0.045
-0.015 -0.021 0.045
-0.013 -0.021 0.049
-0.019 -0.023 0.039
-0.023 -0.023 0.039
-0.023 -0.019 0.041
-0.017 -0.023 0.043
-0.023 -0.019 0.043
-0.015 -0.023 0.041
-0.011 -0.019 0.041
-0.009 -0.015 0.037
-0.011 -0.021 0.041
-0.003 -0.011 0.041
-0.005 -0.011 0.039
-0.003 -0.011 0.041
-0.003 -0.009 0.041
-0.003 -0.013 0.043
-0.015 -0.021 0.051
-0.011 -0.019 0.049
-0.009 -0.019 0.049
-0.013 -0.019 0.055
-0.015 -0.017 0.057
-0.011 -0.019 0.061
-0.007 -0.019 0.063
-0.001 -0.021 0.063
-0.027 -0.017 0.049
-0.031 -0.013 0.055
-0.025 -0.011 0.053
-0.017 -0.017 0.053
-0.025 -0.009 0.055
-0.019 -0.011 0.057
-0.015 -0.015 0.059
-0.013 -0.017 0.061
-0.007 -0.019 0.065
-0.027 -0.011 0.061
-0.025 -0.013 0.065
-0.011 -0.017 0.063
-0.009 -0.019 0.067
-0.009 -0.019 0.067
-0.023 -0.009 0.063
-0.003 -0.019 0.051
-0.005 -0.019 0.069
-0.003 -0.021 0.071
-0.041 -0.013 0.065
-0.039 -0.013 0.069
-0.041 -0.011 0.069
-0.037 -0.013 0.073
-0.037 -0.013 0.073
-0.037 -0.013 0.073
-0.035 -0.013 0.077
-0.031 -0.015 0.079
-0.033 -0.013 0.079
-0.025 -0.019 0.085
-0.039 -0.015 0.095
-0.047 -0.011 0.095
-0.045 -0.011 0.095
-0.035 -0.015 0.083
-0.031 -0.017 0.089
-0.035 -0.015 0.091
-0.037 -0.015 0.093
-0.025 -0.021 0.087
-0.021 -0.023 0.095
-0.035 -0.017 0.093
-0.039 -0.015 0.095
-0.031 -0.019 0.095
-0.027 -0.021 0.095
-0.033 -0.017 0.097
-0.025 -0.021 0.099
-0.035 -0.017 0.093
-0.035 -0.017 0.095
-0.027 -0.021 0.097
-0.029 -0.021 0.099
-0.009 -0.019 0.067
-0.001 -0.021 0.065
-0.003 -0.021 0.071
-0.001 -0.021 0.073
-0.027 -0.015 0.067
-0.023 -0.015 0.069
-0.019 -0.011 0.067
-0.019 -0.015 0.073
-0.019 -0.011 0.069
-0.017 -0.013 0.075
-0.029 -0.015 0.073
-0.027 -0.017 0.079
-0.017 -0.015 0.077
-0.017 -0.017 0.079
-0.015 -0.013 0.077
-0.013 -0.015 0.081
-0.013 -0.013 0.083
0.001 -0.021 0.075
0.001 -0.021 0.075
-0.001 -0.019 0.077
-0.011 -0.011 0.073
-0.003 -0.019 0.077
-0.015 -0.015 0.079
0.005 -0.021 0.083
0.007 -0.021 0.085
0.007 -0.021 0.085
0.007 -0.019 0.087
0.007 -0.019 0.087
-0.025 -0.021 0.087
-0.015 -0.025 0.089
-0.017 -0.025 0.089
-0.029 -0.021 0.097
-0.021 -0.023 0.089
-0.023 -0.023 0.091
-0.015 -0.025 0.089
-0.017 -0.025 0.095
-0.013 -0.025 0.097
0.001 -0.019 0.081
-0.017 -0.017 0.083
-0.017 -0.023 0.091
-0.011 -0.015 0.087
-0.011 -0.015 0.093
-0.013 -0.015 0.095
-0.011 -0.015 0.087
-0.003 -0.015 0.083
-0.003 -0.015 0.083
-0.011 -0.007 0.089
-0.013 -0.007 0.093
-0.011 -0.007 0.093
-0.005 -0.007 0.095
-0.053 -0.009 0.097
-0.055 -0.007 0.099
-0.051 -0.007 0.099
-0.051 -0.003 0.105
-0.039 -0.015 0.099
-0.039 -0.015 0.099
-0.039 -0.013 0.103
-0.033 -0.019 0.101
-0.045 -0.011 0.097
-0.039 -0.009 0.105
-0.027 -0.021 0.107
-0.039 -0.007 0.105
-0.037 -0.007 0.105
-0.029 -0.021 0.099
-0.023 -0.023 0.101
-0.023 -0.021 0.105
-0.017 -0.023 0.099
-0.015 -0.025 0.103
-0.015 -0.025 0.103
-0.015 -0.025 0.101
-0.023 -0.021 0.107
-0.023 -0.021 0.105
-0.023 -0.021 0.105
-0.017 -0.015 0.105
-0.015 -0.017 0.107
-0.015 -0.015 0.105
-0.013 -0.017 0.109
-0.011 -0.017 0.109
-0.025 -0.023 0.109
-0.021 -0.015 0.105
-0.015 -0.017 0.109
-0.021 -0.015 0.107
-0.021 -0.013 0.109
-0.011 -0.017 0.111
-0.011 -0.015 0.111
-0.017 -0.003 0.109
-0.013 -0.007 0.101
-0.019 -0.013 0.113
0.021 -0.027 0.039
0.037 -0.013 0.035
0.027 -0.023 0.039
0.019 -0.027 0.041
0.025 -0.021 0.047
0.027 -0.019 0.047
0.019 -0.023 0.045
0.019 -0.023 0.045
0.019 -0.021 0.051
0.013 -0.019 0.053
0.031 -0.019 0.037
0.031 -0.017 0.041
0.033 -0.015 0.039
0.029 -0.017 0.045
0.029 -0.015 0.047
0.029 -0.017 0.043
0.031 -0.015 0.043
0.031 -0.013 0.043
0.027 -0.015 0.049
0.031 -0.015 0.045
0.029 -0.015 0.047
0.029 -0.013 0.053
0.015 -0.021 0.053
0.015 -0.019 0.055
0.001 -0.019 0.057
0.013 -0.017 0.057
0.021 -0.021 0.053
0.025 -0.021 0.049
0.025 -0.019 0.053
0.029 -0.017 0.057
0.031 -0.019 0.061
0.027 -0.019 0.063
0.011 -0.019 0.053
0.013 -0.019 0.055
0.017 -0.017 0.063
0.009 -0.015 0.067
0.017 -0.017 0.065
0.027 -0.019 0.063
0.027 -0.021 0.069
0.035 -0.017 0.067
0.033 -0.017 0.035
0.039 -0.011 0.035
0.033 -0.017 0.037
0.041 -0.009 0.035
0.043 -0.003 0.035
0.041 -0.007 0.037
0.033 -0.003 0.043
0.041 -0.001 0.051
0.033 -0.013 0.059
0.035 -0.015 0.063
0.033 -0.017 0.065
0.035 -0.015 0.065
0.035 -0.015 0.063
0.043 -0.009 0.063
0.041 -0.009 0.063
0.041 -0.009 0.065
0.049 -0.001 0.053
0.005 -0.019 0.067
0.007 -0.019 0.073
0.021 -0.019 0.069
0.025 -0.021 0.073
0.029 -0.019 0.073
0.009 -0.015 0.067
0.011 -0.017 0.073
0.011 -0.017 0.073
0.011 -0.021 0.079
0.015 -0.019 0.075
0.017 -0.021 0.079
0.017 -0.021 0.083
0.023 -0.019 0.087
0.025 -0.021 0.073
0.035 -0.015 0.077
0.025 -0.021 0.083
0.027 -0.019 0.085
0.035 -0.015 0.081
0.003 -0.021 0.081
0.005 -0.021 0.081
0.007 -0.021 0.081
0.015 -0.021 0.087
0.011 -0.017 0.091
0.019 -0.021 0.083
0.023 -0.021 0.083
0.025 -0.021 0.083
0.027 -0.019 0.085
0.031 -0.017 0.085
0.023 -0.019 0.089
0.015 -0.015 0.093
0.017 -0.015 0.093
0.005 -0.015 0.089
0.009 -0.017 0.091
0.013 -0.017 0.091
0.015 -0.015 0.093
0.009 -0.013 0.093
0.011 -0.013 0.093
0.013 -0.015 0.093
0.015 -0.015 0.093
0.019 -0.015 0.093
0.027 -0.015 0.089
0.027 -0.013 0.091
0.025 -0.015 0.091
0.031 -0.013 0.089
0.031 -0.013 0.091
0.029 -0.013 0.091
0.031 -0.013 0.089
0.025 -0.013 0.093
0.023 -0.013 0.093
0.033 -0.019 0.069
0.035 -0.017 0.075
0.041 -0.011 0.067
0.037 -0.013 0.071
0.043 -0.011 0.071
0.039 -0.011 0.073
0.047 -0.009 0.073
0.037 -0.013 0.075
0.039 -0.011 0.075
0.035 -0.017 0.079
0.037 -0.013 0.079
0.043 -0.013 0.075
0.039 -0.011 0.075
0.037 -0.013 0.081
0.045 -0.011 0.075
0.047 -0.011 0.077
0.043 -0.011 0.079
0.051 -0.007 0.073
0.035 -0.013 0.087
0.035 -0.013 0.087
0.045 -0.011 0.081
0.045 -0.009 0.085
0.047 -0.007 0.087
0.053 -0.009 0.081
0.053 -0.007 0.085
0.057 -0.005 0.081
-0.017 -0.019 0.051
-0.011 -0.021 0.045
-0.003 -0.017 0.047
-0.001 -0.009 0.043
-0.035 -0.021 0.051
-0.035 -0.017 0.055
-0.039 -0.017 0.055
-0.037 -0.017 0.055
-0.033 -0.021 0.049
-0.033 -0.019 0.051
-0.031 -0.019 0.051
-0.033 -0.019 0.051
-0.021 -0.017 0.049
-0.023 -0.017 0.049
-0.021 -0.017 0.049
-0.021 -0.017 0.049
-0.023 -0.013 0.053
-0.033 -0.013 0.057
-0.031 -0.013 0.055
-0.027 -0.009 0.057
-0.023 -0.009 0.055
-0.039 -0.013 0.063
-0.025 -0.009 0.059
-0.023 -0.007 0.059
-0.035 -0.013 0.067
-0.021 -0.013 0.069
-0.015 -0.021 0.049
-0.011 -0.021 0.047
-0.011 -0.021 0.047
-0.007 -0.019 0.049
-0.013 -0.021 0.051
-0.007 -0.019 0.055
-0.007 -0.019 0.051
-0.005 -0.019 0.057
-0.007 -0.019 0.059
-0.001 -0.019 0.059
-0.005 -0.019 0.059
0.007 -0.013 0.049
0.001 -0.007 0.047
0.001 -0.015 0.053
-0.001 -0.019 0.057
0.003 -0.013 0.053
-0.009 -0.019 0.057
-0.009 -0.019 0.063
-0.007 -0.019 0.063
-0.005 -0.019 0.063
-0.013 -0.015 0.065
-0.011 -0.017 0.063
-0.021 -0.007 0.063
-0.017 -0.009 0.063
-0.005 -0.019 0.065
-0.007 -0.019 0.065
-0.023 -0.007 0.061
0.003 -0.019 0.063
0.003 -0.019 0.065
-0.001 -0.021 0.065
-0.001 -0.021 0.067
0.005 -0.017 0.065
0.005 -0.021 0.071
-0.031 -0.015 0.075
-0.023 -0.017 0.075
-0.021 -0.017 0.079
-0.053 -0.005 0.085
-0.057 -0.001 0.089
-0.045 -0.013 0.093
-0.049 -0.007 0.085
-0.039 -0.015 0.093
-0.039 -0.013 0.091
-0.035 -0.017 0.093
-0.041 -0.015 0.093
-0.035 -0.017 0.097
-0.029 -0.021 0.097
-0.037 -0.017 0.095
-0.047 -0.011 0.095
-0.045 -0.011 0.097
-0.047 -0.011 0.095
-0.041 -0.013 0.099
-0.031 -0.019 0.101
-0.033 -0.017 0.091
-0.029 -0.019 0.093
-0.025 -0.023 0.097
-0.027 -0.021 0.097
-0.027 -0.021 0.097
-0.023 -0.023 0.099
-0.021 -0.023 0.095
-0.021 -0.025 0.097
-0.029 -0.021 0.099
-0.033 -0.017 0.099
-0.023 -0.021 0.103
-0.017 -0.023 0.103
-0.017 -0.017 0.081
-0.015 -0.025 0.087
-0.015 -0.015 0.081
-0.013 -0.015 0.081
-0.013 -0.023 0.095
-0.013 -0.023 0.097
-0.015 -0.023 0.097
-0.015 -0.015 0.097
-0.043 -0.011 0.103
-0.047 -0.003 0.103
-0.043 -0.007 0.103
-0.049 -0.003 0.103
-0.047 -0.003 0.103
-0.047 -0.001 0.105
-0.041 -0.005 0.105
-0.049 -0.001 0.107
-0.035 -0.015 0.103
-0.039 -0.009 0.105
-0.035 -0.013 0.105
-0.025 -0.023 0.109
-0.023 -0.021 0.107
-0.033 -0.005 0.105
-0.025 -0.013 0.109
-0.025 -0.023 0.109
-0.025 -0.021 0.109
-0.021 -0.015 0.107
-0.017 -0.015 0.109
-0.015 -0.013 0.109
-0.017 -0.003 0.109
0.033 -0.013 0.041
0.035 -0.009 0.041
0.037 -0.007 0.039
0.037 -0.005 0.041
0.039 -0.005 0.041
0.013 -0.019 0.047
0.017 -0.021 0.053
0.023 -0.021 0.049
0.021 -0.021 0.053
0.019 -0.021 0.051
0.021 -0.021 0.053
0.027 -0.019 0.051
0.025 -0.019 0.053
0.025 -0.019 0.055
0.021 -0.021 0.059
0.025 -0.021 0.061
0.031 -0.013 0.043
0.029 -0.017 0.047
0.027 -0.013 0.049
0.029 -0.015 0.055
0.031 0.001 0.047
0.029 -0.001 0.047
0.029 -0.001 0.047
0.029 -0.013 0.055
0.031 -0.011 0.055
0.031 -0.019 0.061
0.027 -0.019 0.065
0.029 -0.019 0.063
0.027 -0.019 0.063
0.033 -0.019 0.067
0.035 -0.009 0.061
0.035 -0.015 0.069
0.037 -0.015 0.073
0.037 -0.013 0.075
0.035 -0.017 0.069
0.043 -0.001 0.035
0.043 0.003 0.037
0.039 -0.005 0.043
0.045 -0.001 0.043
0.047 0.001 0.045
0.047 -0.001 0.047
0.049 0.003 0.047
0.037 0.001 0.047
0.047 -0.003 0.055
0.033 0.003 0.049
0.041 -0.005 0.059
0.045 -0.007 0.061
0.045 -0.007 0.061
0.045 -0.007 0.063
0.045 -0.009 0.065
0.049 -0.003 0.059
0.049 -0.001 0.061
0.049 -0.001 0.061
0.031 -0.019 0.079
0.033 -0.017 0.079
0.031 -0.019 0.079
0.045 -0.007 0.071
