-0.035 -0.013 0.033
-0.039 -0.007 0.031
-0.037 -0.019 0.035
-0.031 -0.021 0.033
-0.021 -0.025 0.035
-0.031 -0.023 0.035
-0.049 -0.021 0.039
-0.049 -0.021 0.039
-0.045 -0.023 0.037
-0.043 -0.021 0.039
-0.033 -0.019 0.033
-0.033 -0.021 0.039
-0.037 -0.019 0.041
-0.035 -0.021 0.043
-0.039 -0.019 0.045
-0.051 -0.005 0.045
-0.049 -0.009 0.045
-0.041 -0.021 0.039
-0.045 -0.023 0.039
-0.049 -0.023 0.037
-0.049 -0.019 0.039
-0.047 -0.011 0.043
-0.051 -0.007 0.051
-0.051 -0.005 0.053
-0.041 -0.017 0.055
-0.037 -0.017 0.055
-0.021 -0.025 0.035
-0.019 -0.025 0.033
-0.029 -0.021 0.039
-0.027 -0.023 0.037
-0.017 -0.023 0.043
-0.013 -0.023 0.037
-0.017 -0.023 0.039
-0.013 -0.021 0.047
-0.031 -0.023 0.035
-0.027 -0.023 0.035
-0.021 -0.025 0.035
-0.033 -0.021 0.037
-0.021 -0.023 0.037
-0.013 -0.023 0.037
-0.015 -0.023 0.039
-0.011 -0.021 0.041
-0.007 -0.015 0.039
-0.011 -0.021 0.041
-0.015 -0.023 0.037
-0.013 -0.023 0.037
-0.013 -0.023 0.039
-0.011 -0.021 0.039
-0.005 -0.017 0.045
-0.003 -0.017 0.049
-0.005 -0.015 0.043
-0.007 -0.017 0.043
-0.005 -0.017 0.047
-0.029 -0.017 0.051
-0.023 -0.017 0.049
-0.019 -0.017 0.049
-0.017 -0.019 0.049
-0.017 -0.019 0.051
-0.015 -0.021 0.051
-0.005 -0.019 0.051
-0.005 -0.019 0.053
-0.027 -0.015 0.051
-0.025 -0.015 0.051
-0.031 -0.015 0.053
-0.017 -0.017 0.055
-0.019 -0.017 0.053
-0.019 -0.015 0.055
-0.021 -0.015 0.053
-0.027 -0.011 0.061
-0.025 -0.011 0.063
-0.017 -0.015 0.057
-0.027 -0.013 0.063
-0.023 -0.007 0.059
-0.015 -0.013 0.063
-0.015 -0.011 0.065
-0.043 -0.011 0.065
-0.041 -0.011 0.071
-0.039 -0.011 0.071
-0.037 -0.009 0.077
-0.035 -0.013 0.077
-0.035 -0.017 0.093
-0.035 -0.017 0.095
-0.057 -0.005 0.081
-0.051 -0.005 0.081
-0.051 -0.005 0.081
-0.051 -0.005 0.085
-0.057 -0.003 0.087
-0.041 -0.011 0.081
-0.041 -0.011 0.087
-0.035 -0.015 0.083
-0.033 -0.015 0.087
-0.047 -0.007 0.083
-0.039 -0.013 0.087
-0.043 -0.011 0.091
-0.037 -0.015 0.089
-0.039 -0.015 0.093
-0.041 -0.015 0.093
-0.043 -0.005 0.089
-0.035 -0.017 0.097
-0.041 -0.013 0.095
-0.039 -0.015 0.095
-0.035 -0.017 0.097
-0.021 -0.017 0.079
-0.007 -0.019 0.071
-0.001 -0.021 0.073
-0.005 -0.019 0.073
-0.001 -0.019 0.079
-0.023 -0.015 0.069
-0.031 -0.015 0.075
-0.023 -0.015 0.073
-0.023 -0.017 0.075
-0.025 -0.017 0.081
-0.013 -0.013 0.067
-0.009 -0.015 0.071
-0.015 -0.009 0.067
-0.009 -0.013 0.073
-0.009 -0.013 0.079
-0.017 -0.017 0.081
-0.007 -0.015 0.077
-0.021 -0.017 0.081
-0.023 -0.021 0.087
-0.025 -0.021 0.091
-0.029 -0.019 0.091
-0.017 -0.025 0.089
-0.017 -0.023 0.091
-0.029 -0.015 0.081
-0.033 -0.015 0.085
-0.031 -0.017 0.083
-0.033 -0.015 0.085
-0.033 -0.015 0.087
-0.033 -0.015 0.087
-0.025 -0.019 0.083
-0.023 -0.021 0.087
-0.025 -0.023 0.097
-0.015 -0.015 0.081
-0.003 -0.017 0.081
-0.001 -0.017 0.083
-0.019 -0.023 0.087
-0.011 -0.015 0.087
-0.019 -0.023 0.089
-0.015 -0.025 0.093
-0.019 -0.025 0.097
-0.053 -0.009 0.097
-0.049 -0.007 0.099
-0.055 -0.007 0.099
-0.053 -0.007 0.099
-0.055 -0.007 0.099
-0.051 -0.007 0.099
-0.045 -0.011 0.097
-0.043 -0.011 0.103
-0.039 -0.015 0.099
-0.047 -0.003 0.103
-0.043 -0.013 0.101
-0.035 -0.015 0.103
-0.025 -0.023 0.097
-0.027 -0.021 0.097
-0.029 -0.021 0.097
-0.031 -0.019 0.101
-0.019 -0.025 0.099
-0.021 -0.023 0.101
-0.023 -0.021 0.103
-0.023 -0.021 0.105
-0.015 -0.025 0.101
-0.013 -0.017 0.107
-0.009 -0.017 0.107
-0.027 -0.021 0.103
-0.019 -0.025 0.099
-0.025 -0.021 0.103
-0.021 -0.023 0.101
-0.019 -0.025 0.101
-0.021 -0.015 0.103
-0.027 -0.013 0.107
-0.025 -0.023 0.107
-0.017 -0.015 0.105
-0.019 -0.015 0.107
-0.033 -0.013 0.105
-0.031 -0.013 0.105
-0.029 -0.021 0.105
-0.033 -0.013 0.105
-0.027 -0.021 0.105
-0.027 -0.023 0.107
-0.013 -0.025 0.101
-0.019 -0.025 0.101
-0.013 -0.017 0.107
-0.003 -0.019 0.113
-0.023 -0.013 0.113
-0.023 -0.013 0.115
0.015 -0.015 0.033
0.011 -0.013 0.033
0.015 -0.015 0.033
0.021 -0.029 0.035
0.023 -0.029 0.037
0.029 -0.015 0.033
0.035 -0.015 0.033
0.039 -0.011 0.033
0.013 -0.027 0.039
0.011 -0.023 0.041
0.009 -0.017 0.043
0.013 -0.023 0.045
0.021 -0.029 0.035
0.021 -0.029 0.037
0.017 -0.027 0.039
0.021 -0.027 0.039
0.025 -0.025 0.039
0.019 -0.027 0.039
0.023 -0.029 0.037
0.023 -0.027 0.037
0.023 -0.025 0.039
0.025 -0.025 0.039
0.015 -0.027 0.041
0.017 -0.025 0.045
0.021 -0.021 0.045
0.025 -0.023 0.041
0.027 -0.023 0.041
0.009 -0.015 0.039
0.013 -0.017 0.037
0.009 -0.011 0.037
0.007 -0.013 0.041
0.007 -0.011 0.041
0.007 -0.013 0.043
0.007 -0.013 0.045
0.009 -0.017 0.047
0.007 -0.011 0.047
0.007 -0.013 0.045
0.007 -0.013 0.043
0.007 -0.013 0.045
0.021 -0.029 0.037
0.015 -0.027 0.037
0.013 -0.023 0.041
0.017 -0.025 0.043
0.029 -0.019 0.041
0.023 -0.021 0.047
0.013 -0.019 0.053
0.013 -0.017 0.057
0.019 -0.021 0.049
0.017 -0.021 0.051
0.023 -0.021 0.049
0.017 -0.019 0.061
0.025 -0.021 0.061
-0.001 -0.017 0.051
0.001 -0.019 0.057
0.009 -0.011 0.055
0.003 -0.019 0.061
0.011 -0.011 0.057
0.013 -0.015 0.061
-0.001 -0.019 0.061
-0.003 -0.019 0.061
0.001 -0.019 0.063
0.001 -0.019 0.065
0.011 -0.013 0.059
0.013 -0.011 0.061
0.025 -0.019 0.055
0.027 -0.019 0.057
0.019 -0.021 0.053
0.015 -0.013 0.065
0.015 -0.013 0.063
0.017 -0.017 0.063
0.025 -0.021 0.063
0.019 -0.019 0.065
0.031 -0.017 0.033
0.027 -0.023 0.037
0.031 -0.017 0.041
0.027 -0.021 0.043
0.031 -0.015 0.045
0.029 -0.017 0.043
0.029 -0.017 0.043
0.039 -0.001 0.053
0.045 -0.001 0.049
0.045 -0.003 0.053
0.029 -0.017 0.059
0.031 -0.019 0.065
0.031 -0.019 0.063
0.039 -0.005 0.059
0.031 -0.019 0.063
0.041 -0.005 0.057
0.045 -0.007 0.059
0.041 -0.005 0.057
0.041 -0.005 0.057
0.045 -0.007 0.059
0.043 -0.007 0.061
0.043 -0.009 0.065
0.001 -0.021 0.073
0.003 -0.021 0.073
0.005 -0.021 0.075
0.009 -0.019 0.073
0.011 -0.021 0.079
0.027 -0.019 0.067
0.019 -0.017 0.073
0.019 -0.019 0.075
0.017 -0.019 0.077
0.023 -0.021 0.077
0.015 -0.013 0.065
0.011 -0.017 0.071
-0.001 -0.021 0.071
0.005 -0.021 0.077
0.009 -0.021 0.077
0.017 -0.015 0.067
0.017 -0.015 0.067
0.017 -0.015 0.067
0.015 -0.013 0.065
0.017 -0.013 0.069
0.015 -0.017 0.073
0.015 -0.019 0.075
0.011 -0.021 0.081
0.015 -0.021 0.079
0.023 -0.021 0.077
0.005 -0.021 0.083
0.003 -0.021 0.081
0.007 -0.019 0.087
0.013 -0.021 0.083
0.005 -0.017 0.089
0.025 -0.021 0.083
0.017 -0.017 0.091
0.023 -0.019 0.089
-0.001 -0.015 0.085
-0.001 -0.015 0.087
0.007 -0.017 0.089
0.005 -0.017 0.089
0.003 -0.013 0.093
0.007 -0.015 0.091
0.011 -0.017 0.091
0.009 -0.013 0.093
0.001 -0.013 0.089
0.007 -0.017 0.089
0.009 -0.015 0.091
0.011 -0.021 0.083
0.011 -0.021 0.087
0.021 -0.021 0.087
0.021 -0.017 0.091
0.019 -0.017 0.091
0.015 -0.017 0.091
0.017 -0.015 0.093
0.027 -0.017 0.089
0.025 -0.013 0.093
0.037 -0.015 0.071
0.041 -0.011 0.067
0.027 -0.021 0.069
0.027 -0.021 0.073
0.043 -0.011 0.069
0.043 -0.011 0.073
0.041 -0.011 0.071
0.041 -0.011 0.071
0.035 -0.017 0.073
0.033 -0.019 0.077
0.033 -0.017 0.081
0.043 -0.011 0.073
0.027 -0.021 0.075
0.035 -0.015 0.081
0.027 -0.019 0.079
0.043 -0.011 0.083
0.043 -0.009 0.085
0.049 -0.009 0.085
0.051 -0.009 0.083
0.049 -0.009 0.085
0.055 -0.005 0.087
-0.037 -0.021 0.037
-0.021 -0.023 0.037
-0.015 -0.023 0.037
-0.051 -0.005 0.045
-0.045 -0.023 0.037
-0.037 -0.021 0.039
-0.043 -0.021 0.039
-0.049 -0.009 0.045
-0.043 -0.015 0.045
-0.039 -0.021 0.051
-0.041 -0.019 0.041
-0.043 -0.013 0.043
-0.043 -0.017 0.049
-0.051 -0.003 0.049
-0.051 -0.005 0.057
-0.047 -0.011 0.053
-0.049 -0.009 0.057
-0.043 -0.013 0.059
-0.045 -0.013 0.057
-0.039 -0.013 0.059
-0.047 -0.007 0.065
-0.029 -0.023 0.037
-0.033 -0.021 0.041
-0.023 -0.023 0.039
-0.031 -0.021 0.041
-0.033 -0.021 0.043
-0.029 -0.021 0.043
-0.029 -0.021 0.043
-0.027 -0.021 0.043
-0.025 -0.021 0.043
-0.023 -0.017 0.045
-0.027 -0.021 0.045
-0.037 -0.021 0.051
-0.035 -0.019 0.053
-0.033 -0.019 0.051
-0.017 -0.023 0.039
-0.021 -0.023 0.039
-0.011 -0.021 0.041
-0.015 -0.021 0.045
-0.015 -0.023 0.039
-0.021 -0.017 0.047
-0.035 -0.019 0.041
-0.033 -0.021 0.043
-0.033 -0.021 0.043
-0.033 -0.021 0.047
-0.033 -0.013 0.057
-0.021 -0.009 0.057
-0.019 -0.011 0.057
-0.035 -0.017 0.055
-0.025 -0.009 0.055
-0.029 -0.011 0.059
-0.031 -0.013 0.059
-0.033 -0.013 0.063
-0.017 -0.017 0.053
-0.011 -0.019 0.053
-0.007 -0.019 0.055
-0.013 -0.021 0.053
-0.017 -0.013 0.059
-0.007 -0.019 0.063
-0.041 -0.013 0.067
-0.037 -0.013 0.067
-0.039 -0.011 0.073
-0.039 -0.011 0.073
-0.037 -0.013 0.071
-0.059 -0.003 0.085
-0.059 -0.003 0.085
-0.059 -0.001 0.087
-0.053 -0.005 0.085
-0.057 -0.003 0.087
-0.059 0.001 0.089
-0.055 -0.003 0.087
-0.053 -0.003 0.089
-0.051 -0.005 0.089
-0.051 -0.005 0.089
-0.055 0.003 0.091
-0.043 -0.011 0.085
-0.047 -0.007 0.087
-0.045 -0.003 0.089
-0.047 -0.011 0.095
-0.043 -0.011 0.097
-0.039 -0.015 0.095
-0.037 -0.015 0.097
-0.039 -0.015 0.097
-0.033 -0.015 0.075
-0.005 -0.019 0.073
-0.035 -0.015 0.087
-0.025 -0.023 0.097
-0.053 -0.005 0.101
-0.049 -0.005 0.101
-0.047 -0.009 0.097
-0.041 -0.013 0.099
-0.043 -0.011 0.099
-0.039 -0.013 0.103
-0.039 -0.013 0.103
-0.049 -0.007 0.099
-0.031 -0.019 0.099
-0.033 -0.013 0.105
0.013 -0.017 0.035
0.011 -0.015 0.035
0.017 -0.027 0.037
0.015 -0.027 0.037
0.025 -0.025 0.037
0.005 0.001 0.035
0.007 -0.007 0.043
0.013 -0.017 0.037
0.015 -0.027 0.039
0.021 -0.027 0.039
0.015 -0.025 0.045
0.013 -0.019 0.039
0.009 -0.017 0.043
0.011 -0.023 0.043
0.013 -0.027 0.039
0.015 -0.021 0.051
0.013 -0.019 0.049
0.023 -0.021 0.049
0.019 -0.021 0.049
0.023 -0.021 0.051
0.021 -0.021 0.049
0.015 -0.021 0.053
0.009 -0.015 0.053
0.009 -0.013 0.055
0.011 -0.019 0.053
0.013 -0.019 0.055
0.013 -0.017 0.057
0.015 -0.021 0.053
0.019 -0.021 0.057
0.015 -0.015 0.063
0.015 -0.013 0.065
0.013 -0.013 0.061
0.013 -0.015 0.061
0.019 -0.019 0.063
0.017 -0.017 0.065
0.017 -0.015 0.065
0.025 -0.023 0.041
0.031 -0.017 0.041
0.021 -0.021 0.047
0.025 -0.019 0.051
0.023 -0.021 0.051
0.023 -0.021 0.051
0.039 0.001 0.045
0.037 0.001 0.045
0.039 0.001 0.049
0.035 0.001 0.049
0.041 -0.001 0.053
0.029 -0.017 0.055
0.031 -0.015 0.057
0.031 -0.019 0.061
0.031 -0.019 0.061
0.041 -0.007 0.061
0.043 -0.009 0.065
0.045 -0.001 0.051
0.045 -0.007 0.063
0.017 -0.013 0.069
0.017 -0.011 0.067
0.017 -0.013 0.071
0.015 -0.017 0.073
0.043 -0.009 0.067
