-0.053 -0.015 0.037
-0.049 -0.007 0.041
-0.049 -0.009 0.047
-0.045 -0.009 0.065
-0.051 -0.003 0.055
-0.051 0.003 0.049
-0.049 -0.001 0.061
-0.059 0.003 0.089
-0.045 -0.003 0.069
-0.061 -0.003 0.083
-0.057 -0.003 0.087
-0.045 -0.001 0.067
-0.059 -0.003 0.085
-0.053 -0.005 0.087
-0.057 -0.003 0.087
-0.059 -0.003 0.099
-0.061 0.003 0.091
-0.057 -0.001 0.105
-0.051 0.005 0.105
-0.059 0.009 0.087
-0.053 0.009 0.091
-0.051 0.007 0.105
-0.045 0.007 0.101
-0.057 -0.003 0.103
-0.041 -0.013 0.097
-0.057 -0.001 0.099
-0.049 0.003 0.107
-0.033 0.005 0.099
-0.041 -0.003 0.105
-0.039 -0.003 0.105
-0.033 -0.003 0.105
-0.057 -0.001 0.105
-0.051 -0.001 0.107
-0.037 -0.015 0.103
-0.035 -0.015 0.103
-0.029 -0.017 0.105
-0.021 -0.003 0.107
-0.023 -0.001 0.107
-0.021 0.003 0.055
-0.007 0.005 0.055
-0.059 0.003 0.093
-0.061 0.007 0.093
-0.053 0.011 0.089
-0.059 0.007 0.093
-0.033 0.005 0.065
-0.055 0.013 0.085
-0.051 0.011 0.087
-0.007 0.003 0.059
-0.055 0.011 0.089
0.009 0.003 0.047
-0.039 0.007 0.087
-0.057 0.009 0.089
-0.001 0.001 0.067
-0.049 0.003 0.089
0.019 -0.001 0.055
0.019 -0.001 0.059
0.025 -0.001 0.065
0.001 0.001 0.061
-0.057 0.001 0.105
-0.039 0.001 0.103
0.019 -0.001 0.085
0.013 -0.013 0.095
0.043 -0.005 0.081
-0.039 0.013 0.035
-0.039 0.015 0.039
-0.029 0.017 0.047
-0.049 0.005 0.041
-0.051 0.001 0.049
-0.049 0.003 0.041
-0.039 0.013 0.039
-0.037 0.021 0.041
-0.037 0.023 0.043
-0.023 0.011 0.051
-0.019 0.011 0.049
-0.041 0.005 0.067
-0.055 0.011 0.089
-0.061 0.003 0.087
-0.055 0.013 0.087
-0.057 0.011 0.087
-0.053 0.007 0.099
-0.011 0.007 0.049
0.017 0.013 0.041
0.015 0.013 0.039
0.007 0.005 0.039
0.003 0.013 0.037
0.005 0.013 0.039
0.015 0.003 0.051
0.019 0.015 0.051
0.019 0.013 0.053
0.021 0.017 0.047
0.011 0.001 0.049
0.013 0.005 0.051
0.023 0.017 0.057
0.041 0.009 0.057
0.021 0.009 0.065
-0.033 0.013 0.047
-0.041 0.009 0.051
-0.021 0.015 0.043
-0.039 0.009 0.049
-0.029 0.007 0.057
-0.045 0.007 0.057
-0.045 0.005 0.061
-0.037 0.007 0.061
-0.009 0.009 0.047
-0.007 0.005 0.051
-0.005 0.009 0.043
-0.005 0.003 0.045
-0.017 0.015 0.041
-0.001 -0.001 0.045
-0.019 0.003 0.055
-0.017 0.003 0.055
-0.021 0.003 0.055
-0.025 -0.001 0.065
-0.027 -0.001 0.061
-0.029 0.003 0.073
-0.041 0.001 0.071
-0.035 0.001 0.075
-0.039 0.007 0.095
-0.037 0.007 0.095
-0.039 0.007 0.095
-0.007 -0.001 0.073
-0.011 -0.001 0.067
-0.003 -0.001 0.077
-0.013 -0.011 0.081
-0.007 -0.005 0.089
-0.033 0.003 0.101
-0.031 0.003 0.103
-0.039 0.003 0.101
-0.045 0.003 0.103
-0.031 0.001 0.105
-0.017 -0.003 0.109
-0.015 -0.001 0.103
-0.015 -0.001 0.103
-0.011 -0.003 0.099
0.041 0.015 0.039
0.029 0.009 0.045
0.013 0.009 0.047
0.033 0.015 0.041
0.025 0.017 0.059
0.021 0.011 0.063
0.025 0.017 0.059
0.025 0.011 0.063
0.035 -0.005 0.063
0.001 -0.003 0.049
0.023 0.017 0.057
0.027 -0.003 0.053
0.043 0.015 0.043
0.039 0.015 0.045
0.049 0.003 0.061
0.017 -0.001 0.081
0.023 0.003 0.071
0.009 -0.009 0.067
0.011 -0.009 0.069
0.009 -0.007 0.069
0.007 -0.001 0.075
0.017 -0.005 0.075
0.021 0.007 0.069
0.023 0.009 0.067
0.009 -0.003 0.085
0.005 -0.005 0.089
0.011 -0.003 0.087
0.009 -0.007 0.091
0.007 -0.003 0.085
0.011 -0.005 0.091
0.039 -0.001 0.069
0.045 -0.005 0.071
0.049 -0.003 0.081
0.041 -0.003 0.073
0.053 -0.005 0.075
0.035 -0.007 0.081
0.033 -0.005 0.083
-0.019 0.015 0.035
-0.011 0.015 0.033
-0.047 0.005 0.039
-0.035 0.025 0.041
-0.029 0.021 0.039
-0.043 0.009 0.045
-0.045 0.009 0.049
-0.031 0.015 0.047
-0.043 0.009 0.053
-0.025 0.019 0.039
-0.019 0.015 0.037
-0.027 0.021 0.035
-0.009 0.013 0.039
-0.023 0.019 0.033
-0.031 0.021 0.045
-0.027 0.013 0.051
-0.005 0.003 0.053
-0.047 0.009 0.087
-0.053 0.011 0.089
-0.039 0.007 0.085
-0.033 0.007 0.085
-0.047 0.007 0.095
-0.033 0.005 0.089
-0.027 0.001 0.079
-0.031 0.005 0.085
-0.047 0.009 0.099
-0.021 0.001 0.099
0.013 0.011 0.037
0.005 0.015 0.035
0.009 0.015 0.037
0.009 0.015 0.033
0.031 0.015 0.039
0.033 0.013 0.047
0.025 0.017 0.047
0.035 0.015 0.035
0.039 0.011 0.033
0.035 0.015 0.041
0.041 0.003 0.063
0.049 0.007 0.057
0.025 -0.021 0.083
-0.035 -0.019 0.053
-0.045 -0.023 0.035
-0.013 -0.013 0.083
0.001 -0.019 0.085
0.015 -0.019 0.089
0.013 -0.015 0.093
-0.039 -0.019 0.053
-0.037 -0.019 0.053
-0.033 -0.017 0.053
-0.013 -0.013 0.097
-0.039 -0.015 0.057
0.025 -0.021 0.079
0.035 -0.013 0.087
0.031 -0.017 0.083
0.013 -0.017 0.091
-0.019 -0.019 0.101
-0.037 -0.007 0.105
-0.019 -0.011 0.115
-0.003 -0.019 0.113
-0.027 -0.017 0.105
-0.023 -0.017 0.101
-0.025 -0.005 0.105
-0.023 -0.009 0.111
-0.017 -0.005 0.107
-0.017 -0.017 0.081
0.007 -0.021 0.085
0.017 -0.009 0.093
0.011 -0.007 0.091
-0.021 -0.021 0.101
-0.021 -0.005 0.105
-0.013 -0.015 0.083
-0.001 -0.013 0.089
0.003 -0.015 0.089
-0.005 -0.007 0.095
-0.007 -0.007 0.089
-0.047 -0.005 0.101
-0.047 -0.003 0.103
-0.041 -0.003 0.105
-0.025 -0.023 0.109
-0.019 -0.023 0.103
-0.023 -0.021 0.105
-0.013 -0.015 0.111
-0.013 -0.005 0.103
0.017 -0.025 0.045
0.031 -0.017 0.041
0.033 -0.019 0.067
0.047 -0.007 0.065
0.029 -0.011 0.047
0.029 -0.007 0.045
0.031 -0.019 0.061
0.037 -0.011 0.083
0.031 -0.019 0.081
0.029 -0.009 0.089
0.045 -0.011 0.075
0.035 -0.011 0.085
0.049 -0.007 0.087
0.055 -0.007 0.079
0.047 -0.003 0.063
0.005 -0.021 0.081
0.029 -0.019 0.083
0.027 -0.011 0.093
0.019 -0.005 0.091
0.033 -0.015 0.085
0.031 -0.019 0.081
0.033 -0.017 0.081
0.023 -0.013 0.095
0.051 -0.009 0.083
0.055 -0.005 0.085
0.039 -0.011 0.081
0.045 -0.007 0.087
0.057 -0.005 0.081
0.023 -0.013 0.095
0.031 -0.009 0.089
0.021 -0.003 0.089
0.011 -0.011 0.095
-0.031 0.021 0.045
-0.015 -0.001 0.089
0.033 -0.007 0.085
0.023 0.005 0.071
0.031 -0.009 0.089
-0.025 0.019 0.041
-0.023 0.001 0.077
-0.035 0.001 0.105
-0.031 0.001 0.105
-0.013 -0.005 0.103
-0.019 -0.003 0.109
-0.049 0.005 0.105
-0.015 -0.001 0.103
0.053 -0.007 0.085
0.053 -0.009 0.079
0.053 -0.007 0.083
0.045 0.007 0.061
0.029 0.011 0.057
0.049 -0.005 0.087
0.029 0.013 0.053
0.025 0.005 0.063
0.027 0.017 0.055
0.047 0.001 0.047
0.045 0.013 0.047
0.047 0.003 0.063
0.047 0.009 0.057
0.057 -0.005 0.081
0.047 0.007 0.059
0.049 0.005 0.057
0.023 0.003 0.071
-0.023 -0.023 0.031
-0.043 -0.021 0.035
-0.047 -0.023 0.037
-0.047 -0.023 0.039
-0.043 -0.021 0.039
-0.029 -0.023 0.035
-0.037 -0.021 0.051
-0.035 -0.015 0.055
-0.019 -0.023 0.041
-0.015 -0.023 0.033
-0.013 -0.021 0.041
-0.009 -0.005 0.033
-0.011 -0.019 0.057
-0.049 -0.009 0.093
-0.043 -0.011 0.083
-0.039 -0.013 0.081
-0.045 -0.013 0.093
-0.041 -0.015 0.093
-0.029 -0.017 0.087
-0.007 -0.019 0.071
-0.019 -0.011 0.069
-0.019 -0.015 0.073
-0.007 -0.019 0.067
-0.021 -0.021 0.085
-0.029 -0.015 0.081
-0.013 -0.015 0.093
-0.013 -0.015 0.085
-0.023 -0.023 0.097
-0.017 -0.025 0.095
-0.017 -0.025 0.103
-0.007 -0.019 0.109
-0.025 -0.021 0.103
-0.015 -0.025 0.103
-0.011 -0.015 0.107
-0.009 -0.017 0.107
0.029 -0.009 0.031
0.039 -0.011 0.031
0.017 -0.025 0.043
0.019 -0.021 0.047
0.013 -0.013 0.033
0.019 -0.029 0.035
0.031 -0.015 0.043
0.023 -0.021 0.055
0.019 -0.021 0.057
0.023 -0.021 0.057
0.001 -0.013 0.049
0.029 -0.017 0.059
0.035 -0.015 0.037
0.035 -0.011 0.039
0.035 -0.009 0.041
0.041 -0.003 0.043
0.045 -0.001 0.045
0.029 -0.019 0.079
0.009 -0.021 0.079
0.027 -0.021 0.073
0.005 -0.019 0.085
0.009 -0.021 0.085
0.029 -0.015 0.089
0.029 -0.013 0.091
0.033 -0.019 0.075
0.035 -0.015 0.069
0.047 -0.003 0.067
0.037 -0.013 0.079
0.051 -0.007 0.073
0.055 -0.007 0.079
0.043 -0.007 0.087
-0.023 -0.017 0.047
-0.033 -0.013 0.063
-0.017 -0.023 0.041
-0.005 -0.007 0.037
-0.007 -0.017 0.043
-0.003 -0.013 0.043
-0.009 -0.019 0.053
-0.035 -0.013 0.065
-0.027 -0.015 0.069
-0.047 0.011 0.081
-0.019 -0.023 0.089
-0.049 -0.005 0.101
0.005 0.001 0.033
0.023 -0.023 0.041
0.025 -0.019 0.055
0.027 -0.019 0.061
0.027 -0.019 0.063
0.029 -0.013 0.053
0.043 -0.001 0.049
0.043 -0.001 0.051
0.045 -0.003 0.053
0.041 -0.009 0.063
0.045 -0.007 0.061
-0.041 0.005 0.033
-0.041 0.009 0.037
-0.039 0.013 0.037
-0.039 0.019 0.039
-0.039 0.017 0.039
-0.049 0.003 0.039
-0.049 0.005 0.047
-0.049 -0.001 0.059
-0.043 0.007 0.039
-0.035 0.011 0.049
-0.039 0.017 0.037
-0.029 0.021 0.039
-0.029 0.019 0.043
-0.021 0.001 0.055
-0.015 -0.005 0.063
-0.033 0.009 0.057
-0.033 0.007 0.061
-0.045 -0.003 0.069
-0.043 -0.003 0.071
-0.035 -0.007 0.079
-0.055 0.013 0.085
-0.043 0.009 0.083
-0.041 -0.009 0.091
-0.039 -0.005 0.091
-0.041 0.005 0.089
-0.033 0.005 0.067
-0.039 0.003 0.071
-0.033 0.003 0.071
-0.023 0.001 0.075
-0.007 -0.001 0.073
-0.027 0.003 0.087
-0.035 0.007 0.097
-0.031 0.005 0.095
-0.025 0.001 0.083
-0.021 0.001 0.085
-0.021 0.001 0.085
-0.021 0.001 0.087
-0.013 -0.001 0.093
-0.007 -0.005 0.095
-0.041 -0.001 0.105
-0.017 -0.001 0.101
0.021 0.015 0.035
0.027 0.013 0.035
0.007 -0.009 0.041
0.007 -0.005 0.041
0.009 -0.003 0.043
0.009 0.001 0.045
0.009 0.003 0.045
0.005 0.003 0.039
0.005 0.009 0.039
-0.001 -0.001 0.045
0.007 0.013 0.039
0.015 0.011 0.039
0.015 0.009 0.049
0.017 0.013 0.043
-0.003 0.003 0.053
-0.007 0.001 0.065
0.003 -0.001 0.059
0.011 -0.009 0.059
-0.007 0.003 0.059
0.015 -0.003 0.057
0.019 0.017 0.045
0.019 0.013 0.047
0.039 0.007 0.059
-0.005 0.001 0.069
0.011 -0.005 0.073
0.019 -0.007 0.071
0.005 -0.001 0.069
-0.001 0.001 0.069
0.017 -0.007 0.067
0.017 -0.005 0.067
0.011 -0.001 0.085
0.013 -0.005 0.091
0.025 -0.003 0.087
0.019 -0.005 0.091
0.021 0.003 0.069
0.031 -0.001 0.073
0.031 -0.009 0.089
0.051 -0.003 0.083
-0.029 0.021 0.035
-0.017 0.015 0.033
-0.049 0.005 0.047
-0.039 0.019 0.035
-0.035 0.023 0.037
-0.035 0.007 0.061
-0.029 0.021 0.037
-0.027 0.021 0.037
-0.035 0.025 0.041
-0.029 0.017 0.047
-0.031 0.007 0.059
-0.017 0.005 0.053
-0.045 0.003 0.067
-0.037 0.001 0.073
-0.061 0.001 0.083
-0.043 0.009 0.085
-0.031 0.001 0.075
-0.033 0.005 0.093
-0.023 0.001 0.101
0.009 0.015 0.033
0.005 0.015 0.037
0.013 0.013 0.033
0.015 0.013 0.039
0.019 0.011 0.055
0.023 0.017 0.057
0.033 0.015 0.039
0.039 0.015 0.039
0.041 0.011 0.055
