0.021 -0.027 0.039
-0.017 -0.025 0.033
-0.019 -0.023 0.031
-0.017 -0.019 0.031
0.021 -0.029 0.037
0.021 -0.029 0.037
0.023 -0.029 0.037
0.025 -0.025 0.037
0.023 -0.027 0.037
0.027 -0.021 0.037
0.027 -0.021 0.037
-0.043 -0.021 0.035
-0.045 -0.023 0.035
-0.019 -0.023 0.039
-0.021 -0.023 0.041
-0.029 -0.021 0.043
-0.021 -0.023 0.039
-0.025 -0.023 0.039
-0.029 -0.021 0.041
-0.021 -0.023 0.041
-0.013 -0.023 0.039
-0.011 -0.019 0.039
0.019 -0.027 0.041
0.015 -0.027 0.039
-0.015 -0.021 0.043
-0.027 -0.019 0.047
-0.031 -0.021 0.049
-0.035 -0.019 0.053
-0.035 -0.015 0.055
-0.031 -0.013 0.059
-0.027 -0.013 0.063
-0.033 -0.017 0.053
-0.031 -0.019 0.051
-0.029 -0.017 0.051
-0.035 -0.015 0.055
-0.033 -0.013 0.055
-0.033 -0.013 0.057
-0.035 -0.013 0.063
-0.001 -0.021 0.065
-0.019 -0.025 0.035
-0.019 -0.025 0.035
-0.029 -0.021 0.047
-0.011 -0.021 0.045
0.015 -0.027 0.041
-0.011 -0.021 0.043
-0.011 -0.021 0.045
-0.011 -0.021 0.047
0.013 -0.027 0.037
0.013 -0.027 0.039
0.021 -0.027 0.039
0.023 -0.025 0.039
0.025 -0.025 0.039
0.023 -0.025 0.039
0.027 -0.023 0.039
0.025 -0.025 0.039
0.019 -0.027 0.041
0.025 -0.021 0.043
0.029 -0.021 0.039
0.031 -0.019 0.039
0.029 -0.019 0.041
0.031 -0.017 0.041
-0.013 -0.021 0.049
-0.007 -0.019 0.049
-0.007 -0.019 0.049
-0.007 -0.019 0.055
-0.007 -0.019 0.057
-0.007 -0.019 0.061
-0.001 -0.021 0.063
0.003 -0.019 0.061
-0.013 -0.021 0.051
-0.007 -0.019 0.055
-0.001 -0.019 0.055
-0.005 -0.019 0.053
0.001 -0.019 0.057
0.017 -0.021 0.057
0.019 -0.021 0.057
0.023 -0.021 0.059
0.027 -0.019 0.059
-0.001 -0.019 0.061
0.001 -0.019 0.065
0.019 -0.021 0.059
0.023 -0.021 0.061
0.025 -0.021 0.061
0.003 -0.019 0.065
0.015 -0.021 0.051
0.025 -0.021 0.063
0.027 -0.019 0.065
-0.031 -0.015 0.065
-0.027 -0.015 0.067
0.001 -0.021 0.067
0.005 -0.021 0.071
-0.027 -0.015 0.073
-0.021 -0.015 0.073
-0.019 -0.015 0.075
-0.019 -0.017 0.079
0.009 -0.021 0.075
0.003 -0.021 0.079
-0.011 -0.015 0.089
-0.015 -0.021 0.093
-0.017 -0.017 0.093
-0.023 -0.019 0.083
-0.017 -0.017 0.085
-0.015 -0.017 0.087
-0.013 -0.015 0.087
0.005 -0.021 0.081
0.015 -0.021 0.085
-0.017 -0.019 0.089
-0.015 -0.021 0.093
-0.017 -0.019 0.091
-0.015 -0.017 0.091
-0.017 -0.019 0.093
-0.015 -0.015 0.093
-0.015 -0.017 0.089
-0.013 -0.015 0.089
-0.011 -0.015 0.089
-0.013 -0.015 0.095
-0.001 -0.021 0.067
-0.001 -0.021 0.065
0.001 -0.021 0.071
0.005 -0.021 0.071
-0.027 -0.015 0.067
-0.001 -0.021 0.067
0.005 -0.019 0.069
0.001 -0.021 0.071
0.003 -0.021 0.069
0.009 -0.019 0.071
-0.027 -0.015 0.073
-0.021 -0.017 0.077
0.003 -0.021 0.075
-0.015 -0.015 0.079
0.011 -0.017 0.073
0.015 -0.019 0.077
0.025 -0.021 0.079
0.033 -0.019 0.067
0.029 -0.019 0.069
0.027 -0.021 0.073
0.009 -0.019 0.073
0.013 -0.017 0.073
0.007 -0.021 0.079
0.033 -0.019 0.073
0.033 -0.019 0.077
0.033 -0.019 0.077
0.033 -0.017 0.079
0.035 -0.017 0.079
-0.015 -0.023 0.087
-0.015 -0.019 0.087
-0.015 -0.025 0.089
-0.013 -0.025 0.095
-0.015 -0.025 0.089
-0.019 -0.023 0.091
-0.015 -0.023 0.089
-0.013 -0.025 0.095
-0.015 -0.021 0.095
0.011 -0.021 0.081
-0.013 -0.015 0.083
0.021 -0.021 0.081
0.023 -0.021 0.083
0.023 -0.019 0.089
0.023 -0.019 0.089
0.017 -0.021 0.085
0.017 -0.021 0.081
0.017 -0.021 0.083
0.021 -0.019 0.089
0.019 -0.017 0.091
0.005 -0.013 0.093
0.015 -0.013 0.095
-0.013 -0.025 0.095
-0.017 -0.019 0.097
-0.017 -0.019 0.097
-0.017 -0.015 0.103
-0.013 -0.023 0.095
-0.015 -0.021 0.097
-0.019 -0.019 0.101
-0.017 -0.021 0.099
-0.017 -0.019 0.095
-0.017 -0.013 0.101
-0.025 -0.017 0.105
-0.017 -0.013 0.103
-0.017 -0.011 0.103
-0.019 -0.025 0.099
-0.013 -0.025 0.101
-0.015 -0.023 0.103
-0.015 -0.021 0.097
-0.017 -0.021 0.101
-0.013 -0.025 0.103
-0.013 -0.025 0.101
-0.021 -0.015 0.103
-0.025 -0.017 0.103
-0.021 -0.015 0.103
-0.017 -0.011 0.103
-0.019 -0.007 0.103
-0.015 -0.007 0.101
-0.009 -0.007 0.103
-0.007 -0.007 0.103
-0.021 -0.015 0.105
-0.015 -0.015 0.105
-0.015 -0.011 0.105
-0.015 -0.011 0.105
-0.021 -0.005 0.105
-0.017 -0.005 0.107
-0.017 -0.003 0.107
-0.019 -0.001 0.109
-0.005 -0.007 0.101
-0.003 -0.019 0.111
0.021 -0.015 0.033
0.041 -0.009 0.033
0.029 -0.021 0.039
0.021 -0.025 0.041
0.027 -0.019 0.047
0.027 -0.019 0.047
0.033 -0.017 0.037
0.033 -0.013 0.039
0.033 -0.013 0.041
0.027 -0.017 0.049
0.033 -0.017 0.035
0.041 -0.009 0.035
0.041 -0.009 0.035
0.037 -0.009 0.039
0.035 -0.007 0.041
0.031 -0.017 0.041
0.031 -0.015 0.043
0.033 -0.011 0.041
0.029 -0.013 0.047
0.031 -0.015 0.045
0.033 -0.007 0.041
0.029 -0.005 0.047
0.017 -0.021 0.053
0.023 -0.021 0.055
0.003 -0.017 0.057
0.023 -0.021 0.057
0.021 -0.021 0.053
0.027 -0.019 0.049
0.025 -0.019 0.053
0.029 -0.017 0.057
0.031 -0.017 0.059
0.029 -0.019 0.063
0.025 -0.019 0.051
0.025 -0.019 0.053
0.031 -0.019 0.061
0.033 -0.017 0.065
0.033 -0.017 0.063
0.031 -0.007 0.055
0.035 -0.011 0.061
0.043 -0.009 0.063
0.033 -0.017 0.035
0.041 -0.009 0.035
0.035 -0.015 0.037
0.041 -0.009 0.035
0.043 -0.001 0.035
0.041 -0.007 0.037
0.041 -0.003 0.043
0.043 -0.001 0.051
0.033 -0.011 0.059
0.033 -0.013 0.061
0.035 -0.015 0.063
0.035 -0.013 0.063
0.035 -0.011 0.061
0.047 -0.005 0.059
0.045 -0.007 0.061
0.047 -0.005 0.061
0.049 -0.001 0.053
0.005 -0.017 0.065
0.011 -0.017 0.071
0.029 -0.019 0.069
0.027 -0.021 0.073
0.033 -0.019 0.073
0.033 -0.019 0.067
0.035 -0.017 0.067
0.035 -0.017 0.067
0.035 -0.017 0.071
0.035 -0.017 0.069
0.035 -0.017 0.071
0.035 -0.017 0.075
0.037 -0.013 0.079
0.035 -0.013 0.065
0.045 -0.009 0.071
0.037 -0.013 0.075
0.039 -0.011 0.077
0.047 -0.011 0.075
0.007 -0.021 0.081
0.009 -0.021 0.081
0.009 -0.021 0.081
0.021 -0.021 0.087
0.013 -0.017 0.091
0.021 -0.021 0.083
0.025 -0.021 0.083
0.025 -0.021 0.083
0.027 -0.019 0.085
0.031 -0.017 0.085
0.037 -0.011 0.083
0.033 -0.013 0.087
0.035 -0.013 0.087
0.023 -0.019 0.089
0.025 -0.017 0.089
0.019 -0.017 0.091
0.025 -0.015 0.091
0.029 -0.015 0.089
0.025 -0.015 0.091
0.029 -0.015 0.089
0.027 -0.013 0.091
0.033 -0.013 0.089
0.035 -0.009 0.085
0.031 -0.007 0.087
0.027 -0.013 0.091
0.033 -0.013 0.089
0.031 -0.013 0.091
0.033 -0.011 0.089
0.033 -0.013 0.089
0.027 -0.013 0.093
0.033 -0.011 0.089
0.033 -0.019 0.069
0.035 -0.017 0.075
0.041 -0.009 0.065
0.045 -0.009 0.067
0.047 -0.005 0.067
0.045 -0.009 0.069
0.045 -0.007 0.071
0.043 -0.011 0.073
0.045 -0.011 0.075
0.037 -0.013 0.077
0.037 -0.013 0.079
0.043 -0.011 0.073
0.045 -0.011 0.073
0.047 -0.011 0.077
0.049 -0.007 0.073
0.049 -0.009 0.075
0.047 -0.011 0.077
0.051 -0.007 0.073
0.035 -0.011 0.085
0.035 -0.011 0.087
0.047 -0.011 0.081
0.049 -0.009 0.085
0.049 -0.007 0.087
0.055 -0.007 0.081
0.055 -0.005 0.085
0.057 -0.005 0.081
0.031 -0.017 0.039
0.027 -0.021 0.037
0.035 -0.011 0.039
0.037 -0.011 0.037
0.017 -0.025 0.045
0.015 -0.021 0.049
-0.005 -0.017 0.049
0.015 -0.021 0.051
0.017 -0.025 0.045
0.017 -0.025 0.045
0.023 -0.021 0.045
0.019 -0.023 0.045
0.027 -0.021 0.043
0.027 -0.021 0.043
0.031 -0.017 0.041
0.031 -0.017 0.041
0.029 -0.017 0.047
0.021 -0.021 0.053
0.025 -0.021 0.049
0.027 -0.017 0.051
0.027 -0.013 0.049
0.001 -0.019 0.059
0.029 -0.017 0.055
0.029 -0.017 0.055
0.003 -0.017 0.061
0.029 -0.019 0.063
0.029 -0.021 0.039
0.031 -0.019 0.039
0.031 -0.019 0.039
0.031 -0.017 0.041
0.029 -0.017 0.043
0.033 -0.011 0.043
0.031 -0.015 0.041
0.031 -0.013 0.045
0.029 -0.011 0.047
0.029 -0.011 0.047
0.027 -0.009 0.047
0.039 -0.007 0.039
0.033 -0.009 0.043
0.029 -0.013 0.047
0.029 -0.013 0.047
0.029 -0.007 0.045
0.033 -0.009 0.043
0.027 -0.007 0.049
0.027 -0.009 0.049
0.027 -0.007 0.049
0.027 -0.019 0.059
0.027 -0.019 0.057
0.029 -0.017 0.057
0.031 -0.015 0.057
0.029 -0.013 0.053
0.029 -0.011 0.053
0.025 -0.021 0.061
0.029 -0.013 0.053
0.029 -0.013 0.055
0.029 -0.017 0.057
0.029 -0.017 0.059
0.031 -0.015 0.057
0.033 -0.017 0.063
0.009 -0.017 0.069
0.023 -0.019 0.067
0.025 -0.021 0.071
-0.015 -0.015 0.083
-0.015 -0.017 0.087
0.011 -0.021 0.085
-0.013 -0.015 0.083
0.017 -0.021 0.083
0.013 -0.021 0.083
0.015 -0.021 0.083
0.015 -0.021 0.085
0.017 -0.021 0.087
0.025 -0.021 0.083
0.025 -0.021 0.083
0.011 -0.021 0.087
0.013 -0.021 0.087
-0.013 -0.015 0.091
0.009 -0.019 0.089
0.021 -0.021 0.087
0.015 -0.021 0.083
0.023 -0.021 0.083
0.019 -0.021 0.087
0.021 -0.021 0.085
0.021 -0.021 0.087
0.021 -0.021 0.087
0.025 -0.021 0.083
0.025 -0.021 0.083
0.015 -0.021 0.087
0.017 -0.021 0.087
-0.013 -0.007 0.095
0.021 -0.017 0.091
0.027 -0.021 0.073
0.027 -0.021 0.075
0.027 -0.021 0.075
0.027 -0.021 0.075
0.023 -0.019 0.085
0.023 -0.019 0.087
0.025 -0.019 0.087
0.023 -0.019 0.089
-0.013 -0.013 0.097
-0.015 -0.009 0.097
-0.015 -0.009 0.097
-0.015 -0.015 0.099
-0.015 -0.013 0.099
-0.015 -0.007 0.099
-0.009 -0.007 0.099
-0.017 -0.011 0.103
-0.015 -0.011 0.095
-0.015 -0.011 0.099
-0.015 -0.011 0.099
-0.017 -0.009 0.099
-0.007 -0.007 0.095
-0.011 -0.007 0.101
-0.011 -0.007 0.101
0.011 -0.013 0.095
-0.007 -0.007 0.097
-0.007 -0.007 0.099
-0.005 -0.007 0.101
-0.019 -0.001 0.105
-0.019 0.001 0.107
0.043 -0.005 0.033
0.041 0.003 0.033
0.041 0.003 0.033
0.041 0.005 0.033
0.041 0.007 0.033
0.033 -0.013 0.039
0.033 -0.009 0.043
0.037 -0.009 0.039
0.035 -0.007 0.041
0.039 -0.007 0.039
0.043 -0.005 0.037
0.043 -0.001 0.039
0.041 -0.003 0.043
0.039 -0.005 0.043
0.029 -0.005 0.049
0.031 0.001 0.047
0.043 -0.005 0.035
0.043 -0.005 0.037
0.045 -0.001 0.041
0.033 -0.001 0.045
0.041 -0.001 0.045
0.031 0.001 0.047
0.037 0.001 0.047
0.043 -0.001 0.045
0.047 0.001 0.045
0.047 -0.001 0.047
0.021 0.005 0.051
0.019 0.003 0.051
0.019 0.003 0.051
0.049 -0.001 0.053
0.049 0.003 0.051
0.049 -0.003 0.059
0.047 -0.001 0.063
0.047 0.003 0.063
0.049 0.001 0.053
0.043 0.001 0.035
0.043 0.005 0.035
0.045 0.007 0.037
0.041 0.013 0.035
0.047 0.005 0.041
0.047 0.001 0.047
0.047 0.005 0.045
0.047 0.005 0.043
0.049 0.009 0.047
0.047 -0.001 0.051
0.049 -0.001 0.055
0.049 0.005 0.053
0.049 0.003 0.055
0.049 0.005 0.053
0.049 0.003 0.057
0.049 0.007 0.051
0.049 0.003 0.059
0.047 0.009 0.057
0.045 -0.007 0.069
0.045 -0.005 0.069
0.047 -0.005 0.067
0.047 -0.001 0.067
