-0.017 -0.023 0.031
-0.045 -0.023 0.039
-0.043 -0.021 0.039
-0.027 -0.023 0.033
-0.013 -0.021 0.045
-0.013 -0.021 0.045
-0.015 -0.019 0.033
0.015 -0.025 0.045
-0.025 -0.017 0.049
-0.029 -0.013 0.061
-0.027 -0.011 0.061
-0.011 -0.019 0.057
-0.007 -0.019 0.057
-0.003 -0.019 0.059
0.001 -0.019 0.063
0.005 -0.017 0.063
-0.027 -0.017 0.075
-0.031 -0.019 0.095
-0.049 -0.007 0.083
-0.049 -0.007 0.085
-0.035 -0.015 0.085
-0.039 -0.013 0.081
-0.037 -0.013 0.081
-0.031 -0.017 0.083
-0.025 -0.017 0.081
-0.019 -0.025 0.093
-0.015 -0.025 0.089
-0.001 -0.021 0.071
-0.003 -0.021 0.069
-0.025 -0.013 0.065
-0.023 -0.015 0.073
-0.003 -0.019 0.079
0.001 -0.021 0.077
-0.015 -0.025 0.087
-0.015 -0.021 0.091
-0.015 -0.017 0.089
-0.001 -0.013 0.091
-0.005 -0.007 0.095
0.003 -0.013 0.093
-0.025 -0.023 0.101
-0.039 -0.015 0.099
-0.029 -0.021 0.099
-0.017 -0.013 0.101
-0.017 -0.009 0.101
-0.017 -0.005 0.107
-0.013 -0.005 0.103
-0.009 -0.007 0.103
0.037 -0.013 0.031
0.023 -0.025 0.035
0.021 -0.023 0.043
0.027 -0.023 0.041
0.025 -0.021 0.043
0.031 -0.013 0.043
0.017 -0.019 0.061
0.021 -0.021 0.061
0.011 -0.019 0.049
0.017 -0.021 0.051
0.027 -0.019 0.057
0.047 -0.003 0.053
0.005 -0.021 0.073
0.033 -0.019 0.069
0.023 -0.019 0.065
0.021 -0.019 0.071
0.021 -0.019 0.077
0.033 -0.019 0.077
0.013 -0.019 0.089
0.023 -0.021 0.079
0.019 -0.015 0.093
0.023 -0.019 0.089
0.035 -0.015 0.079
0.035 -0.013 0.085
0.041 -0.009 0.065
0.043 -0.009 0.067
0.037 -0.013 0.075
0.041 -0.011 0.077
0.045 -0.011 0.079
0.047 -0.009 0.073
0.037 -0.009 0.083
-0.015 -0.019 0.033
-0.023 -0.023 0.039
-0.003 -0.017 0.047
-0.019 -0.017 0.053
-0.011 -0.019 0.053
-0.005 -0.019 0.055
-0.027 -0.011 0.061
-0.007 -0.015 0.039
-0.005 -0.011 0.039
0.001 -0.011 0.047
0.013 -0.027 0.037
0.019 -0.027 0.041
0.017 -0.021 0.047
-0.007 -0.007 0.035
-0.003 -0.015 0.045
-0.003 -0.019 0.055
0.001 -0.015 0.053
0.003 -0.013 0.053
0.007 -0.013 0.063
-0.039 -0.013 0.083
-0.051 -0.005 0.089
-0.027 -0.021 0.089
-0.019 -0.017 0.081
-0.015 -0.015 0.081
-0.017 -0.017 0.083
-0.015 -0.017 0.089
-0.023 -0.023 0.097
-0.021 -0.023 0.095
-0.015 -0.025 0.093
-0.015 -0.015 0.095
0.043 -0.007 0.033
0.027 -0.023 0.037
0.029 -0.021 0.039
0.031 -0.019 0.039
0.027 -0.017 0.035
0.043 -0.003 0.041
0.033 -0.001 0.045
0.029 -0.011 0.053
0.029 -0.005 0.049
0.039 -0.005 0.059
0.043 -0.007 0.059
0.047 0.005 0.041
0.049 0.007 0.047
0.049 0.005 0.049
-0.027 0.019 0.039
-0.025 0.019 0.039
-0.009 0.013 0.041
-0.007 0.011 0.041
-0.005 0.013 0.037
-0.005 0.013 0.037
-0.033 0.019 0.045
-0.037 0.011 0.047
-0.025 0.019 0.041
-0.033 0.013 0.047
-0.035 0.011 0.051
-0.047 0.007 0.051
-0.033 0.007 0.059
-0.013 0.011 0.043
-0.011 0.009 0.045
-0.009 0.009 0.047
-0.021 0.009 0.051
-0.021 0.015 0.041
-0.021 0.015 0.039
-0.017 0.015 0.039
-0.005 0.009 0.043
-0.001 -0.001 0.045
-0.003 0.001 0.055
-0.011 0.001 0.061
-0.027 0.001 0.059
-0.043 0.001 0.069
-0.045 0.007 0.095
-0.035 0.007 0.087
-0.031 0.003 0.093
-0.033 0.005 0.093
-0.035 0.007 0.097
0.003 -0.001 0.075
0.003 -0.001 0.081
-0.025 -0.001 0.067
-0.009 -0.003 0.071
-0.013 -0.003 0.085
-0.013 -0.003 0.087
-0.017 -0.001 0.097
-0.013 -0.001 0.093
-0.025 0.003 0.085
-0.017 -0.003 0.081
-0.021 -0.001 0.091
-0.019 -0.001 0.089
-0.015 -0.001 0.089
-0.051 0.009 0.103
-0.047 0.009 0.099
-0.031 0.003 0.101
-0.045 0.003 0.103
-0.019 -0.001 0.103
-0.019 -0.001 0.105
-0.017 -0.011 0.105
-0.017 -0.011 0.109
-0.019 -0.001 0.105
-0.015 -0.001 0.101
-0.005 -0.007 0.101
-0.015 -0.011 0.105
0.039 0.015 0.037
0.041 0.013 0.037
0.017 0.011 0.051
0.031 0.009 0.047
0.031 0.011 0.045
0.011 0.007 0.045
0.011 0.005 0.049
0.025 0.015 0.045
0.029 -0.005 0.049
0.029 -0.001 0.047
0.013 -0.003 0.053
0.019 0.013 0.059
0.007 -0.007 0.063
0.029 0.013 0.059
0.029 -0.001 0.065
0.003 -0.005 0.053
0.003 -0.009 0.053
0.005 -0.005 0.057
0.029 -0.005 0.053
0.031 -0.005 0.057
0.031 -0.005 0.055
0.027 -0.003 0.053
0.027 -0.003 0.059
0.043 0.015 0.043
0.043 0.015 0.045
0.045 0.011 0.041
0.043 0.009 0.059
0.049 0.003 0.061
0.007 -0.005 0.067
0.013 -0.001 0.081
0.015 -0.001 0.079
0.029 -0.001 0.075
0.025 -0.001 0.083
0.023 0.003 0.071
0.023 -0.001 0.071
0.023 -0.001 0.085
0.023 -0.005 0.089
0.009 -0.005 0.089
0.011 -0.005 0.091
0.019 -0.009 0.093
0.031 -0.011 0.091
0.039 -0.005 0.071
0.041 -0.005 0.075
0.055 -0.005 0.077
0.035 -0.011 0.087
0.051 -0.003 0.085
-0.007 0.015 0.035
-0.037 0.023 0.039
-0.047 0.007 0.051
-0.039 0.009 0.053
-0.045 0.005 0.063
-0.043 0.007 0.061
-0.013 0.015 0.037
-0.025 0.021 0.033
-0.027 0.019 0.045
-0.029 0.019 0.045
-0.021 0.005 0.053
-0.019 0.011 0.049
-0.027 0.001 0.063
-0.033 0.005 0.067
-0.033 0.005 0.069
-0.049 0.011 0.087
-0.033 0.005 0.089
-0.005 0.001 0.067
-0.027 0.003 0.085
-0.049 0.009 0.097
-0.045 0.009 0.097
-0.035 0.001 0.105
-0.025 0.003 0.097
0.037 0.013 0.035
0.041 0.013 0.035
0.037 0.013 0.033
0.011 0.005 0.047
0.033 0.013 0.047
0.023 0.017 0.057
0.023 0.013 0.063
0.023 0.017 0.049
0.023 0.019 0.055
0.041 0.009 0.033
0.037 0.013 0.033
0.037 0.011 0.051
0.049 0.003 0.057
0.049 0.003 0.061
0.025 0.007 0.067
-0.041 0.009 0.055
-0.033 0.011 0.051
-0.049 -0.015 0.041
-0.049 -0.001 0.059
-0.053 -0.015 0.037
-0.051 -0.005 0.049
-0.049 0.005 0.043
-0.051 -0.003 0.053
-0.049 -0.005 0.059
-0.049 0.003 0.057
-0.037 0.005 0.067
-0.033 0.005 0.069
-0.035 0.005 0.067
-0.027 0.005 0.057
-0.021 0.009 0.051
-0.035 0.003 0.071
-0.031 0.003 0.073
-0.027 0.001 0.077
-0.025 0.001 0.077
-0.041 0.005 0.065
-0.017 -0.005 0.059
-0.023 0.001 0.075
-0.057 0.013 0.085
-0.061 0.007 0.091
-0.051 -0.003 0.093
-0.055 0.001 0.099
-0.047 0.009 0.099
-0.041 0.005 0.089
-0.047 0.009 0.099
-0.043 0.009 0.095
-0.047 0.005 0.103
-0.019 -0.001 0.091
-0.043 0.009 0.095
-0.025 0.001 0.077
-0.039 0.007 0.099
-0.039 0.003 0.101
-0.045 0.001 0.103
-0.049 0.005 0.105
-0.041 -0.001 0.103
-0.035 0.001 0.105
-0.049 0.009 0.101
-0.031 0.005 0.087
-0.021 0.001 0.095
-0.033 0.005 0.099
-0.015 -0.001 0.089
-0.023 0.001 0.103
-0.059 -0.001 0.101
-0.055 -0.001 0.105
-0.049 0.001 0.107
-0.005 -0.015 0.113
-0.021 0.001 0.105
-0.025 -0.009 0.111
-0.007 -0.017 0.113
-0.009 0.001 0.063
-0.001 0.001 0.061
-0.003 0.003 0.053
0.009 -0.003 0.041
0.009 0.005 0.045
0.017 -0.005 0.073
-0.001 0.001 0.061
0.001 0.001 0.069
0.021 -0.001 0.063
0.019 -0.001 0.057
0.023 -0.001 0.053
0.019 0.011 0.057
0.019 0.011 0.055
0.019 0.013 0.057
0.021 0.015 0.057
0.025 0.015 0.061
0.023 0.007 0.071
0.039 0.001 0.065
0.001 -0.007 0.087
0.009 -0.003 0.085
0.005 -0.003 0.085
0.007 -0.003 0.085
0.005 -0.005 0.089
0.007 -0.001 0.079
0.009 -0.001 0.081
0.017 -0.005 0.073
0.027 -0.001 0.075
0.017 -0.011 0.095
0.007 -0.009 0.091
0.021 -0.011 0.095
0.021 -0.005 0.091
0.023 -0.001 0.083
0.029 -0.001 0.073
0.027 -0.001 0.075
0.041 -0.001 0.069
0.049 -0.003 0.081
0.025 -0.005 0.089
-0.039 0.013 0.043
-0.035 0.015 0.045
-0.035 0.019 0.043
-0.047 0.007 0.053
-0.037 0.017 0.043
-0.019 0.013 0.045
-0.019 0.011 0.049
-0.011 0.007 0.049
-0.029 0.019 0.045
-0.029 0.009 0.055
-0.029 0.005 0.063
-0.007 0.003 0.059
-0.041 0.005 0.089
-0.045 0.007 0.089
-0.043 0.009 0.085
-0.057 0.001 0.105
-0.053 0.005 0.105
0.005 0.009 0.039
0.013 0.013 0.035
0.015 0.009 0.039
0.017 0.005 0.051
0.037 0.015 0.041
0.041 0.013 0.049
0.023 0.015 0.061
0.039 0.003 0.057
0.039 0.007 0.057
0.047 0.011 0.051
0.041 0.007 0.061
0.043 0.007 0.061
-0.019 -0.025 0.035
-0.051 -0.021 0.033
-0.049 -0.021 0.039
-0.033 -0.021 0.037
-0.051 -0.005 0.045
-0.049 -0.023 0.037
-0.043 -0.019 0.041
-0.039 -0.021 0.049
-0.049 -0.011 0.049
-0.049 -0.007 0.061
-0.037 -0.017 0.055
-0.045 -0.013 0.057
-0.015 -0.023 0.037
-0.013 -0.023 0.039
-0.019 -0.025 0.035
-0.003 -0.015 0.045
-0.011 -0.019 0.059
-0.021 -0.015 0.053
-0.025 -0.009 0.055
-0.023 -0.007 0.057
-0.027 -0.013 0.063
-0.021 -0.007 0.059
-0.015 -0.017 0.057
-0.043 -0.011 0.067
-0.033 -0.017 0.095
-0.051 -0.005 0.089
-0.037 -0.015 0.085
-0.041 -0.013 0.085
-0.039 -0.015 0.093
-0.037 -0.017 0.095
-0.023 -0.015 0.073
-0.011 -0.017 0.067
-0.013 -0.011 0.071
-0.009 -0.013 0.077
-0.019 -0.025 0.093
-0.029 -0.017 0.083
-0.031 -0.017 0.083
-0.017 -0.023 0.091
-0.015 -0.025 0.093
-0.059 -0.005 0.101
-0.035 -0.013 0.105
-0.015 -0.025 0.097
-0.025 -0.021 0.103
-0.023 -0.021 0.103
-0.023 -0.021 0.107
-0.017 -0.023 0.099
-0.015 -0.025 0.097
-0.021 -0.013 0.113
0.019 -0.015 0.033
0.015 -0.027 0.041
0.021 -0.027 0.039
0.021 -0.021 0.045
0.007 -0.013 0.041
0.029 -0.019 0.041
0.017 -0.027 0.041
0.015 -0.019 0.059
0.019 -0.021 0.055
0.023 -0.021 0.051
0.023 -0.021 0.063
0.015 -0.013 0.065
0.043 -0.003 0.053
0.003 -0.019 0.067
0.021 -0.019 0.073
0.021 -0.021 0.079
0.031 -0.019 0.077
0.003 -0.019 0.067
0.011 -0.019 0.075
0.017 -0.015 0.067
0.025 -0.019 0.069
0.013 -0.019 0.075
0.021 -0.019 0.075
0.023 -0.021 0.081
0.013 -0.017 0.091
0.001 -0.019 0.085
0.011 -0.017 0.091
0.017 -0.021 0.087
0.025 -0.019 0.087
0.031 -0.019 0.077
0.033 -0.019 0.069
0.043 -0.011 0.077
0.041 -0.011 0.079
0.047 -0.009 0.085
0.055 -0.007 0.081
-0.033 -0.021 0.037
-0.021 -0.023 0.037
-0.047 -0.011 0.045
-0.039 -0.021 0.051
-0.051 -0.005 0.057
-0.043 -0.013 0.059
-0.047 -0.011 0.057
-0.031 -0.021 0.039
-0.017 -0.019 0.047
-0.019 -0.017 0.051
-0.017 -0.019 0.051
-0.013 -0.021 0.049
-0.021 -0.017 0.047
-0.037 -0.021 0.051
-0.031 -0.021 0.047
-0.029 -0.011 0.057
-0.015 -0.015 0.059
-0.041 -0.011 0.071
-0.037 -0.011 0.075
-0.055 -0.003 0.087
-0.053 -0.005 0.085
-0.047 -0.007 0.085
-0.041 -0.013 0.085
-0.039 -0.013 0.087
-0.031 -0.015 0.067
-0.031 -0.015 0.079
-0.035 -0.015 0.087
-0.053 -0.001 0.105
-0.051 -0.001 0.107
-0.047 -0.005 0.101
0.007 0.001 0.035
0.007 -0.009 0.041
0.003 0.007 0.037
0.009 -0.015 0.051
0.019 -0.027 0.039
0.011 -0.017 0.039
0.015 -0.025 0.043
0.015 -0.021 0.051
0.009 -0.017 0.049
0.017 -0.021 0.049
0.013 -0.017 0.057
0.015 -0.019 0.057
0.023 -0.023 0.041
0.039 0.001 0.047
0.027 -0.019 0.057
0.041 -0.001 0.051
0.031 -0.017 0.059
0.017 -0.015 0.067
