-0.005 0.009 0.039
0.023 0.017 0.045
0.019 0.017 0.045
0.047 0.011 0.051
0.043 0.013 0.051
0.045 0.013 0.049
0.025 0.013 0.045
0.035 0.015 0.045
0.039 0.015 0.047
0.025 0.015 0.045
0.027 0.013 0.041
0.027 0.011 0.053
0.029 0.013 0.053
0.027 0.013 0.061
0.029 0.011 0.057
0.027 0.009 0.055
0.025 0.019 0.053
-0.017 0.009 0.047
-0.021 0.009 0.051
0.025 0.019 0.053
0.029 0.015 0.053
-0.005 0.009 0.043
-0.009 0.007 0.051
-0.027 0.001 0.057
-0.027 0.001 0.061
-0.027 0.001 0.063
0.047 0.011 0.053
0.047 0.011 0.053
0.041 0.011 0.055
0.043 0.011 0.055
0.003 -0.005 0.053
0.047 0.009 0.057
0.047 0.011 0.051
0.047 0.009 0.055
0.045 0.007 0.059
0.047 0.007 0.059
0.045 0.007 0.059
0.039 0.013 0.051
0.043 0.013 0.051
0.043 0.013 0.049
0.033 0.013 0.047
0.025 0.017 0.047
0.025 0.017 0.047
0.027 0.015 0.047
0.041 0.013 0.047
0.043 0.013 0.051
0.043 0.013 0.049
0.039 0.015 0.047
0.039 0.015 0.045
0.023 0.015 0.043
0.047 0.009 0.057
0.045 0.011 0.055
0.047 0.009 0.057
0.025 0.007 0.049
0.029 0.011 0.055
0.025 -0.001 0.063
0.043 0.005 0.063
0.029 -0.001 0.067
0.023 -0.001 0.069
0.031 -0.001 0.071
0.025 0.007 0.061
-0.005 0.003 0.059
0.001 0.001 0.063
0.001 0.001 0.065
0.025 0.009 0.065
0.025 0.011 0.065
-0.007 0.001 0.063
-0.007 0.001 0.065
0.023 0.009 0.067
0.043 0.009 0.059
0.023 0.003 0.067
0.023 0.007 0.069
0.023 0.005 0.071
-0.023 -0.001 0.069
-0.021 -0.005 0.069
0.003 -0.001 0.075
-0.025 0.001 0.071
-0.025 0.001 0.073
-0.031 0.003 0.071
-0.021 -0.001 0.077
-0.027 0.001 0.077
-0.025 0.001 0.079
-0.025 0.001 0.079
-0.033 0.005 0.083
-0.033 0.007 0.085
-0.031 0.005 0.085
-0.031 0.005 0.087
-0.025 0.003 0.091
-0.029 0.003 0.095
-0.021 0.001 0.085
-0.019 -0.001 0.089
-0.011 -0.003 0.087
-0.015 -0.003 0.085
-0.009 -0.003 0.089
-0.025 0.003 0.085
-0.025 0.003 0.089
-0.021 0.001 0.087
-0.023 0.001 0.093
-0.015 -0.001 0.091
-0.015 -0.001 0.091
-0.013 -0.001 0.093
-0.009 -0.003 0.097
-0.015 -0.001 0.095
-0.021 0.001 0.097
-0.019 -0.001 0.097
0.031 -0.001 0.073
0.033 -0.003 0.075
0.031 -0.003 0.077
0.033 -0.005 0.081
0.027 -0.001 0.081
0.001 0.001 0.069
0.005 -0.001 0.071
-0.025 -0.001 0.065
-0.005 -0.001 0.073
0.003 -0.001 0.079
0.009 -0.001 0.077
-0.021 -0.001 0.077
-0.017 -0.005 0.077
0.005 -0.001 0.075
0.015 -0.001 0.083
0.021 -0.001 0.077
0.005 -0.001 0.075
-0.013 -0.013 0.089
-0.017 -0.017 0.095
-0.013 -0.015 0.095
-0.011 -0.015 0.091
-0.017 -0.001 0.085
-0.013 -0.013 0.093
-0.015 -0.001 0.089
-0.017 -0.001 0.093
0.021 -0.001 0.085
0.011 -0.001 0.085
0.015 -0.003 0.089
0.011 -0.003 0.089
0.023 -0.005 0.089
-0.015 -0.007 0.081
-0.015 -0.007 0.083
-0.011 -0.003 0.087
0.007 -0.001 0.083
-0.013 -0.013 0.089
0.013 -0.005 0.091
-0.013 -0.015 0.095
-0.007 -0.005 0.093
-0.007 -0.007 0.089
-0.043 0.003 0.101
-0.031 0.003 0.101
-0.033 0.005 0.099
-0.047 0.001 0.105
-0.015 -0.003 0.099
-0.015 -0.001 0.101
-0.019 -0.007 0.103
-0.027 0.001 0.101
-0.029 0.003 0.101
-0.031 0.001 0.105
-0.015 -0.015 0.099
-0.017 -0.013 0.103
-0.017 -0.023 0.103
-0.019 -0.019 0.101
-0.011 -0.013 0.107
-0.009 -0.013 0.109
-0.013 -0.025 0.101
-0.017 -0.011 0.103
-0.005 -0.007 0.101
-0.017 -0.013 0.103
-0.007 -0.007 0.103
-0.011 -0.003 0.101
-0.015 -0.001 0.103
-0.019 -0.009 0.107
-0.013 -0.013 0.105
-0.015 -0.011 0.109
-0.017 -0.003 0.107
-0.009 -0.005 0.099
-0.007 -0.007 0.099
-0.013 -0.013 0.105
-0.015 -0.011 0.105
-0.021 -0.011 0.113
0.047 0.005 0.041
0.047 0.007 0.041
0.043 0.001 0.035
0.043 0.003 0.035
0.043 -0.005 0.035
0.043 -0.003 0.033
0.043 -0.001 0.033
0.041 -0.007 0.031
0.031 -0.015 0.041
0.029 -0.017 0.043
0.027 -0.021 0.043
0.047 -0.001 0.051
0.049 -0.001 0.055
0.047 -0.003 0.053
0.049 0.003 0.055
0.023 -0.027 0.037
0.027 -0.023 0.041
0.033 -0.017 0.037
0.035 -0.015 0.037
0.031 -0.015 0.043
0.029 -0.021 0.039
0.027 -0.019 0.047
0.031 -0.015 0.043
0.029 -0.017 0.043
0.031 -0.015 0.045
0.029 -0.015 0.047
0.027 -0.019 0.043
0.031 -0.017 0.041
0.047 0.003 0.045
0.049 0.009 0.047
0.047 0.005 0.043
0.045 0.013 0.045
0.047 0.011 0.051
0.017 -0.001 0.051
0.041 0.011 0.055
0.043 -0.003 0.039
0.045 -0.001 0.041
0.045 -0.001 0.041
0.041 -0.007 0.037
0.037 -0.011 0.037
0.045 0.001 0.039
0.043 -0.003 0.037
0.047 0.005 0.041
0.031 -0.013 0.043
0.049 0.003 0.049
0.049 0.009 0.049
0.039 -0.001 0.069
0.027 -0.017 0.053
0.027 -0.017 0.051
0.029 -0.017 0.057
0.027 -0.017 0.049
0.031 -0.017 0.059
0.031 -0.017 0.059
0.045 -0.009 0.067
0.047 0.005 0.061
0.045 0.007 0.059
0.045 0.007 0.061
0.027 0.009 0.055
0.043 0.011 0.055
0.039 0.007 0.059
0.029 -0.001 0.065
0.031 -0.001 0.069
0.031 -0.001 0.067
0.029 -0.001 0.063
0.049 0.007 0.055
0.047 -0.005 0.061
0.049 0.001 0.061
0.025 -0.001 0.059
0.029 -0.001 0.063
0.035 -0.015 0.035
0.041 -0.009 0.035
0.033 -0.015 0.039
0.041 -0.007 0.037
0.045 -0.001 0.043
0.043 -0.005 0.037
0.045 -0.001 0.041
0.043 -0.005 0.035
0.049 0.005 0.047
0.047 0.003 0.043
0.049 0.001 0.051
0.049 0.003 0.055
0.049 0.001 0.053
0.047 -0.001 0.063
0.047 0.001 0.065
0.047 0.003 0.063
0.045 0.003 0.065
0.049 -0.001 0.059
0.047 -0.005 0.061
0.047 -0.005 0.063
0.049 -0.003 0.059
0.035 -0.003 0.073
0.035 -0.007 0.081
0.053 -0.003 0.085
0.055 -0.005 0.081
0.035 -0.003 0.071
0.023 0.005 0.071
0.023 -0.001 0.071
0.009 -0.005 0.071
0.025 -0.001 0.071
0.035 -0.005 0.077
0.009 -0.001 0.077
0.021 -0.001 0.077
0.041 -0.005 0.075
0.035 -0.005 0.075
0.033 -0.003 0.073
0.029 -0.001 0.069
0.031 -0.001 0.069
0.031 -0.001 0.071
0.031 -0.001 0.075
0.025 -0.001 0.077
0.029 -0.001 0.073
0.031 -0.005 0.085
0.025 -0.005 0.089
0.027 -0.007 0.089
0.027 -0.007 0.089
0.031 -0.009 0.089
0.033 -0.011 0.089
0.047 -0.005 0.089
0.031 -0.007 0.087
0.027 -0.009 0.091
0.033 -0.011 0.089
0.051 -0.007 0.087
0.033 -0.013 0.089
0.017 -0.001 0.083
0.019 -0.001 0.083
0.017 -0.003 0.087
0.013 -0.005 0.091
0.021 -0.009 0.093
0.025 -0.011 0.093
0.021 -0.005 0.091
0.019 -0.009 0.093
0.029 -0.011 0.091
0.027 -0.011 0.093
0.021 -0.009 0.093
0.023 -0.011 0.095
0.031 -0.011 0.091
0.023 -0.007 0.091
0.057 -0.005 0.079
0.045 -0.007 0.071
0.047 -0.001 0.067
0.045 -0.001 0.069
0.041 -0.003 0.073
0.043 -0.005 0.073
0.047 -0.005 0.067
0.051 -0.005 0.075
0.055 -0.005 0.075
0.045 -0.005 0.079
0.033 -0.003 0.077
0.055 -0.005 0.075
0.053 -0.003 0.087
0.055 -0.005 0.085
0.055 -0.003 0.087
0.051 -0.003 0.085
0.051 -0.003 0.087
0.057 -0.005 0.081
0.053 -0.005 0.083
0.055 -0.003 0.087
0.055 -0.003 0.087
-0.005 0.013 0.037
-0.005 0.011 0.037
0.021 0.017 0.043
0.007 0.015 0.037
0.021 0.015 0.041
-0.007 0.013 0.033
-0.009 0.015 0.031
-0.019 0.015 0.041
-0.017 0.013 0.043
-0.015 0.015 0.039
-0.017 0.015 0.041
-0.021 0.015 0.041
-0.023 0.015 0.039
-0.025 0.013 0.049
-0.027 0.021 0.037
-0.029 0.021 0.039
-0.035 0.023 0.039
-0.031 0.021 0.037
-0.031 0.021 0.041
-0.029 0.011 0.055
-0.031 0.009 0.057
-0.031 0.007 0.059
-0.033 0.011 0.055
-0.031 0.009 0.057
-0.037 0.007 0.061
-0.035 0.007 0.061
-0.035 0.007 0.063
-0.005 0.013 0.037
-0.005 0.013 0.037
-0.015 0.013 0.041
-0.007 0.013 0.039
-0.015 0.013 0.041
-0.015 0.015 0.039
0.005 0.015 0.037
0.019 0.015 0.041
0.027 0.015 0.047
0.023 0.017 0.045
0.023 0.017 0.045
-0.009 0.015 0.033
-0.005 0.013 0.035
-0.005 0.011 0.037
-0.009 0.009 0.047
0.025 0.019 0.055
-0.023 0.019 0.035
-0.025 0.021 0.033
-0.025 0.017 0.037
-0.027 0.007 0.055
-0.015 0.005 0.053
-0.021 0.009 0.051
-0.023 0.013 0.049
-0.027 0.001 0.059
-0.027 0.005 0.057
-0.029 0.003 0.061
-0.031 0.009 0.057
-0.007 0.007 0.049
-0.009 0.007 0.051
0.021 0.017 0.055
-0.007 0.007 0.049
0.023 0.017 0.059
-0.007 0.005 0.055
0.027 0.015 0.059
-0.005 0.003 0.059
-0.035 0.005 0.067
-0.033 0.005 0.067
-0.031 0.003 0.073
-0.043 0.007 0.087
-0.049 0.009 0.089
-0.035 0.007 0.085
-0.045 0.009 0.083
-0.047 0.011 0.085
-0.051 0.007 0.089
-0.057 0.005 0.093
-0.057 0.007 0.093
-0.045 0.007 0.089
-0.053 0.005 0.091
-0.033 0.007 0.085
-0.041 0.009 0.085
-0.037 0.007 0.087
-0.035 0.007 0.087
-0.033 0.007 0.085
-0.035 0.007 0.087
-0.041 0.009 0.083
-0.035 0.005 0.089
-0.045 0.007 0.089
-0.031 0.005 0.095
-0.027 0.003 0.091
-0.031 0.003 0.091
-0.025 0.001 0.069
-0.025 0.001 0.071
-0.025 0.001 0.075
-0.023 0.001 0.077
-0.021 0.001 0.083
-0.025 0.003 0.085
-0.021 0.001 0.087
-0.027 0.003 0.091
-0.025 0.003 0.091
-0.025 0.003 0.089
-0.023 0.001 0.093
-0.043 0.005 0.099
-0.035 0.005 0.099
-0.041 0.009 0.099
-0.041 0.009 0.099
-0.045 0.009 0.101
-0.033 0.005 0.097
-0.033 0.005 0.099
-0.035 0.007 0.097
-0.035 0.007 0.097
-0.033 0.005 0.099
-0.035 0.001 0.105
-0.031 0.001 0.105
-0.029 0.003 0.101
-0.025 0.001 0.103
0.039 0.013 0.035
0.043 0.013 0.037
0.041 0.013 0.035
0.037 0.009 0.031
0.023 0.015 0.041
0.021 0.013 0.039
0.039 0.015 0.043
0.043 0.015 0.045
0.043 0.015 0.043
0.019 0.013 0.037
0.009 0.015 0.035
0.017 0.015 0.035
0.013 0.013 0.037
0.009 0.015 0.037
0.039 0.013 0.049
0.027 0.013 0.051
0.025 0.013 0.043
0.043 0.015 0.043
0.045 0.013 0.041
0.033 0.015 0.039
0.035 0.015 0.039
0.019 0.015 0.039
0.035 0.015 0.035
0.039 0.013 0.049
0.041 0.013 0.047
0.039 0.015 0.045
0.037 0.015 0.043
0.025 0.017 0.047
0.027 0.009 0.053
0.027 0.009 0.053
0.029 0.011 0.055
0.027 0.009 0.053
0.027 0.011 0.053
0.029 0.011 0.055
0.029 0.015 0.053
0.029 0.011 0.055
0.027 0.009 0.063
0.027 0.009 0.059
0.029 0.013 0.057
0.027 0.017 0.049
0.025 0.019 0.055
0.027 0.017 0.057
0.025 0.017 0.059
0.043 0.009 0.035
0.041 0.005 0.033
0.047 0.005 0.041
0.041 0.013 0.035
0.037 0.013 0.033
0.035 0.015 0.035
0.037 0.013 0.033
0.045 0.009 0.037
0.047 0.007 0.043
0.045 0.011 0.041
0.045 0.013 0.043
0.043 0.015 0.043
0.045 0.013 0.045
0.047 0.009 0.055
0.049 0.007 0.051
0.049 0.009 0.053
0.049 0.005 0.051
0.049 0.005 0.049
0.047 0.005 0.061
0.047 0.001 0.063
0.049 0.003 0.057
0.023 0.007 0.071
0.025 0.009 0.065
