-0.045 -0.013 0.045
-0.049 -0.011 0.053
-0.051 -0.005 0.051
-0.039 -0.019 0.053
-0.041 -0.015 0.057
-0.043 -0.013 0.061
-0.045 -0.007 0.067
-0.051 -0.021 0.037
-0.047 -0.021 0.039
-0.047 -0.019 0.039
-0.037 -0.021 0.039
-0.041 -0.019 0.041
-0.039 -0.021 0.049
-0.041 -0.019 0.049
-0.051 -0.013 0.035
-0.051 -0.013 0.037
-0.051 -0.015 0.039
-0.049 -0.015 0.041
-0.051 -0.001 0.047
-0.051 -0.005 0.049
-0.049 -0.011 0.039
-0.045 -0.013 0.043
-0.049 -0.007 0.041
-0.049 -0.005 0.039
-0.049 -0.007 0.041
-0.051 -0.005 0.045
-0.051 -0.003 0.043
-0.045 -0.013 0.047
-0.043 -0.017 0.051
-0.035 -0.021 0.051
-0.039 -0.019 0.053
-0.049 -0.009 0.053
-0.041 -0.013 0.065
-0.039 -0.013 0.067
-0.035 -0.021 0.039
-0.031 -0.021 0.045
-0.035 -0.019 0.053
-0.037 -0.021 0.051
-0.035 -0.021 0.051
-0.035 -0.019 0.053
-0.037 -0.021 0.051
-0.031 -0.021 0.049
-0.035 -0.019 0.053
-0.019 -0.021 0.043
-0.031 -0.017 0.051
-0.015 -0.021 0.047
-0.017 -0.019 0.051
-0.017 -0.019 0.051
-0.015 -0.017 0.055
-0.047 -0.009 0.061
-0.049 -0.007 0.061
-0.027 -0.015 0.051
-0.025 -0.015 0.051
-0.023 -0.015 0.051
-0.039 -0.013 0.069
-0.037 -0.013 0.071
-0.019 -0.015 0.055
-0.027 -0.017 0.075
-0.025 -0.015 0.069
-0.049 -0.011 0.095
-0.045 -0.013 0.093
-0.015 -0.017 0.057
-0.015 -0.017 0.057
-0.013 -0.017 0.059
-0.011 -0.019 0.061
-0.011 -0.017 0.065
-0.037 -0.015 0.057
-0.037 -0.015 0.057
-0.031 -0.015 0.053
-0.027 -0.015 0.051
-0.033 -0.015 0.053
-0.035 -0.013 0.059
-0.041 -0.013 0.067
-0.019 -0.015 0.055
-0.033 -0.015 0.073
-0.045 -0.013 0.093
-0.045 -0.009 0.081
-0.041 -0.009 0.073
-0.051 -0.005 0.085
-0.045 -0.009 0.087
-0.053 -0.009 0.097
-0.045 -0.013 0.093
-0.045 -0.011 0.097
-0.041 -0.013 0.065
-0.041 -0.013 0.067
-0.047 -0.003 0.065
-0.033 -0.015 0.075
-0.039 -0.013 0.081
-0.043 -0.011 0.083
-0.045 -0.009 0.085
-0.053 -0.003 0.089
-0.053 -0.009 0.095
-0.053 -0.009 0.097
-0.061 -0.003 0.083
-0.059 -0.003 0.085
-0.061 -0.001 0.085
-0.059 -0.003 0.085
-0.059 -0.001 0.087
-0.051 -0.007 0.083
-0.053 -0.009 0.097
-0.041 -0.013 0.085
-0.049 -0.011 0.095
-0.045 -0.013 0.093
-0.041 -0.015 0.093
-0.045 -0.013 0.093
-0.055 -0.007 0.097
-0.043 -0.013 0.093
-0.041 -0.015 0.093
-0.041 -0.013 0.097
-0.053 -0.007 0.099
-0.045 -0.007 0.099
-0.029 -0.017 0.083
-0.027 -0.019 0.085
-0.027 -0.021 0.093
-0.025 -0.021 0.103
-0.037 -0.013 0.073
-0.041 -0.013 0.085
-0.037 -0.015 0.085
-0.045 -0.011 0.097
-0.031 -0.015 0.079
-0.035 -0.015 0.087
-0.031 -0.017 0.085
-0.043 -0.013 0.101
-0.045 -0.009 0.097
-0.043 -0.011 0.103
-0.041 -0.011 0.103
-0.035 -0.017 0.097
-0.039 -0.015 0.099
-0.037 -0.015 0.103
-0.039 -0.013 0.103
-0.033 -0.017 0.103
-0.035 -0.013 0.105
-0.041 -0.011 0.103
-0.037 -0.011 0.105
-0.031 -0.019 0.095
-0.029 -0.021 0.099
-0.021 -0.025 0.097
-0.037 -0.017 0.095
-0.031 -0.019 0.095
-0.027 -0.021 0.095
-0.031 -0.021 0.103
-0.029 -0.021 0.099
-0.029 -0.019 0.105
-0.035 -0.015 0.089
-0.041 -0.015 0.093
-0.039 -0.015 0.095
-0.033 -0.017 0.101
-0.039 -0.005 0.105
-0.033 -0.003 0.105
-0.037 -0.015 0.103
-0.031 -0.017 0.103
-0.029 -0.017 0.105
-0.027 -0.015 0.103
-0.025 -0.013 0.109
-0.031 -0.011 0.105
-0.021 -0.015 0.107
-0.025 -0.013 0.109
-0.027 -0.009 0.107
-0.025 -0.005 0.105
-0.025 -0.011 0.111
-0.025 -0.011 0.113
-0.035 -0.017 0.099
-0.059 -0.003 0.099
-0.057 -0.003 0.103
-0.049 -0.009 0.097
-0.039 -0.015 0.099
-0.039 -0.015 0.101
-0.041 -0.013 0.103
-0.041 -0.001 0.103
-0.035 -0.013 0.105
-0.035 -0.013 0.105
-0.039 -0.007 0.105
-0.021 -0.025 0.099
-0.033 -0.019 0.101
-0.031 -0.017 0.103
-0.029 -0.021 0.105
-0.027 -0.023 0.107
-0.027 -0.017 0.105
-0.019 -0.025 0.101
-0.023 -0.013 0.109
-0.031 -0.003 0.105
-0.029 -0.003 0.105
-0.027 -0.003 0.105
-0.027 -0.007 0.105
-0.025 -0.011 0.111
-0.023 -0.015 0.105
-0.025 -0.011 0.113
-0.019 -0.015 0.109
-0.025 -0.011 0.113
-0.029 -0.007 0.105
-0.023 -0.001 0.107
-0.025 -0.013 0.109
-0.015 -0.005 0.103
-0.025 -0.005 0.105
-0.021 -0.005 0.105
-0.017 -0.005 0.107
-0.021 -0.003 0.107
-0.023 -0.013 0.115
-0.005 -0.015 0.113
-0.041 -0.015 0.093
-0.039 -0.015 0.099
-0.039 -0.015 0.101
-0.035 -0.013 0.105
-0.009 -0.019 0.063
0.019 -0.029 0.035
0.011 -0.021 0.043
-0.009 -0.019 0.065
0.017 -0.021 0.049
-0.003 -0.021 0.067
-0.017 -0.025 0.087
0.015 -0.021 0.049
0.019 -0.023 0.045
-0.035 -0.015 0.083
-0.011 -0.017 0.063
-0.045 -0.011 0.097
-0.043 -0.011 0.095
-0.033 -0.015 0.085
-0.041 -0.015 0.093
-0.033 -0.017 0.089
-0.027 -0.019 0.085
-0.009 -0.019 0.063
-0.027 -0.021 0.089
-0.031 -0.021 0.103
-0.031 -0.019 0.103
-0.033 -0.015 0.103
-0.037 -0.013 0.103
-0.035 -0.011 0.105
-0.033 -0.015 0.103
-0.027 -0.021 0.089
-0.029 -0.021 0.097
-0.027 -0.021 0.099
-0.021 -0.025 0.099
-0.025 -0.023 0.097
-0.027 -0.023 0.107
-0.021 -0.025 0.099
-0.019 -0.023 0.103
-0.029 -0.019 0.091
-0.041 -0.013 0.103
-0.043 -0.011 0.103
-0.037 -0.011 0.105
-0.037 -0.013 0.103
-0.031 -0.019 0.097
-0.031 -0.019 0.103
-0.033 -0.015 0.103
-0.039 -0.009 0.105
-0.037 -0.011 0.105
-0.035 -0.011 0.105
-0.029 -0.021 0.105
-0.025 -0.017 0.105
-0.037 -0.011 0.105
-0.037 -0.011 0.105
-0.035 -0.011 0.105
-0.033 -0.011 0.105
-0.031 -0.021 0.103
-0.029 -0.017 0.105
-0.029 -0.011 0.105
-0.023 -0.013 0.115
0.001 -0.015 0.087
-0.023 -0.023 0.091
-0.031 -0.021 0.103
-0.017 -0.025 0.103
-0.027 -0.023 0.107
-0.019 -0.023 0.103
0.007 -0.021 0.085
0.009 -0.021 0.085
0.009 -0.021 0.085
0.011 -0.021 0.087
0.017 -0.021 0.079
0.013 -0.021 0.085
0.013 -0.021 0.087
-0.029 -0.017 0.105
-0.023 -0.015 0.105
-0.029 -0.013 0.105
-0.029 -0.011 0.105
-0.025 -0.019 0.107
-0.023 -0.015 0.107
-0.033 -0.007 0.105
-0.027 -0.009 0.107
-0.025 -0.013 0.109
-0.025 -0.011 0.111
-0.027 -0.009 0.107
-0.023 -0.007 0.107
-0.025 -0.021 0.109
-0.025 -0.013 0.109
-0.025 -0.013 0.111
-0.025 -0.011 0.113
-0.009 -0.007 0.103
-0.025 -0.011 0.113
-0.009 -0.007 0.103
-0.009 -0.007 0.103
0.009 -0.017 0.091
0.013 -0.021 0.087
0.019 -0.019 0.089
0.019 -0.019 0.089
-0.021 -0.015 0.107
-0.025 -0.005 0.105
-0.025 -0.009 0.111
-0.023 -0.009 0.111
-0.017 -0.005 0.107
-0.009 -0.013 0.111
-0.025 -0.011 0.113
-0.007 -0.005 0.103
-0.003 -0.017 0.113
0.019 -0.011 0.095
0.015 -0.005 0.091
-0.001 -0.019 0.113
0.023 -0.013 0.095
0.017 -0.011 0.095
0.021 -0.011 0.095
0.023 -0.019 0.089
0.009 -0.017 0.091
-0.013 -0.015 0.111
-0.013 -0.015 0.111
-0.021 -0.011 0.115
-0.021 -0.011 0.115
-0.011 -0.015 0.111
0.017 -0.009 0.093
-0.005 -0.019 0.113
-0.003 -0.019 0.113
-0.005 -0.017 0.113
0.023 -0.013 0.095
-0.001 -0.017 0.113
0.013 -0.009 0.091
0.011 -0.011 0.095
0.013 -0.011 0.095
0.023 -0.007 0.091
0.043 -0.011 0.083
0.041 -0.007 0.087
0.017 -0.011 0.095
0.023 -0.011 0.095
0.043 -0.009 0.085
0.045 -0.003 0.085
0.047 -0.007 0.087
0.051 -0.007 0.087
0.053 -0.005 0.087
-0.049 -0.003 0.063
-0.047 -0.005 0.065
-0.061 0.003 0.091
-0.039 0.017 0.041
-0.051 0.003 0.045
-0.051 0.003 0.045
-0.049 0.005 0.047
-0.049 0.005 0.045
-0.051 0.003 0.051
-0.049 0.007 0.049
-0.047 0.007 0.055
-0.039 0.011 0.047
-0.039 0.019 0.039
-0.039 0.019 0.041
-0.039 0.019 0.037
-0.037 0.023 0.039
-0.037 0.021 0.043
-0.051 0.003 0.053
-0.051 0.003 0.053
-0.047 0.007 0.055
-0.047 0.007 0.055
-0.041 0.009 0.055
-0.061 0.001 0.083
-0.047 0.003 0.061
-0.045 0.005 0.061
-0.059 0.001 0.089
-0.049 0.003 0.059
-0.047 0.007 0.055
-0.045 0.005 0.063
-0.043 0.009 0.055
-0.061 0.003 0.091
-0.061 0.005 0.085
-0.061 0.003 0.085
-0.061 0.003 0.087
-0.055 -0.005 0.083
-0.061 0.003 0.091
-0.055 0.001 0.091
-0.059 -0.001 0.101
-0.055 -0.001 0.089
-0.035 0.017 0.043
-0.033 0.019 0.045
-0.033 0.019 0.045
-0.055 -0.003 0.089
-0.051 -0.005 0.089
-0.053 -0.003 0.089
-0.055 -0.007 0.097
-0.061 0.003 0.091
-0.055 -0.005 0.101
-0.055 -0.005 0.101
-0.049 -0.007 0.099
-0.049 -0.007 0.099
-0.051 -0.005 0.101
-0.051 -0.005 0.101
-0.047 -0.007 0.099
-0.047 -0.005 0.101
-0.053 -0.005 0.101
-0.047 -0.005 0.101
-0.045 -0.005 0.101
-0.057 0.001 0.091
-0.059 -0.005 0.101
-0.061 0.003 0.087
-0.063 0.005 0.093
-0.061 0.005 0.093
-0.057 0.009 0.089
-0.061 0.007 0.093
-0.057 0.009 0.089
-0.059 0.007 0.093
-0.057 0.007 0.093
-0.061 0.003 0.091
-0.061 0.007 0.093
-0.063 0.005 0.093
-0.061 0.007 0.093
-0.057 0.003 0.091
-0.053 0.009 0.091
-0.049 0.005 0.089
-0.047 0.005 0.089
-0.059 -0.001 0.103
-0.057 -0.001 0.105
-0.053 -0.003 0.103
-0.057 0.001 0.105
-0.049 0.009 0.089
-0.057 -0.001 0.105
-0.055 -0.001 0.105
-0.051 -0.001 0.107
-0.049 0.001 0.107
-0.045 -0.001 0.103
-0.041 -0.001 0.105
-0.053 -0.003 0.089
-0.051 0.001 0.089
-0.039 -0.007 0.105
-0.051 -0.001 0.107
-0.041 -0.001 0.105
-0.053 0.005 0.099
-0.055 0.005 0.103
-0.055 0.005 0.105
-0.051 0.001 0.107
-0.051 0.001 0.107
-0.049 -0.001 0.107
-0.041 0.007 0.099
-0.051 0.007 0.105
-0.049 0.007 0.103
-0.035 0.001 0.105
-0.039 0.001 0.105
-0.035 0.001 0.105
-0.025 0.001 0.105
-0.039 -0.009 0.105
-0.049 -0.009 0.097
-0.047 -0.009 0.097
-0.045 -0.009 0.097
-0.051 -0.005 0.101
-0.057 -0.005 0.103
-0.057 -0.003 0.103
-0.057 -0.001 0.105
-0.057 -0.005 0.103
-0.053 -0.003 0.103
-0.055 -0.001 0.105
-0.051 -0.005 0.101
-0.049 -0.003 0.103
-0.047 -0.003 0.103
-0.051 -0.001 0.107
-0.045 -0.005 0.101
-0.043 -0.009 0.103
-0.043 -0.007 0.103
-0.041 -0.009 0.103
-0.043 -0.009 0.103
-0.047 -0.005 0.101
-0.043 -0.005 0.103
-0.049 -0.001 0.107
-0.041 -0.003 0.105
-0.043 -0.005 0.103
-0.041 -0.001 0.105
-0.037 -0.007 0.105
-0.039 -0.005 0.105
-0.037 -0.009 0.105
-0.033 -0.009 0.105
-0.029 -0.009 0.105
-0.043 -0.003 0.103
-0.041 -0.001 0.105
-0.037 0.001 0.105
-0.037 -0.003 0.105
-0.035 -0.003 0.105
-0.035 -0.001 0.105
-0.035 0.003 0.103
-0.035 -0.001 0.105
-0.033 -0.003 0.105
-0.029 -0.001 0.105
-0.025 0.001 0.105
-0.027 -0.003 0.105
-0.025 -0.003 0.105
0.021 0.017 0.053
0.021 0.017 0.055
-0.035 -0.001 0.105
-0.033 -0.005 0.105
-0.027 -0.003 0.105
-0.029 -0.007 0.105
-0.017 -0.005 0.107
-0.021 -0.005 0.105
-0.025 0.001 0.105
-0.021 -0.003 0.107
-0.021 -0.001 0.107
-0.021 -0.001 0.107
-0.025 -0.011 0.111
-0.025 -0.011 0.113
-0.021 -0.011 0.115
0.041 0.005 0.061
-0.025 -0.001 0.105
-0.023 0.001 0.105
-0.019 -0.003 0.109
-0.011 -0.005 0.103
-0.009 -0.007 0.103
0.041 0.007 0.061
0.017 -0.003 0.089
-0.007 -0.007 0.103
-0.021 -0.003 0.107
-0.019 -0.001 0.109
-0.017 -0.005 0.107
0.015 -0.005 0.091
