-0.009 0.003 0.057
-0.015 0.003 0.055
-0.015 0.005 0.049
-0.007 0.005 0.053
-0.007 0.009 0.045
-0.037 0.005 0.065
-0.027 0.003 0.071
-0.031 0.003 0.071
-0.039 0.007 0.059
-0.039 0.005 0.063
-0.035 0.007 0.063
-0.041 0.009 0.053
-0.031 0.007 0.059
-0.031 0.005 0.065
-0.027 0.003 0.057
-0.031 0.011 0.053
-0.029 0.003 0.065
-0.029 0.003 0.065
-0.023 0.001 0.075
-0.021 -0.001 0.073
-0.025 0.001 0.077
-0.023 0.001 0.077
-0.039 0.005 0.067
-0.039 0.005 0.067
-0.041 0.005 0.065
-0.045 0.007 0.059
-0.045 0.005 0.063
-0.041 0.001 0.071
-0.047 0.003 0.063
-0.039 0.003 0.071
-0.025 0.001 0.073
-0.033 0.001 0.075
-0.027 0.001 0.079
-0.023 0.001 0.077
-0.043 0.003 0.067
-0.021 -0.003 0.055
-0.011 0.001 0.063
-0.019 -0.007 0.059
-0.007 0.001 0.067
-0.011 -0.001 0.065
-0.001 0.001 0.067
-0.001 0.001 0.065
0.001 0.001 0.069
-0.011 0.003 0.057
-0.013 0.007 0.045
-0.001 0.001 0.057
-0.001 0.001 0.055
-0.001 0.001 0.051
-0.005 0.003 0.047
-0.005 0.001 0.039
-0.001 0.001 0.051
-0.005 0.003 0.045
0.001 0.001 0.061
0.001 -0.001 0.051
0.003 -0.001 0.071
0.007 -0.001 0.075
-0.003 -0.001 0.077
0.007 -0.001 0.079
0.003 -0.001 0.083
-0.023 -0.001 0.071
-0.025 -0.003 0.063
-0.011 -0.001 0.067
-0.011 -0.003 0.069
-0.017 -0.007 0.061
-0.015 -0.003 0.061
-0.021 -0.001 0.073
-0.011 -0.003 0.069
-0.023 -0.007 0.059
-0.011 0.001 0.063
0.001 0.001 0.061
-0.033 0.007 0.085
-0.023 0.001 0.091
-0.027 0.003 0.091
-0.033 0.007 0.085
-0.033 0.005 0.087
-0.029 0.003 0.091
-0.031 0.005 0.085
-0.055 0.007 0.091
-0.049 0.009 0.099
-0.047 0.009 0.101
-0.043 0.009 0.095
-0.051 0.005 0.089
-0.043 0.009 0.095
-0.043 0.003 0.089
-0.043 0.005 0.099
-0.035 0.007 0.097
-0.031 0.003 0.101
-0.029 0.003 0.099
-0.025 0.003 0.097
-0.027 0.003 0.095
-0.031 0.005 0.095
-0.035 0.005 0.093
-0.031 0.003 0.089
-0.035 0.001 0.105
-0.039 0.001 0.105
-0.029 0.001 0.103
-0.039 0.001 0.103
-0.033 0.005 0.097
-0.031 0.003 0.103
-0.027 0.001 0.103
-0.013 -0.001 0.093
0.005 -0.003 0.087
0.003 -0.003 0.085
0.007 -0.003 0.087
-0.021 0.001 0.083
-0.021 0.001 0.083
-0.019 -0.003 0.081
-0.021 -0.009 0.065
-0.017 -0.003 0.083
-0.015 -0.009 0.071
-0.025 0.001 0.069
-0.021 -0.007 0.065
-0.021 -0.003 0.071
-0.021 -0.001 0.089
-0.011 -0.003 0.093
-0.021 -0.001 0.075
-0.007 -0.003 0.077
-0.005 -0.003 0.077
-0.005 -0.005 0.079
-0.007 -0.003 0.077
-0.005 -0.001 0.075
-0.007 -0.007 0.079
-0.009 -0.003 0.093
-0.009 -0.003 0.089
-0.001 -0.005 0.083
-0.007 -0.005 0.077
-0.003 -0.001 0.073
-0.005 -0.003 0.077
-0.015 -0.001 0.103
-0.011 -0.003 0.097
-0.019 -0.009 0.107
-0.019 -0.003 0.109
-0.007 -0.005 0.101
0.003 -0.009 0.089
-0.015 -0.025 0.089
-0.013 -0.025 0.095
-0.013 -0.023 0.095
-0.015 -0.021 0.095
-0.021 0.001 0.085
-0.019 -0.001 0.085
-0.021 -0.001 0.091
-0.015 -0.001 0.089
-0.007 -0.005 0.097
-0.007 -0.005 0.097
0.003 -0.007 0.089
-0.003 -0.005 0.083
-0.003 -0.009 0.085
-0.001 -0.009 0.087
-0.007 -0.005 0.089
-0.001 -0.005 0.083
-0.009 -0.003 0.101
-0.011 -0.003 0.091
-0.013 -0.003 0.095
-0.055 0.001 0.105
-0.049 0.005 0.105
-0.049 0.003 0.107
-0.049 0.003 0.107
-0.047 0.001 0.105
-0.041 -0.001 0.105
-0.037 -0.001 0.105
-0.033 -0.007 0.105
-0.035 -0.009 0.105
-0.043 0.003 0.101
-0.041 -0.003 0.105
-0.031 -0.011 0.105
-0.033 -0.005 0.105
-0.021 -0.009 0.109
-0.021 -0.011 0.113
-0.021 -0.011 0.111
-0.011 -0.013 0.109
-0.019 -0.009 0.107
-0.015 -0.011 0.109
-0.019 -0.011 0.115
-0.009 -0.015 0.111
-0.009 -0.013 0.111
-0.025 -0.009 0.109
-0.023 -0.009 0.109
-0.017 -0.011 0.103
-0.021 0.001 0.101
-0.017 -0.001 0.103
-0.019 -0.001 0.103
-0.017 -0.001 0.101
-0.029 -0.009 0.105
-0.029 -0.007 0.105
-0.017 -0.003 0.109
-0.021 -0.011 0.111
-0.021 0.001 0.107
-0.019 -0.001 0.105
-0.011 -0.005 0.103
-0.011 -0.003 0.101
-0.009 -0.003 0.101
-0.015 -0.001 0.101
-0.013 -0.003 0.103
-0.013 -0.011 0.109
-0.007 -0.015 0.109
-0.009 -0.013 0.109
-0.009 -0.013 0.109
-0.001 -0.017 0.113
-0.019 -0.011 0.115
-0.005 -0.015 0.113
0.023 0.013 0.063
0.025 0.013 0.061
0.025 0.015 0.061
0.031 0.005 0.047
0.033 0.007 0.049
0.027 0.015 0.059
0.025 0.017 0.059
0.031 0.009 0.047
0.031 0.009 0.047
0.025 0.009 0.065
0.025 0.005 0.069
0.021 0.005 0.071
0.023 0.007 0.071
0.021 0.003 0.073
0.021 0.005 0.071
0.021 0.003 0.073
0.021 0.003 0.073
0.031 -0.001 0.069
0.025 -0.001 0.067
0.031 -0.001 0.067
0.033 -0.003 0.063
0.031 -0.001 0.065
0.033 -0.005 0.059
0.023 0.013 0.063
0.013 0.007 0.049
0.015 -0.003 0.059
0.001 -0.005 0.047
0.013 0.005 0.051
0.029 -0.005 0.049
0.037 0.005 0.055
0.031 0.007 0.047
0.033 -0.009 0.043
0.025 0.011 0.063
0.029 0.011 0.057
0.029 0.001 0.047
0.021 -0.001 0.071
0.017 -0.005 0.067
0.019 -0.003 0.069
0.009 -0.001 0.083
0.029 -0.001 0.079
0.035 -0.005 0.075
0.005 -0.003 0.065
0.013 -0.005 0.059
0.015 0.001 0.049
0.013 -0.005 0.059
0.005 -0.009 0.057
0.007 -0.005 0.065
0.011 -0.003 0.075
0.017 -0.007 0.067
0.015 -0.009 0.065
0.001 -0.001 0.057
0.003 -0.001 0.059
0.005 -0.005 0.061
0.003 -0.001 0.063
0.013 -0.005 0.059
0.029 -0.003 0.059
0.031 -0.005 0.057
0.023 0.011 0.063
0.027 0.009 0.063
0.031 -0.003 0.061
0.035 -0.005 0.067
0.043 0.007 0.061
0.039 0.003 0.061
0.047 0.011 0.049
0.039 0.007 0.059
0.037 0.007 0.053
0.049 0.009 0.053
0.049 0.009 0.053
0.037 -0.005 0.069
0.037 -0.005 0.067
0.041 0.003 0.065
0.035 -0.005 0.063
0.041 0.001 0.067
0.045 0.001 0.065
0.047 -0.001 0.067
0.045 -0.001 0.067
0.049 -0.001 0.057
0.009 -0.003 0.085
0.015 -0.001 0.085
0.013 -0.003 0.087
0.013 -0.007 0.091
0.009 -0.007 0.091
0.015 -0.005 0.091
0.027 -0.003 0.085
0.027 -0.003 0.087
0.033 -0.007 0.085
0.029 -0.009 0.089
0.017 -0.001 0.085
0.019 -0.001 0.085
0.007 -0.001 0.073
0.007 -0.003 0.071
0.023 -0.001 0.083
0.021 -0.001 0.071
0.025 -0.001 0.067
0.025 -0.001 0.071
0.023 -0.001 0.073
0.013 -0.011 0.095
0.019 -0.009 0.093
0.021 -0.009 0.093
0.013 -0.011 0.093
0.013 -0.011 0.095
0.019 -0.011 0.095
0.033 -0.011 0.089
0.027 -0.011 0.093
0.003 -0.007 0.089
0.003 -0.007 0.089
0.011 -0.001 0.083
0.007 -0.011 0.093
0.005 -0.009 0.091
0.007 -0.007 0.091
0.013 -0.011 0.095
0.011 -0.011 0.095
0.011 -0.005 0.091
0.013 -0.005 0.091
0.023 -0.001 0.085
0.019 -0.011 0.095
0.023 -0.011 0.093
0.023 -0.011 0.095
0.029 -0.011 0.091
0.027 -0.011 0.093
0.027 -0.007 0.089
0.023 -0.007 0.091
0.035 -0.011 0.087
0.041 -0.005 0.083
0.041 -0.005 0.075
0.041 0.001 0.067
0.041 -0.003 0.073
0.043 0.001 0.067
0.045 -0.005 0.069
0.045 -0.007 0.071
0.043 -0.001 0.069
0.045 -0.003 0.071
0.037 -0.009 0.083
0.035 -0.005 0.075
0.039 -0.007 0.075
0.035 -0.005 0.079
0.045 -0.005 0.073
0.043 -0.005 0.077
0.045 -0.003 0.081
0.053 -0.003 0.087
0.055 -0.005 0.081
0.051 -0.005 0.077
0.057 -0.005 0.079
0.035 -0.011 0.087
0.049 -0.005 0.087
0.049 -0.003 0.083
0.053 -0.003 0.083
0.051 -0.003 0.087
0.053 -0.003 0.087
-0.017 0.011 0.045
-0.013 0.013 0.039
-0.009 0.011 0.043
-0.009 0.015 0.037
-0.037 0.013 0.045
-0.037 0.013 0.045
-0.043 0.009 0.045
-0.029 0.015 0.047
-0.035 0.015 0.045
-0.031 0.021 0.045
-0.031 0.017 0.045
-0.029 0.017 0.047
-0.033 0.021 0.045
-0.035 0.019 0.043
-0.039 0.013 0.045
-0.035 0.015 0.045
-0.033 0.021 0.045
-0.045 0.005 0.063
-0.043 0.009 0.055
-0.043 0.009 0.049
-0.043 0.009 0.053
-0.041 0.009 0.049
-0.041 0.009 0.053
-0.037 0.011 0.051
-0.045 0.005 0.063
-0.045 0.005 0.063
-0.039 0.007 0.061
-0.033 0.007 0.061
-0.017 0.013 0.043
-0.025 0.017 0.045
-0.025 0.017 0.045
-0.023 0.015 0.045
-0.015 0.013 0.041
-0.015 0.015 0.037
-0.023 0.015 0.045
-0.023 0.015 0.045
-0.011 0.011 0.039
-0.005 0.001 0.039
-0.005 0.009 0.043
-0.013 0.015 0.033
-0.011 0.015 0.035
-0.015 0.015 0.039
-0.009 0.015 0.037
-0.007 0.013 0.033
-0.005 0.013 0.035
-0.003 0.001 0.045
-0.005 0.005 0.043
-0.005 0.007 0.043
-0.007 0.005 0.045
-0.013 0.011 0.043
-0.011 0.011 0.043
-0.005 0.009 0.043
-0.025 0.019 0.037
-0.029 0.021 0.033
-0.025 0.021 0.035
-0.025 0.019 0.037
-0.023 0.019 0.033
-0.023 0.017 0.035
-0.031 0.021 0.041
-0.027 0.019 0.045
-0.023 0.017 0.041
-0.023 0.017 0.045
-0.019 0.003 0.055
-0.015 0.005 0.053
-0.029 0.009 0.055
-0.019 0.011 0.049
-0.023 0.013 0.049
-0.029 0.005 0.063
-0.013 0.005 0.053
-0.009 0.005 0.053
-0.007 0.007 0.049
-0.005 0.003 0.055
-0.007 0.005 0.053
-0.013 0.003 0.057
-0.011 0.001 0.059
-0.009 0.001 0.061
-0.007 0.001 0.061
-0.035 0.003 0.071
-0.031 0.003 0.069
-0.031 0.003 0.071
-0.033 0.005 0.069
-0.055 0.005 0.091
-0.047 0.007 0.089
-0.055 0.013 0.085
-0.049 0.013 0.085
-0.049 0.011 0.087
-0.049 0.009 0.097
-0.043 0.009 0.097
-0.051 0.009 0.089
-0.037 0.007 0.083
-0.035 0.007 0.083
-0.041 0.009 0.099
-0.041 0.009 0.097
-0.033 0.005 0.089
-0.033 0.005 0.095
-0.035 0.007 0.097
-0.023 0.001 0.075
-0.005 0.001 0.067
-0.021 0.001 0.083
-0.023 0.001 0.089
-0.047 0.003 0.105
-0.043 0.007 0.099
-0.041 0.009 0.099
-0.037 0.003 0.103
-0.023 0.001 0.097
-0.031 0.003 0.103
-0.023 0.001 0.103
-0.021 0.001 0.097
-0.021 0.001 0.101
0.037 0.013 0.049
0.041 0.015 0.045
0.037 0.015 0.045
0.041 0.015 0.043
0.007 0.005 0.039
0.007 0.007 0.039
0.007 0.007 0.039
0.009 0.005 0.039
0.007 0.013 0.039
0.005 0.015 0.037
0.009 0.015 0.037
0.007 0.013 0.039
0.011 0.011 0.037
0.013 0.013 0.033
0.025 0.019 0.051
0.029 0.011 0.045
0.021 0.017 0.043
0.029 0.013 0.037
0.029 0.013 0.039
0.025 0.019 0.055
0.025 0.017 0.047
0.023 0.019 0.055
0.033 0.011 0.047
0.019 0.013 0.059
0.021 0.013 0.061
0.019 0.013 0.053
0.023 0.019 0.055
0.029 0.015 0.057
0.029 0.013 0.055
0.023 0.013 0.063
0.025 0.011 0.065
0.023 0.009 0.067
0.025 0.005 0.063
0.021 0.013 0.061
0.029 0.013 0.059
0.027 0.009 0.061
0.023 0.019 0.051
0.025 0.019 0.055
0.027 0.017 0.053
0.027 0.017 0.057
0.043 0.015 0.045
0.045 0.013 0.049
0.045 0.013 0.045
0.039 0.015 0.039
0.049 0.009 0.053
0.041 0.015 0.045
0.045 0.011 0.039
0.047 0.011 0.043
0.041 0.007 0.059
0.045 0.009 0.057
0.041 0.011 0.055
0.045 0.007 0.059
0.023 0.007 0.071
0.025 0.007 0.065
