16777216
524288
4
4194304
32768
8192
67108864
1
16384
8
2147483648
128
1048576
268435456
256
8388608
536870912
512
65536
2
64
262144
4096
1073741824
32
2097152
33554432
131072
2048
134217728
16
1024
2147483904
10485760
8388640
2164260864
8389632
4194432
8912896
2147487744
33792
65664
8389632
9216
2147483649
4194432
8388800
33554568
2692743168
8520704
2420113408
2218786816
2426404864
2424307968
4456584
2185232520
2155872672
2151809546
2155881860
2156011972
2424447428
2430739076
2161263500
2428635052
2445412268
2497905580
2581734316
2579638204
2582799276
2581755820
3166857135
2579982269
2581817327
2664916974
