536870912
2684354560
2692743168
2961178624
2961178628
2961179140
2963276292
2963407364
2963407372
2967601676
2967601804
2967602060
2967602092
3101819820
3101828012
3101844396
3118621612
3118622636
3118622637
3118688173
268435456
272629760
2420113408
2420113416
2422210568
2422341640
2422342152
2430730760
2430730764
2430730892
2430731148
2430731180
2430739372
2564957100
2566005676
2566022060
2582799276
2582864812
2582865836
32
8388640
8388768
2155872416
2155872672
2155872676
2155872684
2156003756
2424439212
2428633516
2428634028
2428634044
2445411260
2579628988
2579637180
2579638204
2579654588
2579654589
2579720125
2579982269
134217728
142606336
411041792
411041796
2558525444
2558525700
2560622852
2560622860
2560622988
2564817292
2564948364
2564948876
2564948908
2564957100
2566005676
2566022060
2582799276
2582864812
2582865836
