-0.007 -0.029 0.045
0.009 -0.025 0.095
0.005 -0.029 0.089
-0.025 -0.005 0.053
-0.001 -0.011 0.091
-0.013 -0.011 0.083
0.003 -0.015 0.091
-0.003 -0.021 0.091
-0.001 -0.027 0.089
-0.019 -0.005 0.111
-0.025 -0.007 0.097
-0.009 -0.013 0.089
-0.003 -0.013 0.093
-0.027 -0.005 0.101
0.019 -0.031 0.081
0.009 -0.019 0.091
0.007 -0.033 0.087
0.033 -0.029 0.065
0.039 -0.029 0.057
0.037 -0.025 0.059
0.005 -0.021 0.095
0.019 -0.021 0.083
0.007 -0.009 0.087
0.011 -0.013 0.087
0.021 -0.013 0.067
0.003 -0.031 0.087
0.003 -0.023 0.095
0.005 -0.011 0.089
0.003 -0.009 0.089
-0.009 -0.005 0.087
-0.013 0.003 0.101
-0.023 -0.001 0.107
-0.017 0.001 0.091
-0.017 0.005 0.099
-0.011 0.025 0.053
-0.029 -0.001 0.101
-0.033 0.019 0.105
-0.033 0.017 0.105
-0.017 0.001 0.091
-0.023 0.017 0.105
-0.023 0.017 0.105
-0.013 0.015 0.095
-0.033 0.037 0.107
-0.033 0.043 0.105
-0.021 0.001 0.109
-0.019 0.003 0.109
-0.031 0.013 0.105
-0.025 0.009 0.113
-0.023 0.013 0.107
-0.013 0.013 0.107
-0.015 0.009 0.107
-0.021 0.017 0.105
-0.033 0.033 0.105
-0.025 0.037 0.101
-0.023 0.033 0.099
0.011 0.001 0.039
0.009 0.003 0.039
0.003 0.015 0.041
0.007 -0.005 0.047
-0.011 0.033 0.045
0.001 -0.011 0.037
-0.005 0.027 0.045
-0.003 0.011 0.051
-0.013 0.017 0.055
0.001 -0.003 0.081
-0.017 0.019 0.101
-0.015 -0.005 0.109
0.021 -0.003 0.041
0.011 0.005 0.037
0.027 -0.009 0.039
0.021 -0.009 0.063
0.029 -0.003 0.055
0.001 0.001 0.063
0.023 -0.005 0.055
0.029 -0.007 0.059
0.029 -0.005 0.061
0.037 -0.015 0.045
0.035 -0.029 0.063
0.007 -0.017 0.069
0.007 -0.013 0.075
0.027 -0.033 0.079
0.021 -0.031 0.075
0.023 -0.033 0.075
0.005 -0.019 0.071
0.003 -0.019 0.067
0.009 -0.017 0.069
0.007 -0.009 0.077
0.017 -0.013 0.073
0.025 -0.029 0.067
0.003 -0.017 0.093
0.003 -0.017 0.093
0.019 -0.027 0.081
-0.005 0.031 0.039
-0.029 0.039 0.047
-0.023 0.037 0.041
-0.023 0.037 0.053
-0.035 0.037 0.049
-0.009 0.043 0.043
-0.003 0.025 0.039
-0.005 0.029 0.045
-0.019 0.033 0.055
-0.017 0.027 0.059
-0.017 0.027 0.059
-0.011 0.023 0.053
-0.013 0.041 0.033
-0.007 0.037 0.045
-0.025 0.037 0.055
-0.021 0.035 0.051
-0.025 0.035 0.059
-0.027 0.039 0.095
-0.017 0.017 0.071
-0.001 0.003 0.069
-0.017 0.021 0.071
-0.025 0.025 0.075
-0.015 0.009 0.083
-0.039 0.049 0.091
-0.025 0.037 0.085
-0.029 0.043 0.101
-0.027 0.041 0.099
-0.019 0.017 0.105
-0.023 0.013 0.107
-0.009 0.005 0.097
0.003 0.019 0.035
0.005 0.011 0.039
0.031 -0.005 0.051
-0.003 -0.001 0.043
0.001 -0.001 0.065
-0.005 0.007 0.063
0.013 -0.015 0.077
0.003 -0.003 0.073
-0.003 0.001 0.079
0.025 -0.009 0.033
0.011 -0.029 0.049
0.039 -0.017 0.039
0.031 -0.017 0.049
0.023 -0.003 0.037
0.017 -0.021 0.057
0.025 -0.011 0.065
0.017 -0.005 0.051
0.005 -0.011 0.055
0.029 -0.009 0.061
0.039 -0.029 0.051
0.037 -0.027 0.061
0.019 -0.019 0.075
0.019 -0.019 0.075
0.013 -0.015 0.081
0.011 -0.013 0.085
0.003 0.015 0.039
0.005 0.013 0.037
-0.003 0.025 0.039
-0.009 0.027 0.047
-0.007 0.021 0.049
-0.005 0.029 0.043
-0.003 0.003 0.041
0.005 0.017 0.035
0.005 0.011 0.039
-0.005 0.023 0.043
-0.015 0.011 0.057
-0.001 0.007 0.053
-0.003 0.013 0.049
-0.007 0.037 0.039
-0.027 0.033 0.063
-0.021 0.033 0.097
0.001 0.001 0.065
-0.019 0.017 0.065
-0.019 0.025 0.067
-0.013 0.013 0.093
-0.017 0.023 0.087
-0.025 0.041 0.085
-0.027 0.045 0.085
-0.027 0.045 0.083
-0.015 0.015 0.099
-0.011 0.007 0.099
-0.019 0.025 0.099
-0.023 0.029 0.103
-0.029 0.043 0.101
0.037 -0.023 0.055
0.015 -0.015 0.049
0.027 -0.013 0.059
0.005 -0.007 0.077
-0.001 -0.001 0.079
-0.025 -0.005 0.095
0.007 -0.011 0.089
0.003 -0.011 0.091
-0.027 -0.003 0.101
0.021 -0.035 0.035
0.029 -0.033 0.033
0.031 -0.011 0.037
0.025 -0.005 0.039
0.027 -0.003 0.043
0.029 -0.003 0.047
0.027 -0.031 0.073
0.033 -0.027 0.063
0.031 -0.029 0.067
0.013 -0.015 0.061
0.029 -0.005 0.061
0.029 -0.037 0.075
0.027 -0.035 0.073
0.033 -0.039 0.081
0.037 -0.043 0.079
0.021 -0.029 0.075
0.019 -0.023 0.081
0.017 -0.031 0.089
-0.001 0.003 0.051
-0.017 0.025 0.057
0.029 -0.003 0.055
0.003 0.009 0.041
0.001 0.015 0.043
-0.003 0.019 0.043
-0.017 0.025 0.059
-0.009 0.041 0.035
-0.021 0.031 0.063
-0.011 0.007 0.097
-0.015 0.017 0.095
-0.009 -0.001 0.081
-0.003 0.003 0.071
-0.009 0.005 0.091
-0.015 0.015 0.087
-0.029 0.035 0.089
-0.021 0.029 0.087
-0.019 0.003 0.105
-0.019 0.001 0.109
-0.023 0.023 0.105
-0.013 0.013 0.097
-0.021 0.025 0.103
-0.027 0.021 0.105
-0.005 -0.021 0.043
-0.005 -0.017 0.039
-0.023 -0.007 0.047
-0.015 -0.011 0.051
-0.017 -0.011 0.057
-0.025 -0.005 0.053
-0.021 -0.003 0.059
-0.017 -0.011 0.071
-0.007 -0.023 0.081
-0.029 -0.007 0.087
-0.007 -0.027 0.043
-0.003 -0.027 0.047
0.011 -0.035 0.065
-0.009 -0.029 0.041
-0.005 -0.019 0.049
-0.003 -0.013 0.045
-0.013 -0.011 0.053
0.003 -0.031 0.065
-0.001 -0.027 0.061
-0.019 -0.009 0.067
0.003 -0.031 0.067
0.011 -0.037 0.075
0.001 -0.029 0.087
-0.009 -0.015 0.087
-0.035 0.001 0.035
-0.035 0.003 0.033
-0.041 0.025 0.047
-0.041 0.023 0.057
-0.025 -0.001 0.051
-0.037 0.017 0.059
-0.033 0.009 0.051
-0.021 0.009 0.057
-0.019 0.009 0.059
-0.017 0.001 0.067
-0.037 0.017 0.067
-0.037 0.017 0.061
-0.037 0.017 0.065
-0.041 0.031 0.047
-0.041 0.027 0.055
-0.041 0.025 0.057
-0.035 0.011 0.087
-0.039 0.023 0.083
-0.037 0.021 0.087
-0.033 0.011 0.069
-0.029 0.007 0.071
-0.021 0.003 0.071
-0.033 0.023 0.075
-0.035 0.027 0.071
-0.033 0.003 0.101
-0.037 0.013 0.093
-0.039 0.019 0.101
-0.043 0.033 0.095
-0.037 0.041 0.091
-0.037 0.043 0.093
-0.037 0.035 0.089
-0.039 0.041 0.091
-0.039 0.045 0.091
-0.037 0.025 0.103
-0.023 -0.005 0.053
-0.019 -0.005 0.067
-0.007 -0.025 0.041
-0.009 -0.025 0.043
-0.025 -0.005 0.049
-0.025 -0.003 0.045
-0.025 -0.005 0.047
-0.019 -0.009 0.057
-0.017 -0.011 0.069
-0.019 -0.001 0.065
-0.029 0.003 0.079
-0.033 0.001 0.093
-0.027 0.001 0.083
-0.031 -0.003 0.099
-0.009 -0.027 0.037
-0.009 -0.029 0.041
0.001 -0.029 0.063
0.001 -0.027 0.067
-0.005 -0.023 0.045
-0.005 -0.021 0.049
-0.025 -0.001 0.045
-0.027 0.001 0.047
-0.017 -0.013 0.063
-0.021 -0.005 0.055
-0.023 0.001 0.055
0.003 -0.033 0.067
0.003 -0.033 0.069
0.027 -0.039 0.087
-0.015 -0.015 0.067
-0.017 -0.011 0.073
-0.009 -0.021 0.077
0.003 -0.027 0.069
0.003 -0.023 0.067
-0.007 -0.013 0.093
-0.013 -0.005 0.083
-0.013 -0.005 0.085
-0.029 -0.003 0.087
-0.035 0.003 0.033
-0.039 0.009 0.049
-0.045 0.029 0.035
-0.041 0.013 0.053
-0.041 0.011 0.049
-0.031 0.011 0.063
-0.035 0.037 0.043
-0.033 0.017 0.077
-0.031 0.009 0.067
-0.029 0.005 0.079
-0.033 0.011 0.075
-0.031 0.009 0.071
-0.031 0.025 0.075
-0.037 0.017 0.085
-0.043 0.033 0.095
-0.043 0.043 0.083
-0.039 0.049 0.093
-0.041 0.037 0.089
-0.041 0.027 0.097
-0.033 0.021 0.105
-0.045 0.037 0.099
-0.007 -0.035 0.035
-0.027 -0.007 0.037
-0.007 -0.009 0.049
-0.021 -0.007 0.059
-0.005 -0.011 0.057
-0.017 -0.009 0.075
-0.007 -0.023 0.085
-0.029 -0.007 0.095
0.009 -0.033 0.045
0.013 -0.031 0.045
0.001 -0.031 0.051
-0.001 -0.029 0.045
0.019 -0.025 0.043
0.009 -0.031 0.047
0.011 -0.033 0.057
0.013 -0.029 0.053
0.031 -0.031 0.041
0.003 -0.033 0.071
0.001 -0.029 0.075
0.021 -0.039 0.075
0.001 -0.027 0.089
-0.017 -0.005 0.039
-0.037 0.013 0.055
-0.009 -0.001 0.037
-0.005 -0.019 0.051
-0.025 -0.007 0.039
-0.015 -0.007 0.045
-0.013 -0.009 0.049
-0.021 -0.003 0.057
-0.021 -0.003 0.057
-0.033 0.003 0.041
-0.029 0.005 0.047
-0.035 0.015 0.071
-0.023 0.007 0.069
-0.007 -0.023 0.079
-0.025 -0.003 0.087
-0.017 0.003 0.095
-0.023 -0.001 0.087
-0.039 0.031 0.087
-0.041 0.025 0.095
-0.039 0.023 0.091
-0.037 0.017 0.091
-0.035 0.011 0.085
-0.023 0.001 0.099
-0.021 -0.001 0.105
-0.021 -0.005 0.109
-0.027 0.007 0.107
-0.013 0.003 0.101
-0.021 0.003 0.101
-0.033 0.003 0.103
-0.035 0.003 0.105
-0.035 0.005 0.103
-0.005 -0.005 0.043
-0.001 -0.009 0.061
-0.009 -0.031 0.039
-0.005 -0.037 0.037
0.001 -0.031 0.059
-0.017 -0.013 0.063
-0.001 -0.025 0.091
-0.027 -0.007 0.087
-0.017 -0.001 0.087
0.007 -0.025 0.031
0.013 -0.035 0.063
0.021 -0.033 0.037
0.025 -0.031 0.043
0.027 -0.031 0.041
0.023 -0.023 0.047
0.019 -0.023 0.047
0.015 -0.031 0.043
0.033 -0.033 0.051
0.007 -0.031 0.049
0.031 -0.035 0.055
0.017 -0.009 0.053
0.013 -0.037 0.075
0.023 -0.039 0.073
0.017 -0.033 0.065
0.023 -0.039 0.071
0.003 -0.029 0.089
-0.025 -0.003 0.031
-0.029 -0.005 0.039
-0.033 0.003 0.043
-0.027 -0.007 0.037
0.003 -0.031 0.059
0.001 -0.031 0.055
0.003 -0.031 0.051
0.003 -0.031 0.055
-0.031 0.009 0.069
-0.031 0.007 0.081
0.003 -0.033 0.067
-0.013 -0.017 0.075
-0.013 -0.017 0.073
-0.029 -0.003 0.087
-0.027 0.003 0.079
-0.009 -0.021 0.081
-0.023 0.001 0.081
-0.013 -0.015 0.083
-0.023 -0.001 0.083
-0.027 -0.007 0.087
-0.009 -0.021 0.083
-0.017 0.003 0.093
-0.023 0.001 0.099
-0.011 0.001 0.095
-0.023 0.003 0.101
-0.031 -0.003 0.093
-0.027 -0.009 0.101
-0.017 0.005 0.099
-0.015 0.003 0.095
-0.037 0.027 0.069
-0.031 0.037 0.057
-0.029 0.031 0.069
-0.041 0.043 0.089
-0.013 0.035 0.045
-0.037 0.037 0.049
0.009 -0.007 0.049
-0.011 0.037 0.045
-0.013 0.037 0.043
-0.013 0.041 0.043
0.015 -0.005 0.049
0.025 -0.003 0.043
0.023 -0.003 0.047
0.021 -0.007 0.055
-0.005 0.007 0.063
-0.005 0.005 0.065
0.017 -0.011 0.065
0.023 -0.005 0.055
0.025 -0.003 0.039
0.027 -0.003 0.043
-0.039 0.047 0.087
-0.035 0.047 0.091
-0.023 0.023 0.077
0.015 -0.017 0.067
0.009 -0.011 0.081
-0.039 0.025 0.035
-0.031 0.031 0.033
-0.047 0.025 0.039
-0.041 0.017 0.047
-0.045 0.023 0.041
-0.039 0.033 0.047
-0.043 0.019 0.049
-0.013 0.035 0.045
-0.011 0.037 0.045
-0.031 0.035 0.063
-0.023 0.033 0.061
-0.025 0.037 0.043
-0.011 0.043 0.039
-0.027 0.037 0.053
-0.031 0.037 0.059
-0.037 0.021 0.069
-0.033 0.013 0.075
-0.035 0.029 0.069
-0.039 0.027 0.091
-0.041 0.037 0.095
-0.033 0.019 0.077
-0.025 0.033 0.065
-0.029 0.029 0.071
-0.029 0.039 0.095
-0.033 0.045 0.091
-0.033 0.045 0.091
-0.041 0.039 0.089
-0.037 0.049 0.091
-0.037 0.013 0.097
-0.035 0.009 0.103
-0.041 0.039 0.099
-0.033 0.033 0.097
-0.031 0.041 0.099
-0.039 0.039 0.099
-0.033 0.041 0.099
-0.035 0.041 0.101
-0.009 0.043 0.043
-0.013 0.041 0.041
