0.035 -0.029 0.039
-0.003 -0.035 0.033
-0.001 -0.035 0.035
0.003 -0.035 0.039
0.011 -0.033 0.041
0.025 -0.031 0.041
0.003 -0.035 0.041
0.009 -0.033 0.043
0.009 -0.033 0.045
0.005 -0.033 0.047
0.011 -0.031 0.047
0.011 -0.029 0.049
0.031 -0.033 0.051
0.035 -0.031 0.041
0.037 -0.031 0.045
0.037 -0.031 0.045
0.039 -0.031 0.047
0.039 -0.031 0.047
0.039 -0.031 0.053
0.039 -0.031 0.051
0.039 -0.031 0.053
0.041 -0.023 0.043
0.037 -0.031 0.045
0.037 -0.033 0.049
0.041 -0.029 0.049
0.041 -0.029 0.049
0.041 -0.027 0.049
0.041 -0.025 0.047
0.041 -0.029 0.049
0.041 -0.027 0.051
0.011 -0.031 0.055
0.031 -0.037 0.063
0.033 -0.031 0.065
0.037 -0.027 0.061
0.035 -0.031 0.063
0.039 -0.031 0.057
0.037 -0.031 0.059
0.039 -0.027 0.055
0.037 -0.021 0.055
0.035 -0.033 0.063
0.037 -0.027 0.061
0.017 -0.017 0.061
0.029 -0.033 0.071
0.027 -0.035 0.075
0.029 -0.035 0.077
0.027 -0.035 0.075
0.027 -0.035 0.075
0.027 -0.033 0.073
0.021 -0.025 0.071
0.021 -0.029 0.077
0.013 -0.015 0.077
0.003 -0.005 0.075
0.033 -0.037 0.085
0.031 -0.035 0.087
0.031 -0.035 0.085
0.011 -0.023 0.091
0.017 -0.027 0.087
0.015 -0.023 0.089
0.007 -0.019 0.093
-0.019 -0.001 0.093
0.019 -0.027 0.081
0.017 -0.025 0.087
0.017 -0.023 0.085
0.017 -0.019 0.081
0.019 -0.021 0.083
0.015 -0.017 0.083
0.017 -0.019 0.085
0.017 -0.019 0.085
0.015 -0.017 0.087
0.005 -0.007 0.081
0.011 -0.019 0.091
0.007 -0.021 0.093
0.003 -0.019 0.095
-0.027 -0.005 0.103
-0.017 -0.003 0.107
-0.015 -0.011 0.111
0.021 -0.035 0.031
0.029 -0.031 0.033
0.031 -0.029 0.035
0.031 -0.023 0.031
0.033 -0.019 0.031
0.035 -0.019 0.033
0.009 -0.035 0.037
0.015 -0.035 0.033
0.019 -0.035 0.037
0.015 -0.033 0.039
0.007 -0.033 0.047
0.011 -0.035 0.063
0.011 -0.033 0.057
0.013 -0.035 0.063
0.033 -0.035 0.055
0.031 -0.035 0.055
0.031 -0.037 0.061
0.037 -0.033 0.053
0.037 -0.033 0.055
0.035 -0.035 0.059
0.023 -0.033 0.037
0.025 -0.033 0.039
0.019 -0.035 0.037
0.019 -0.035 0.037
0.027 -0.033 0.037
0.029 -0.033 0.037
0.029 -0.033 0.039
0.029 -0.033 0.037
0.011 -0.033 0.043
0.007 -0.033 0.047
0.009 -0.033 0.045
0.039 -0.029 0.043
0.037 -0.033 0.049
0.029 -0.033 0.039
0.033 -0.027 0.035
0.037 -0.023 0.035
0.033 -0.033 0.043
0.037 -0.031 0.045
0.035 -0.033 0.047
0.037 -0.031 0.045
0.039 -0.031 0.047
0.041 -0.029 0.047
0.041 -0.027 0.047
0.041 -0.027 0.049
0.035 -0.029 0.039
0.037 -0.027 0.039
0.041 -0.025 0.043
0.039 -0.023 0.037
0.039 -0.021 0.037
0.039 -0.019 0.039
0.037 -0.015 0.039
0.041 -0.023 0.041
0.039 -0.017 0.043
0.041 -0.021 0.047
0.039 -0.019 0.047
0.039 -0.019 0.049
0.037 -0.021 0.035
0.035 -0.015 0.035
0.039 -0.017 0.041
0.039 -0.017 0.041
0.035 -0.013 0.037
0.041 -0.019 0.043
0.041 -0.027 0.047
0.041 -0.023 0.047
0.039 -0.017 0.043
0.031 -0.009 0.049
0.009 -0.031 0.053
0.011 -0.029 0.049
0.039 -0.029 0.053
0.009 -0.033 0.057
0.031 -0.037 0.059
0.037 -0.033 0.057
0.039 -0.031 0.051
0.039 -0.031 0.051
0.037 -0.033 0.051
0.039 -0.031 0.057
0.035 -0.035 0.059
0.035 -0.035 0.059
0.037 -0.033 0.059
0.037 -0.031 0.061
0.037 -0.029 0.059
0.033 -0.029 0.065
0.039 -0.027 0.057
0.039 -0.027 0.055
0.039 -0.027 0.055
0.041 -0.023 0.051
0.039 -0.027 0.055
0.039 -0.027 0.057
0.029 -0.011 0.051
0.033 -0.027 0.063
0.037 -0.027 0.061
0.029 -0.011 0.053
0.031 -0.009 0.055
0.023 -0.013 0.059
0.029 -0.009 0.061
0.037 -0.019 0.035
0.039 -0.021 0.037
0.039 -0.021 0.037
0.035 -0.033 0.047
0.037 -0.031 0.045
0.039 -0.029 0.045
0.039 -0.031 0.047
0.039 -0.019 0.045
0.041 -0.021 0.047
0.041 -0.023 0.041
0.041 -0.019 0.043
0.039 -0.017 0.043
0.039 -0.017 0.041
0.037 -0.023 0.055
0.037 -0.031 0.059
0.037 -0.029 0.059
0.039 -0.027 0.057
0.035 -0.033 0.063
0.035 -0.029 0.063
0.037 -0.025 0.059
0.009 -0.035 0.067
0.013 -0.035 0.065
0.031 -0.043 0.077
0.029 -0.041 0.073
0.033 -0.043 0.077
0.029 -0.035 0.071
0.027 -0.037 0.065
0.025 -0.037 0.067
0.035 -0.043 0.075
0.035 -0.043 0.077
0.029 -0.037 0.077
0.035 -0.041 0.075
0.029 -0.035 0.077
0.035 -0.043 0.087
0.035 -0.045 0.081
0.031 -0.043 0.083
0.037 -0.041 0.087
0.035 -0.041 0.085
0.033 -0.039 0.081
0.037 -0.041 0.087
0.025 -0.039 0.069
0.031 -0.035 0.067
0.029 -0.031 0.069
0.035 -0.043 0.079
0.031 -0.037 0.065
0.019 -0.021 0.069
0.021 -0.027 0.073
0.029 -0.035 0.079
0.021 -0.027 0.079
0.021 -0.027 0.079
0.019 -0.021 0.077
0.021 -0.013 0.067
0.021 -0.013 0.071
0.005 -0.011 0.073
0.007 -0.011 0.077
0.025 -0.011 0.065
0.021 -0.013 0.071
0.037 -0.039 0.087
0.019 -0.021 0.083
0.017 -0.023 0.087
0.007 -0.019 0.093
0.007 -0.023 0.095
0.015 -0.021 0.089
0.017 -0.025 0.087
0.019 -0.025 0.081
0.017 -0.017 0.081
0.017 -0.019 0.085
0.015 -0.017 0.085
0.009 -0.011 0.081
0.013 -0.017 0.089
0.009 -0.015 0.091
0.033 -0.031 0.065
0.039 -0.019 0.039
0.039 -0.019 0.039
0.035 -0.013 0.037
0.025 -0.003 0.035
0.017 0.005 0.033
0.023 -0.003 0.037
0.017 0.005 0.037
0.015 0.007 0.033
-0.007 0.033 0.031
0.037 -0.029 0.041
0.041 -0.027 0.047
0.041 -0.029 0.047
0.041 -0.029 0.049
0.039 -0.029 0.051
0.039 -0.025 0.053
0.041 -0.025 0.049
0.041 -0.027 0.051
0.041 -0.027 0.053
0.041 -0.023 0.047
0.041 -0.021 0.045
0.039 -0.017 0.043
0.037 -0.015 0.043
0.027 -0.007 0.043
0.027 -0.007 0.043
0.005 0.011 0.039
0.029 -0.011 0.051
0.037 -0.019 0.051
0.025 -0.011 0.049
0.031 -0.009 0.051
0.031 -0.007 0.051
0.039 -0.025 0.055
0.039 -0.025 0.057
0.027 -0.013 0.057
0.031 -0.009 0.057
0.031 -0.005 0.055
0.029 -0.009 0.061
0.025 -0.011 0.063
0.025 -0.011 0.065
0.025 -0.011 0.065
0.025 -0.011 0.065
-0.021 0.017 0.061
0.039 -0.025 0.041
0.039 -0.025 0.041
0.035 -0.013 0.041
0.039 -0.021 0.039
0.041 -0.021 0.041
0.041 -0.023 0.043
0.041 -0.021 0.043
0.035 -0.013 0.039
0.027 -0.009 0.039
0.023 -0.003 0.037
0.029 -0.009 0.047
0.029 -0.007 0.047
0.029 -0.003 0.049
0.031 -0.005 0.051
0.031 -0.005 0.051
0.035 -0.013 0.041
0.003 0.019 0.035
0.017 0.003 0.037
0.017 0.003 0.037
0.015 0.007 0.037
0.003 0.015 0.039
0.003 0.015 0.041
0.005 0.015 0.035
0.005 0.017 0.033
-0.001 0.023 0.039
0.001 0.021 0.035
0.003 0.011 0.043
-0.001 0.019 0.041
-0.003 0.025 0.041
-0.005 0.029 0.043
0.039 -0.025 0.055
0.037 -0.025 0.059
0.037 -0.023 0.055
0.037 -0.021 0.055
0.027 -0.013 0.059
0.035 -0.025 0.061
0.013 -0.015 0.063
0.025 -0.013 0.063
0.023 -0.013 0.065
0.027 -0.013 0.055
0.031 -0.005 0.055
0.031 -0.005 0.053
0.027 -0.011 0.061
0.029 -0.009 0.061
0.027 -0.009 0.063
-0.019 0.019 0.061
-0.015 0.027 0.057
-0.015 0.027 0.057
-0.021 0.029 0.063
-0.015 0.021 0.055
-0.007 0.019 0.049
-0.011 0.029 0.053
-0.009 0.019 0.051
-0.017 0.025 0.057
-0.015 0.027 0.057
-0.017 0.023 0.059
0.003 0.015 0.041
-0.007 0.025 0.049
-0.007 0.025 0.047
-0.009 0.027 0.049
-0.007 0.025 0.049
-0.003 0.031 0.033
-0.007 0.037 0.039
-0.005 0.029 0.045
-0.005 0.031 0.043
-0.005 0.029 0.045
-0.009 0.029 0.047
-0.013 0.027 0.055
-0.013 0.027 0.055
-0.007 0.025 0.049
-0.009 0.027 0.051
-0.009 0.027 0.049
-0.013 0.027 0.055
-0.011 0.029 0.053
-0.017 0.027 0.059
-0.019 0.029 0.059
0.023 -0.013 0.067
0.021 -0.011 0.071
0.003 -0.003 0.077
-0.001 0.003 0.067
-0.017 0.013 0.071
0.015 -0.017 0.087
0.007 -0.009 0.085
0.009 -0.011 0.087
-0.017 -0.001 0.091
-0.009 0.001 0.093
-0.001 -0.001 0.081
-0.015 0.009 0.081
-0.015 0.017 0.083
-0.015 0.015 0.083
-0.015 0.017 0.083
-0.011 0.009 0.091
-0.009 0.005 0.091
-0.011 0.011 0.089
-0.011 0.007 0.093
-0.013 0.011 0.095
-0.015 0.015 0.093
-0.011 0.011 0.091
-0.017 0.021 0.089
0.021 -0.013 0.069
0.001 -0.009 0.069
0.019 -0.013 0.069
0.001 0.001 0.071
0.005 -0.009 0.075
0.019 -0.019 0.079
0.011 -0.013 0.079
0.007 -0.009 0.079
0.005 -0.007 0.079
-0.001 -0.001 0.079
-0.015 0.011 0.075
0.001 -0.001 0.077
0.001 0.001 0.067
0.021 -0.013 0.071
0.021 -0.011 0.071
0.021 -0.011 0.071
0.001 0.001 0.069
0.005 -0.009 0.075
0.005 -0.007 0.075
0.001 -0.001 0.073
0.003 -0.003 0.075
-0.001 -0.001 0.079
-0.015 0.013 0.075
-0.017 0.021 0.069
-0.019 0.025 0.067
-0.019 0.027 0.065
-0.015 0.011 0.079
-0.015 0.013 0.077
-0.017 0.021 0.073
0.015 -0.017 0.083
0.015 -0.015 0.081
0.015 -0.017 0.085
0.003 -0.005 0.081
-0.015 0.007 0.083
0.013 -0.019 0.089
0.003 -0.005 0.083
-0.015 0.005 0.083
0.003 -0.007 0.087
-0.015 0.011 0.083
-0.009 0.005 0.091
-0.009 0.001 0.093
-0.011 0.009 0.089
-0.011 0.009 0.089
-0.011 0.011 0.089
-0.011 0.009 0.091
-0.015 0.015 0.085
-0.015 0.015 0.083
-0.015 0.015 0.085
-0.015 0.017 0.083
-0.017 0.023 0.085
-0.019 0.025 0.087
-0.013 0.011 0.095
-0.017 0.019 0.089
-0.015 0.015 0.093
-0.015 0.017 0.095
-0.017 0.023 0.087
-0.019 0.027 0.083
-0.019 0.029 0.085
-0.019 0.029 0.085
-0.021 0.031 0.087
-0.019 0.027 0.089
-0.019 0.027 0.089
-0.019 0.027 0.089
-0.027 0.039 0.089
-0.031 0.043 0.091
-0.035 0.045 0.093
-0.019 0.027 0.083
-0.021 0.033 0.083
-0.023 0.035 0.083
-0.021 0.033 0.085
-0.025 0.041 0.085
-0.027 0.045 0.085
-0.021 0.029 0.089
-0.025 -0.001 0.097
-0.009 -0.001 0.097
-0.017 -0.005 0.107
-0.009 0.005 0.095
-0.011 0.007 0.097
-0.015 0.015 0.097
-0.013 0.013 0.095
-0.017 0.021 0.097
-0.017 0.019 0.099
-0.019 0.021 0.103
-0.027 -0.003 0.101
-0.023 0.003 0.101
-0.019 0.001 0.099
-0.009 0.003 0.099
-0.017 0.001 0.109
-0.009 0.001 0.103
-0.021 0.009 0.107
-0.009 0.003 0.103
-0.015 0.009 0.105
-0.009 0.003 0.097
-0.009 0.003 0.099
-0.009 0.003 0.101
-0.009 0.003 0.101
-0.011 0.009 0.099
-0.015 0.009 0.109
-0.015 0.017 0.099
-0.017 0.019 0.103
-0.015 0.015 0.105
-0.015 0.015 0.105
-0.015 0.015 0.105
-0.015 0.017 0.105
-0.021 0.021 0.105
-0.023 0.025 0.105
-0.017 0.019 0.097
-0.021 0.025 0.101
-0.017 0.023 0.097
-0.019 0.023 0.099
-0.031 0.037 0.103
-0.029 0.033 0.101
-0.031 0.039 0.103
-0.029 0.041 0.103
-0.021 0.027 0.103
-0.031 0.035 0.105
-0.023 0.035 0.099
-0.021 0.027 0.101
0.017 0.005 0.033
0.003 0.017 0.031
0.003 0.017 0.031
0.003 0.019 0.031
0.023 -0.005 0.037
0.025 -0.005 0.035
0.023 -0.005 0.037
0.019 0.001 0.035
0.017 0.003 0.033
0.017 0.005 0.037
0.003 0.011 0.043
