-0.031 0.037 0.053
-0.029 0.037 0.053
-0.011 0.009 0.059
-0.011 0.009 0.061
-0.037 0.035 0.055
-0.015 0.011 0.057
-0.015 0.009 0.059
-0.011 0.011 0.057
-0.013 0.011 0.057
-0.009 0.013 0.055
-0.017 0.021 0.067
-0.011 0.009 0.059
-0.013 0.009 0.061
-0.011 0.011 0.057
-0.009 0.009 0.059
-0.029 0.037 0.059
-0.035 0.035 0.057
-0.031 0.037 0.055
-0.029 0.035 0.061
-0.027 0.037 0.055
-0.027 0.037 0.059
-0.031 0.035 0.063
-0.029 0.033 0.065
-0.025 0.033 0.065
-0.005 0.013 0.049
-0.009 0.017 0.053
-0.019 0.033 0.055
-0.013 0.029 0.055
-0.009 0.013 0.055
-0.005 0.011 0.053
-0.009 0.009 0.059
-0.007 0.009 0.059
-0.019 0.031 0.059
-0.009 0.017 0.053
-0.007 0.005 0.067
-0.007 0.003 0.073
-0.005 0.003 0.075
-0.007 0.005 0.071
-0.005 0.005 0.069
-0.029 0.031 0.069
-0.021 0.029 0.067
-0.023 0.027 0.073
-0.021 0.023 0.075
-0.011 0.007 0.065
-0.007 0.007 0.061
-0.009 0.009 0.061
-0.007 0.007 0.063
-0.003 0.007 0.057
-0.013 0.005 0.069
-0.017 0.019 0.077
-0.007 -0.005 0.085
-0.011 0.011 0.089
-0.025 0.041 0.085
-0.023 0.033 0.087
-0.021 0.031 0.087
-0.021 0.029 0.089
-0.021 0.033 0.097
-0.019 0.027 0.095
-0.009 0.001 0.077
-0.011 0.009 0.095
-0.005 -0.009 0.089
-0.013 0.015 0.095
-0.011 0.009 0.099
-0.011 0.007 0.097
-0.003 -0.015 0.095
-0.009 0.005 0.101
-0.009 0.005 0.101
-0.001 -0.017 0.095
-0.029 0.043 0.101
-0.023 0.035 0.099
-0.033 0.037 0.107
-0.029 0.029 0.103
-0.031 0.027 0.105
-0.027 0.029 0.101
-0.025 0.029 0.103
-0.017 0.021 0.095
-0.015 0.019 0.091
-0.011 0.009 0.087
-0.011 0.011 0.093
-0.009 0.005 0.089
-0.009 0.005 0.097
-0.001 -0.015 0.095
-0.009 0.005 0.095
-0.009 -0.001 0.103
0.011 -0.005 0.047
0.009 -0.005 0.045
-0.001 0.013 0.049
0.009 -0.005 0.041
0.021 -0.003 0.043
0.023 -0.003 0.041
0.029 -0.011 0.037
0.013 0.005 0.039
0.021 -0.003 0.037
0.029 -0.011 0.035
-0.003 0.007 0.057
0.007 -0.005 0.047
0.009 -0.005 0.047
-0.001 0.005 0.061
0.015 -0.005 0.049
0.019 -0.005 0.049
0.001 0.001 0.071
0.001 -0.001 0.077
0.011 -0.017 0.069
0.009 -0.017 0.071
0.021 -0.009 0.067
0.021 -0.009 0.067
0.025 -0.029 0.067
0.029 -0.005 0.061
0.033 -0.029 0.065
0.031 -0.029 0.067
0.005 -0.007 0.045
0.007 -0.005 0.047
-0.003 0.011 0.053
0.011 -0.003 0.043
0.009 -0.013 0.055
0.013 -0.013 0.051
0.011 -0.003 0.045
0.017 -0.005 0.051
0.017 -0.005 0.051
0.021 -0.003 0.045
0.021 -0.005 0.053
0.017 -0.005 0.041
0.023 -0.003 0.041
0.013 -0.013 0.051
0.021 -0.005 0.055
0.021 -0.005 0.055
0.023 -0.005 0.053
0.017 -0.007 0.053
0.017 -0.005 0.051
0.021 -0.005 0.053
0.025 -0.003 0.055
-0.001 0.013 0.047
-0.001 0.011 0.049
0.001 0.015 0.043
0.001 0.013 0.045
0.007 -0.001 0.039
-0.003 0.009 0.055
0.007 -0.005 0.043
0.015 -0.003 0.045
0.015 -0.003 0.043
0.017 -0.003 0.039
0.021 -0.003 0.041
0.019 -0.001 0.037
0.019 0.001 0.035
0.019 -0.003 0.041
0.023 -0.003 0.041
0.025 -0.005 0.035
0.025 -0.003 0.035
0.019 -0.003 0.047
0.019 -0.005 0.049
0.027 -0.003 0.051
0.017 -0.005 0.043
0.017 -0.003 0.047
0.023 -0.003 0.047
0.027 -0.003 0.045
0.027 -0.003 0.045
0.013 -0.015 0.057
0.007 -0.015 0.063
0.015 -0.017 0.051
-0.001 0.001 0.073
-0.003 0.001 0.075
0.011 -0.015 0.065
0.013 -0.015 0.065
0.013 -0.015 0.065
0.015 -0.017 0.059
0.023 -0.007 0.061
0.021 -0.009 0.065
0.023 -0.009 0.063
0.015 -0.017 0.059
0.015 -0.017 0.063
0.019 -0.011 0.071
0.021 -0.011 0.069
0.021 -0.009 0.067
0.017 -0.011 0.067
0.027 -0.009 0.063
0.031 -0.023 0.059
-0.001 0.005 0.057
-0.003 0.005 0.063
0.009 -0.015 0.061
-0.001 0.003 0.067
-0.001 0.003 0.065
0.019 -0.005 0.051
0.021 -0.005 0.057
0.029 -0.003 0.051
0.029 -0.003 0.055
0.031 -0.005 0.055
0.023 -0.005 0.059
0.029 -0.005 0.061
0.025 -0.007 0.063
0.033 -0.013 0.043
0.035 -0.013 0.043
0.029 -0.003 0.055
0.029 -0.005 0.057
0.029 -0.005 0.059
0.027 -0.005 0.061
0.039 -0.021 0.051
0.039 -0.019 0.049
0.037 -0.015 0.043
0.041 -0.021 0.047
0.041 -0.021 0.049
0.033 -0.013 0.035
0.037 -0.023 0.057
0.031 -0.005 0.055
0.039 -0.021 0.053
0.041 -0.021 0.049
0.033 -0.025 0.061
0.037 -0.031 0.061
-0.003 -0.001 0.081
-0.001 -0.003 0.083
0.011 -0.017 0.073
0.005 -0.007 0.083
0.009 -0.011 0.079
0.003 -0.007 0.087
0.013 -0.017 0.075
0.019 -0.019 0.079
0.015 -0.017 0.077
0.013 -0.015 0.077
0.029 -0.029 0.069
0.025 -0.031 0.073
0.025 -0.031 0.073
0.027 -0.031 0.073
0.029 -0.033 0.071
0.027 -0.033 0.081
0.027 -0.033 0.083
0.017 -0.017 0.081
0.019 -0.019 0.079
0.027 -0.035 0.075
0.029 -0.035 0.081
0.005 -0.013 0.091
0.011 -0.015 0.089
0.023 -0.035 0.085
0.031 -0.035 0.083
0.025 -0.033 0.083
0.027 -0.033 0.087
0.031 -0.035 0.087
0.029 -0.035 0.085
0.035 -0.041 0.075
0.033 -0.039 0.087
-0.003 0.001 0.079
-0.001 0.001 0.075
-0.001 -0.001 0.079
-0.003 0.001 0.079
-0.003 -0.003 0.083
-0.003 -0.003 0.083
0.001 -0.003 0.081
0.017 -0.013 0.073
0.019 -0.019 0.077
0.031 -0.029 0.067
0.025 -0.029 0.069
0.015 -0.017 0.085
0.017 -0.019 0.083
0.025 -0.031 0.073
0.019 -0.019 0.077
-0.001 0.001 0.077
-0.001 0.001 0.073
0.003 -0.003 0.075
0.021 -0.011 0.071
0.021 -0.011 0.071
0.005 -0.019 0.093
0.007 -0.019 0.093
0.011 -0.013 0.085
0.013 -0.015 0.087
0.009 -0.023 0.093
0.007 -0.019 0.093
0.011 -0.021 0.091
-0.001 -0.015 0.095
0.003 -0.021 0.095
0.011 -0.019 0.091
0.017 -0.019 0.085
0.015 -0.021 0.089
0.015 -0.023 0.089
0.019 -0.021 0.083
0.003 -0.005 0.083
0.003 -0.009 0.089
0.033 -0.029 0.065
-0.035 0.037 0.051
-0.033 0.037 0.051
-0.021 0.035 0.051
-0.027 0.037 0.049
-0.033 0.037 0.045
-0.015 0.033 0.047
-0.027 0.033 0.035
-0.015 0.041 0.037
-0.009 0.041 0.035
-0.037 0.035 0.053
-0.039 0.035 0.053
-0.037 0.035 0.057
-0.039 0.035 0.053
-0.047 0.023 0.041
-0.043 0.023 0.039
-0.041 0.027 0.047
-0.037 0.037 0.049
-0.041 0.031 0.049
-0.039 0.035 0.049
-0.039 0.031 0.061
-0.041 0.031 0.053
-0.043 0.025 0.039
-0.041 0.031 0.045
-0.045 0.023 0.041
-0.045 0.025 0.039
-0.041 0.031 0.045
-0.037 0.035 0.043
-0.039 0.031 0.041
-0.045 0.025 0.039
-0.043 0.025 0.039
-0.033 0.037 0.039
-0.041 0.031 0.045
-0.039 0.031 0.063
-0.041 0.027 0.059
-0.039 0.031 0.063
-0.041 0.031 0.055
-0.039 0.031 0.063
-0.037 0.029 0.067
-0.037 0.027 0.069
-0.037 0.029 0.067
-0.033 0.037 0.051
-0.035 0.035 0.057
-0.025 0.037 0.053
-0.031 0.037 0.059
-0.033 0.035 0.059
-0.033 0.035 0.063
-0.017 0.033 0.053
-0.011 0.029 0.053
-0.009 0.027 0.051
-0.007 0.025 0.049
-0.005 0.029 0.045
-0.003 0.013 0.047
-0.005 0.013 0.051
-0.003 0.013 0.051
-0.009 0.023 0.051
-0.025 0.037 0.045
-0.023 0.035 0.043
-0.029 0.035 0.037
-0.023 0.035 0.037
-0.013 0.035 0.045
-0.015 0.039 0.043
-0.009 0.037 0.045
-0.013 0.039 0.043
-0.005 0.033 0.043
-0.009 0.039 0.045
-0.005 0.029 0.045
-0.005 0.031 0.045
-0.029 0.033 0.065
-0.029 0.033 0.067
-0.027 0.033 0.067
-0.023 0.027 0.073
-0.025 0.031 0.069
-0.021 0.027 0.071
-0.031 0.031 0.069
-0.001 0.005 0.057
-0.011 0.015 0.055
-0.003 0.007 0.059
-0.015 0.009 0.059
-0.011 0.009 0.061
-0.017 0.031 0.057
-0.019 0.029 0.061
-0.019 0.027 0.065
-0.019 0.027 0.063
-0.013 0.027 0.055
-0.015 0.031 0.055
-0.037 0.035 0.041
-0.039 0.035 0.051
-0.035 0.035 0.061
-0.035 0.033 0.063
-0.033 0.035 0.063
-0.031 0.037 0.041
-0.025 0.037 0.039
-0.017 0.039 0.033
-0.017 0.037 0.043
-0.023 0.037 0.047
-0.011 0.043 0.039
-0.009 0.043 0.041
-0.009 0.043 0.041
-0.009 0.037 0.045
-0.007 0.039 0.043
-0.009 0.043 0.043
-0.029 0.039 0.051
-0.029 0.037 0.057
-0.023 0.037 0.053
-0.025 0.035 0.059
-0.027 0.037 0.059
-0.035 0.025 0.071
-0.037 0.049 0.093
-0.037 0.047 0.087
-0.037 0.023 0.069
-0.033 0.031 0.067
-0.035 0.029 0.069
-0.035 0.047 0.089
-0.035 0.047 0.087
-0.037 0.033 0.095
-0.035 0.031 0.095
-0.035 0.039 0.105
-0.037 0.041 0.101
-0.039 0.049 0.093
-0.035 0.025 0.087
-0.035 0.031 0.089
-0.041 0.043 0.089
-0.035 0.033 0.089
-0.039 0.045 0.093
-0.039 0.041 0.105
-0.035 0.043 0.105
-0.035 0.041 0.101
-0.021 0.033 0.083
-0.021 0.025 0.073
-0.023 0.035 0.083
-0.023 0.031 0.089
-0.021 0.027 0.091
-0.035 0.047 0.093
-0.019 0.021 0.077
-0.019 0.021 0.077
-0.013 0.005 0.069
-0.015 0.015 0.077
-0.007 0.007 0.065
-0.001 0.001 0.071
-0.005 0.003 0.075
-0.017 0.021 0.073
-0.019 0.023 0.073
-0.029 0.029 0.073
-0.021 0.027 0.071
-0.031 0.047 0.089
-0.029 0.045 0.089
-0.025 0.039 0.085
-0.023 0.035 0.085
-0.033 0.023 0.089
-0.025 0.039 0.097
-0.031 0.029 0.089
-0.019 0.027 0.097
-0.017 0.021 0.099
-0.011 0.011 0.089
-0.019 0.027 0.087
-0.023 0.031 0.089
-0.031 0.043 0.091
-0.031 0.043 0.091
-0.023 0.033 0.087
-0.021 0.031 0.087
-0.031 0.043 0.103
-0.025 0.039 0.101
-0.017 0.023 0.097
-0.029 0.039 0.095
-0.027 0.041 0.101
-0.025 0.037 0.095
-0.015 0.017 0.089
-0.017 0.023 0.097
-0.041 0.045 0.085
-0.039 0.043 0.091
-0.041 0.045 0.085
-0.039 0.049 0.091
-0.037 0.047 0.087
-0.037 0.047 0.085
-0.037 0.047 0.087
-0.035 0.047 0.087
-0.043 0.037 0.097
-0.035 0.045 0.093
-0.029 0.033 0.067
-0.031 0.043 0.091
-0.029 0.045 0.089
-0.025 0.041 0.085
-0.029 0.047 0.087
-0.031 0.049 0.087
-0.027 0.039 0.089
-0.031 0.047 0.089
-0.033 0.009 0.105
-0.035 0.023 0.103
-0.033 0.003 0.109
-0.035 0.015 0.105
-0.039 0.035 0.105
-0.037 0.023 0.103
-0.039 0.035 0.105
-0.041 0.041 0.103
-0.037 0.041 0.105
-0.027 0.023 0.105
-0.029 0.019 0.105
-0.029 0.011 0.105
-0.023 0.019 0.105
-0.023 0.025 0.105
-0.021 0.021 0.105
-0.025 0.013 0.107
-0.019 0.015 0.105
-0.019 0.005 0.107
-0.025 0.009 0.113
-0.025 0.015 0.105
-0.017 0.019 0.103
-0.013 0.013 0.101
-0.013 0.011 0.103
-0.013 0.013 0.107
-0.017 0.015 0.107
-0.017 0.019 0.103
-0.021 0.027 0.099
-0.025 0.039 0.101
-0.021 0.027 0.103
-0.031 0.021 0.105
-0.025 0.019 0.105
-0.023 0.019 0.105
-0.019 0.017 0.105
-0.041 0.039 0.105
-0.035 0.043 0.103
-0.037 0.041 0.101
-0.039 0.041 0.105
-0.043 0.041 0.103
-0.039 0.039 0.105
-0.031 0.043 0.101
-0.025 0.039 0.097
-0.025 0.039 0.101
0.011 0.005 0.037
0.013 0.007 0.037
0.013 0.009 0.035
0.009 0.003 0.039
0.003 0.017 0.037
0.005 0.017 0.035
0.013 0.009 0.033
0.015 0.007 0.037
0.001 0.021 0.033
