-0.039 0.009 0.041
-0.009 -0.029 0.037
-0.021 -0.007 0.061
-0.035 0.001 0.037
-0.041 0.011 0.045
-0.041 0.011 0.049
-0.009 -0.027 0.039
-0.009 -0.025 0.043
-0.035 0.019 0.073
-0.041 0.013 0.053
-0.041 0.011 0.049
-0.041 0.013 0.053
-0.039 0.017 0.057
-0.039 0.017 0.057
-0.039 0.021 0.061
-0.039 0.023 0.063
-0.025 -0.003 0.051
-0.037 0.017 0.065
-0.037 0.027 0.067
-0.035 0.019 0.071
-0.037 0.023 0.069
-0.037 0.023 0.067
-0.037 0.025 0.069
-0.043 0.041 0.083
-0.041 0.025 0.093
-0.037 0.017 0.081
-0.037 0.021 0.085
-0.041 0.027 0.097
-0.035 0.015 0.069
-0.035 0.015 0.069
-0.023 -0.003 0.055
-0.021 -0.005 0.061
-0.033 0.011 0.077
-0.039 0.031 0.087
-0.041 0.035 0.087
-0.039 0.031 0.085
-0.041 0.035 0.089
-0.037 0.037 0.089
-0.037 0.017 0.085
-0.037 0.021 0.087
-0.041 0.037 0.095
-0.039 0.017 0.093
-0.039 0.023 0.103
-0.037 0.015 0.097
-0.037 0.015 0.099
-0.037 0.017 0.103
-0.035 0.019 0.103
-0.039 0.023 0.103
-0.037 0.019 0.085
-0.037 0.021 0.087
-0.043 0.029 0.097
-0.037 0.025 0.099
-0.035 0.013 0.087
-0.039 0.025 0.097
-0.039 0.019 0.101
-0.039 0.023 0.103
-0.025 0.003 0.105
-0.027 0.007 0.107
-0.035 0.015 0.103
-0.031 0.007 0.105
-0.027 0.009 0.111
-0.027 0.007 0.107
-0.027 0.011 0.109
-0.025 0.011 0.111
-0.033 0.003 0.093
-0.037 0.023 0.099
-0.039 0.023 0.103
-0.033 0.001 0.101
-0.037 0.019 0.103
-0.035 0.015 0.105
-0.035 0.019 0.103
-0.033 0.017 0.105
-0.033 0.017 0.105
-0.039 0.023 0.103
-0.029 0.025 0.105
-0.029 0.015 0.105
-0.027 0.011 0.109
-0.025 0.011 0.109
-0.029 0.017 0.105
-0.021 0.017 0.105
-0.035 0.005 0.105
-0.033 0.001 0.101
-0.035 0.007 0.105
-0.029 0.011 0.105
-0.019 -0.005 0.111
-0.025 0.007 0.115
-0.037 0.041 0.091
-0.035 0.023 0.073
-0.035 0.027 0.071
-0.043 0.043 0.085
-0.039 0.041 0.091
-0.039 0.049 0.093
-0.039 0.049 0.091
-0.039 0.049 0.093
-0.033 0.047 0.089
-0.033 0.049 0.085
-0.029 0.047 0.087
-0.021 -0.005 0.061
-0.037 0.029 0.087
-0.039 0.033 0.089
-0.033 0.037 0.089
-0.035 0.037 0.107
-0.027 0.029 0.103
-0.039 0.025 0.083
-0.035 0.027 0.071
-0.043 0.043 0.087
-0.041 0.045 0.087
-0.041 0.041 0.089
-0.037 0.017 0.081
-0.037 0.019 0.083
-0.037 0.023 0.085
-0.043 0.037 0.097
-0.039 0.037 0.095
-0.043 0.033 0.097
-0.043 0.041 0.101
-0.041 0.041 0.089
-0.037 0.043 0.093
-0.035 0.045 0.093
-0.039 0.049 0.093
-0.039 0.047 0.087
-0.039 0.045 0.093
-0.043 0.041 0.083
-0.043 0.045 0.085
-0.043 0.045 0.085
-0.039 0.047 0.087
-0.037 0.047 0.085
-0.039 0.045 0.085
-0.003 0.013 0.051
-0.037 0.047 0.085
-0.025 0.031 0.069
-0.037 0.047 0.085
-0.043 0.043 0.087
-0.041 0.043 0.089
-0.039 0.049 0.091
-0.031 0.047 0.089
-0.035 0.047 0.085
-0.033 0.049 0.085
-0.033 0.049 0.087
-0.033 0.047 0.089
0.021 -0.001 0.035
-0.033 0.049 0.087
-0.027 0.047 0.085
-0.027 0.047 0.085
0.019 -0.005 0.051
-0.033 0.049 0.087
0.021 -0.003 0.045
0.027 -0.003 0.045
0.029 -0.003 0.049
-0.041 0.025 0.093
-0.041 0.027 0.097
-0.045 0.037 0.101
-0.041 0.033 0.101
-0.041 0.037 0.103
-0.041 0.041 0.103
-0.037 0.021 0.099
-0.037 0.017 0.097
-0.039 0.023 0.101
-0.033 0.039 0.105
-0.035 0.043 0.103
-0.037 0.037 0.107
-0.039 0.039 0.105
-0.029 0.029 0.103
-0.037 0.037 0.107
0.017 -0.011 0.071
-0.035 0.033 0.089
-0.035 0.045 0.093
-0.043 0.041 0.101
-0.043 0.041 0.103
-0.043 0.041 0.103
-0.039 0.041 0.105
-0.039 0.041 0.105
-0.033 0.037 0.089
-0.041 0.041 0.101
-0.029 0.031 0.089
0.021 -0.007 0.057
-0.027 0.041 0.099
0.025 -0.003 0.055
-0.031 0.043 0.103
-0.031 0.043 0.103
-0.025 0.039 0.101
0.023 -0.009 0.065
0.023 -0.005 0.059
0.027 -0.005 0.059
0.029 -0.005 0.059
0.023 -0.003 0.051
0.023 -0.005 0.059
0.027 -0.005 0.057
0.023 -0.003 0.049
0.023 -0.009 0.065
0.019 -0.011 0.071
0.021 -0.009 0.067
-0.029 0.043 0.103
0.019 -0.011 0.071
-0.037 0.019 0.103
-0.033 0.019 0.105
-0.033 0.021 0.105
-0.033 0.017 0.105
-0.027 0.017 0.105
-0.025 0.021 0.105
-0.023 0.015 0.105
-0.017 0.019 0.103
-0.021 0.021 0.105
-0.017 0.017 0.105
0.001 -0.017 0.095
-0.023 0.013 0.107
-0.011 0.001 0.103
-0.011 0.001 0.101
-0.015 0.011 0.109
-0.015 0.013 0.107
0.023 -0.035 0.085
-0.011 0.001 0.103
0.011 -0.025 0.093
0.027 -0.037 0.087
0.027 -0.035 0.087
0.031 -0.037 0.089
0.029 -0.037 0.089
0.035 -0.041 0.087
-0.039 0.023 0.103
-0.037 0.025 0.103
-0.035 0.037 0.107
-0.033 0.019 0.105
-0.033 0.015 0.105
-0.025 0.023 0.105
-0.021 0.019 0.105
-0.021 0.027 0.103
-0.017 0.015 0.107
-0.017 0.019 0.101
-0.041 0.039 0.105
-0.027 0.029 0.089
-0.037 0.037 0.107
-0.027 0.027 0.105
-0.035 0.037 0.107
0.019 -0.011 0.071
0.023 -0.011 0.067
-0.025 0.003 0.107
-0.017 0.015 0.107
0.009 -0.023 0.093
0.007 -0.023 0.095
0.007 -0.019 0.093
-0.015 0.015 0.107
-0.013 0.011 0.109
-0.017 0.017 0.105
-0.027 0.027 0.105
-0.017 0.013 0.107
-0.015 0.013 0.107
0.033 -0.029 0.065
-0.041 0.021 0.049
-0.041 0.027 0.053
-0.041 0.031 0.055
-0.041 0.029 0.049
-0.035 0.037 0.055
-0.039 0.033 0.047
-0.039 0.035 0.049
-0.039 0.033 0.045
-0.037 0.035 0.047
-0.031 0.039 0.049
-0.023 0.037 0.053
-0.019 0.035 0.047
-0.019 0.037 0.035
-0.047 0.019 0.039
-0.041 0.013 0.041
-0.051 0.021 0.037
-0.041 0.023 0.039
-0.043 0.027 0.039
-0.041 0.021 0.047
-0.039 0.033 0.045
-0.041 0.013 0.053
-0.043 0.019 0.051
-0.043 0.019 0.051
-0.041 0.029 0.051
-0.041 0.027 0.059
-0.041 0.027 0.059
-0.037 0.033 0.063
-0.037 0.031 0.065
-0.041 0.023 0.047
-0.037 0.035 0.055
-0.033 0.035 0.061
-0.027 0.037 0.059
-0.027 0.037 0.059
-0.029 0.033 0.067
-0.043 0.045 0.083
-0.039 0.045 0.085
-0.015 0.029 0.057
-0.023 0.031 0.067
-0.001 0.013 0.047
-0.027 0.037 0.053
-0.023 0.037 0.053
-0.023 0.037 0.051
-0.009 0.031 0.047
-0.029 0.039 0.049
-0.023 0.037 0.041
-0.021 0.037 0.043
-0.023 0.037 0.051
-0.019 0.035 0.047
-0.015 0.033 0.047
-0.015 0.039 0.043
-0.015 0.031 0.055
-0.017 0.033 0.055
-0.013 0.029 0.055
-0.037 0.017 0.065
-0.039 0.023 0.065
-0.037 0.025 0.067
-0.039 0.025 0.063
-0.041 0.035 0.087
-0.037 0.021 0.067
-0.043 0.037 0.085
-0.043 0.041 0.085
-0.039 0.045 0.089
-0.043 0.045 0.085
-0.025 0.031 0.067
-0.039 0.047 0.087
-0.039 0.047 0.087
-0.043 0.043 0.087
-0.041 0.045 0.087
-0.027 0.033 0.067
-0.025 0.031 0.067
-0.027 0.031 0.069
-0.041 0.045 0.085
-0.023 0.033 0.061
-0.023 0.031 0.063
-0.025 0.031 0.069
-0.021 0.031 0.061
-0.021 0.031 0.063
-0.013 0.031 0.053
-0.013 0.031 0.051
-0.017 0.033 0.055
-0.039 0.033 0.057
-0.035 0.035 0.059
-0.033 0.035 0.063
-0.019 0.037 0.035
-0.019 0.037 0.037
-0.023 0.037 0.041
-0.029 0.039 0.045
-0.025 0.037 0.045
-0.017 0.039 0.041
-0.017 0.033 0.049
-0.019 0.035 0.047
-0.013 0.041 0.039
-0.015 0.037 0.043
-0.009 0.039 0.045
-0.009 0.035 0.045
-0.007 0.035 0.045
-0.013 0.041 0.043
-0.031 0.037 0.055
-0.031 0.037 0.059
-0.027 0.035 0.061
-0.025 0.035 0.061
-0.037 0.019 0.069
-0.035 0.017 0.071
-0.037 0.019 0.081
-0.037 0.027 0.067
-0.037 0.029 0.067
-0.033 0.031 0.069
-0.033 0.031 0.069
-0.035 0.013 0.087
-0.039 0.019 0.095
-0.039 0.019 0.101
-0.039 0.027 0.085
-0.037 0.019 0.087
-0.037 0.025 0.087
-0.039 0.033 0.089
-0.041 0.025 0.095
-0.041 0.027 0.097
-0.043 0.033 0.099
-0.041 0.029 0.099
-0.043 0.029 0.097
-0.045 0.037 0.101
-0.041 0.033 0.101
-0.043 0.041 0.103
-0.039 0.023 0.083
-0.039 0.027 0.085
-0.043 0.033 0.095
-0.033 0.015 0.075
-0.041 0.031 0.083
-0.037 0.019 0.085
-0.037 0.019 0.085
-0.037 0.019 0.087
-0.035 0.015 0.087
-0.037 0.017 0.087
-0.041 0.023 0.095
-0.041 0.031 0.099
-0.039 0.023 0.083
-0.037 0.019 0.083
-0.043 0.037 0.097
-0.043 0.041 0.101
-0.045 0.039 0.101
-0.041 0.041 0.103
-0.039 0.047 0.091
-0.027 0.033 0.067
-0.027 0.031 0.069
-0.043 0.041 0.085
-0.041 0.045 0.085
-0.041 0.045 0.087
-0.039 0.045 0.085
-0.037 0.025 0.087
-0.039 0.045 0.093
-0.033 0.033 0.089
-0.041 0.043 0.089
-0.041 0.041 0.089
-0.039 0.045 0.089
-0.037 0.015 0.093
-0.039 0.017 0.093
-0.041 0.025 0.093
-0.041 0.039 0.105
-0.037 0.037 0.107
-0.041 0.041 0.103
-0.031 0.025 0.105
-0.033 0.025 0.105
-0.029 0.027 0.105
-0.035 0.037 0.107
-0.035 0.037 0.107
-0.025 0.023 0.105
-0.043 0.041 0.101
-0.037 0.039 0.099
-0.039 0.041 0.105
-0.037 0.037 0.089
-0.033 0.041 0.099
-0.023 0.033 0.087
-0.037 0.025 0.099
-0.037 0.041 0.105
-0.025 0.029 0.089
-0.041 0.039 0.105
-0.037 0.041 0.105
-0.041 0.039 0.105
-0.039 0.041 0.103
-0.033 0.039 0.105
-0.043 0.037 0.085
-0.043 0.039 0.087
-0.039 0.045 0.091
-0.041 0.035 0.089
-0.039 0.049 0.091
-0.039 0.045 0.089
-0.039 0.047 0.091
-0.039 0.049 0.091
-0.033 0.047 0.089
-0.037 0.047 0.093
-0.039 0.049 0.093
-0.037 0.049 0.093
-0.031 0.033 0.067
-0.039 0.045 0.091
-0.039 0.049 0.093
-0.037 0.043 0.093
-0.029 0.035 0.089
-0.027 0.037 0.089
-0.033 0.049 0.087
-0.031 0.047 0.089
-0.033 0.049 0.087
-0.033 0.049 0.087
-0.031 0.047 0.089
-0.031 0.035 0.089
-0.029 0.037 0.089
-0.035 0.043 0.103
-0.031 0.043 0.091
-0.035 0.005 0.103
-0.037 0.015 0.101
-0.039 0.019 0.101
-0.033 0.005 0.107
-0.033 0.007 0.105
-0.039 0.023 0.103
-0.039 0.023 0.097
-0.043 0.033 0.099
-0.039 0.033 0.103
-0.039 0.033 0.103
-0.035 0.025 0.103
-0.039 0.037 0.105
-0.033 0.009 0.105
-0.027 0.009 0.111
-0.027 0.009 0.111
-0.023 0.011 0.111
-0.029 0.013 0.105
-0.027 0.015 0.105
-0.025 0.013 0.107
-0.019 0.013 0.105
-0.017 0.015 0.107
-0.025 0.009 0.113
-0.025 0.027 0.105
-0.017 0.013 0.107
-0.027 0.025 0.105
-0.023 0.029 0.103
-0.025 0.029 0.103
-0.027 0.027 0.105
-0.025 0.027 0.105
-0.035 0.037 0.107
-0.033 0.039 0.105
-0.035 0.035 0.107
-0.027 0.027 0.105
-0.033 0.037 0.107
-0.027 0.029 0.103
-0.031 0.039 0.105
-0.031 0.039 0.105
-0.027 0.017 0.105
-0.029 0.025 0.105
-0.045 0.037 0.101
-0.041 0.039 0.105
-0.041 0.041 0.103
-0.041 0.039 0.105
-0.043 0.041 0.103
-0.035 0.043 0.103
-0.037 0.035 0.107
-0.037 0.037 0.107
-0.035 0.041 0.105
-0.035 0.043 0.105
-0.033 0.043 0.105
-0.029 0.041 0.099
-0.031 0.043 0.103
-0.033 0.037 0.107
-0.015 0.033 0.047
-0.013 0.033 0.047
0.013 0.007 0.037
0.015 0.005 0.037
-0.015 0.031 0.055
0.001 0.013 0.045
