-0.033 -0.001 0.033
-0.007 -0.033 0.033
-0.001 -0.033 0.041
-0.033 -0.003 0.033
-0.033 -0.001 0.033
-0.033 -0.001 0.037
-0.009 -0.027 0.039
-0.009 -0.029 0.041
-0.005 -0.019 0.041
-0.029 -0.005 0.037
-0.033 -0.001 0.037
-0.031 -0.001 0.041
-0.029 -0.003 0.043
-0.029 -0.003 0.043
-0.027 -0.001 0.043
-0.025 -0.001 0.045
-0.025 -0.005 0.049
-0.025 -0.005 0.051
-0.025 -0.001 0.049
-0.023 -0.005 0.053
-0.025 -0.003 0.051
-0.025 -0.001 0.051
-0.025 0.001 0.053
-0.023 0.001 0.057
-0.001 -0.027 0.057
-0.005 -0.023 0.049
-0.005 -0.019 0.053
-0.013 -0.017 0.069
-0.021 -0.007 0.053
-0.023 -0.005 0.053
-0.023 -0.003 0.055
-0.021 -0.007 0.059
-0.017 -0.011 0.061
-0.019 -0.007 0.063
-0.021 -0.003 0.061
-0.021 -0.005 0.063
-0.019 -0.003 0.063
-0.029 0.005 0.073
-0.017 -0.011 0.065
-0.019 -0.009 0.067
-0.027 0.003 0.077
-0.013 -0.017 0.069
-0.013 -0.015 0.077
-0.013 -0.017 0.073
-0.013 -0.017 0.077
-0.013 -0.017 0.079
-0.011 -0.017 0.081
-0.013 -0.017 0.077
-0.019 -0.005 0.065
-0.019 -0.005 0.069
-0.017 -0.005 0.073
-0.033 0.005 0.089
-0.017 -0.013 0.069
-0.017 -0.011 0.073
-0.029 -0.007 0.089
-0.031 -0.003 0.091
-0.003 -0.027 0.085
-0.005 -0.025 0.087
-0.011 -0.017 0.081
-0.009 -0.019 0.087
-0.003 -0.021 0.091
-0.007 -0.019 0.089
-0.027 -0.009 0.103
-0.003 -0.015 0.095
-0.031 -0.003 0.089
-0.033 0.005 0.091
-0.033 0.003 0.093
-0.031 -0.005 0.097
-0.035 0.005 0.099
-0.033 0.003 0.099
-0.031 -0.003 0.095
-0.031 -0.003 0.097
-0.031 -0.001 0.099
-0.033 0.001 0.093
-0.035 0.007 0.103
-0.031 -0.001 0.101
-0.027 -0.005 0.103
-0.007 -0.013 0.093
-0.035 0.003 0.105
-0.033 0.005 0.107
-0.029 -0.005 0.099
-0.031 -0.003 0.097
-0.031 -0.001 0.101
-0.035 0.005 0.105
-0.019 -0.005 0.111
-0.021 -0.001 0.109
-0.005 -0.021 0.053
-0.005 -0.019 0.041
-0.003 -0.017 0.037
-0.021 -0.007 0.053
-0.005 -0.019 0.051
-0.019 -0.007 0.063
-0.021 -0.005 0.061
-0.021 -0.005 0.063
-0.019 -0.001 0.063
-0.021 0.003 0.059
-0.029 0.005 0.073
-0.005 -0.033 0.041
-0.003 -0.027 0.051
-0.005 -0.023 0.053
-0.003 -0.021 0.055
-0.011 -0.019 0.079
-0.011 -0.017 0.081
-0.005 -0.025 0.047
-0.003 -0.015 0.037
-0.019 -0.009 0.055
-0.021 -0.005 0.057
-0.021 -0.007 0.061
-0.005 -0.029 0.045
-0.001 -0.029 0.047
-0.003 -0.027 0.049
-0.003 -0.023 0.055
-0.017 -0.013 0.065
-0.003 -0.025 0.055
-0.017 -0.013 0.069
-0.005 -0.019 0.049
-0.017 -0.013 0.063
-0.019 -0.009 0.067
-0.021 -0.005 0.063
-0.021 -0.003 0.061
-0.019 -0.005 0.065
-0.023 -0.003 0.055
-0.023 0.001 0.057
-0.023 0.001 0.057
-0.021 -0.001 0.059
-0.021 0.003 0.059
-0.021 0.005 0.059
-0.021 0.007 0.057
-0.021 0.005 0.059
-0.021 0.005 0.059
-0.033 0.011 0.069
-0.023 -0.001 0.057
-0.021 -0.001 0.061
-0.031 0.009 0.071
-0.033 0.013 0.077
-0.021 0.003 0.059
-0.019 0.003 0.061
-0.029 0.007 0.069
-0.031 0.009 0.073
-0.035 0.015 0.073
-0.033 0.011 0.073
-0.033 0.013 0.075
-0.033 0.013 0.077
-0.031 0.007 0.081
-0.033 0.011 0.075
-0.033 0.011 0.077
-0.037 0.017 0.083
-0.037 0.017 0.087
-0.001 -0.029 0.053
-0.001 -0.029 0.057
-0.001 -0.025 0.059
-0.001 -0.025 0.063
-0.015 -0.015 0.073
-0.017 -0.009 0.073
0.001 -0.029 0.063
0.001 -0.031 0.061
0.001 -0.027 0.065
-0.013 -0.015 0.079
-0.031 -0.001 0.085
-0.013 -0.017 0.077
-0.015 -0.013 0.077
-0.013 -0.015 0.083
-0.029 -0.007 0.089
-0.031 -0.003 0.097
-0.019 -0.003 0.067
-0.031 0.007 0.077
-0.017 -0.005 0.071
-0.017 -0.007 0.073
-0.017 -0.007 0.075
-0.033 0.001 0.089
-0.033 0.001 0.091
-0.035 0.011 0.083
-0.033 0.007 0.085
-0.033 0.009 0.085
-0.033 0.007 0.087
-0.033 0.007 0.089
-0.039 0.017 0.093
-0.035 0.007 0.093
-0.035 0.009 0.093
-0.035 0.009 0.097
-0.035 0.009 0.097
-0.037 0.015 0.093
-0.037 0.015 0.095
-0.037 0.015 0.097
-0.029 0.003 0.079
-0.033 0.007 0.089
-0.033 0.007 0.089
-0.031 0.009 0.081
-0.033 0.001 0.093
-0.029 -0.005 0.095
-0.031 -0.003 0.091
-0.033 0.003 0.091
-0.031 -0.005 0.097
0.003 -0.033 0.069
0.003 -0.031 0.073
0.001 -0.029 0.073
0.003 -0.031 0.075
-0.003 -0.027 0.081
-0.009 -0.021 0.085
-0.003 -0.027 0.085
-0.009 -0.019 0.087
-0.007 -0.021 0.087
-0.007 -0.019 0.089
0.023 -0.041 0.079
-0.003 -0.027 0.087
-0.001 -0.027 0.089
-0.003 -0.025 0.089
0.001 -0.027 0.089
-0.003 -0.023 0.091
0.023 -0.039 0.083
-0.001 -0.025 0.091
0.023 -0.037 0.085
0.027 -0.037 0.087
0.025 -0.035 0.087
0.029 -0.037 0.089
0.033 -0.043 0.085
0.033 -0.041 0.087
0.001 -0.027 0.067
-0.013 -0.015 0.079
-0.033 0.001 0.093
-0.009 -0.021 0.081
-0.007 -0.023 0.083
-0.009 -0.019 0.087
-0.007 -0.019 0.089
-0.031 -0.001 0.099
-0.027 -0.009 0.103
-0.031 0.001 0.103
-0.033 0.001 0.089
-0.035 0.011 0.087
-0.035 0.005 0.097
-0.035 0.005 0.099
-0.035 0.009 0.097
-0.035 0.007 0.103
-0.035 0.009 0.099
0.001 -0.031 0.085
-0.005 -0.011 0.093
0.003 -0.023 0.095
0.007 -0.027 0.093
0.001 -0.021 0.095
-0.003 -0.015 0.095
-0.003 -0.015 0.095
-0.035 0.003 0.107
-0.035 0.007 0.103
-0.033 0.001 0.109
0.005 -0.013 0.091
-0.029 -0.005 0.101
-0.035 0.005 0.039
-0.039 0.009 0.045
-0.041 0.013 0.049
-0.041 0.015 0.043
-0.041 0.019 0.053
-0.041 0.021 0.041
-0.041 0.023 0.045
-0.041 0.025 0.039
-0.041 0.025 0.045
-0.041 0.031 0.051
-0.041 0.027 0.059
-0.041 0.029 0.057
-0.029 0.037 0.041
-0.049 0.017 0.039
-0.041 0.011 0.039
-0.051 0.019 0.035
-0.045 0.021 0.041
-0.045 0.027 0.037
-0.041 0.019 0.047
-0.041 0.031 0.045
-0.039 0.009 0.049
-0.043 0.017 0.049
-0.043 0.019 0.049
-0.041 0.027 0.049
-0.041 0.027 0.057
-0.041 0.027 0.059
-0.039 0.031 0.063
-0.039 0.031 0.063
-0.041 0.013 0.041
-0.043 0.019 0.051
-0.039 0.017 0.057
-0.039 0.021 0.059
-0.039 0.023 0.061
-0.033 0.013 0.063
-0.031 0.011 0.063
-0.033 0.013 0.069
-0.037 0.025 0.069
-0.037 0.019 0.069
-0.037 0.023 0.069
-0.041 0.027 0.059
-0.039 0.029 0.059
-0.041 0.029 0.057
-0.037 0.033 0.063
-0.041 0.031 0.053
-0.039 0.035 0.051
-0.039 0.035 0.053
-0.039 0.033 0.057
-0.039 0.033 0.057
-0.037 0.035 0.059
-0.035 0.037 0.055
-0.037 0.029 0.067
-0.037 0.029 0.065
-0.035 0.029 0.069
-0.025 0.001 0.051
-0.027 0.009 0.053
-0.027 0.009 0.053
-0.035 0.015 0.057
-0.033 0.011 0.075
-0.035 0.015 0.063
-0.035 0.015 0.071
-0.035 0.019 0.071
-0.033 0.011 0.073
-0.035 0.019 0.071
-0.037 0.021 0.069
-0.035 0.021 0.073
-0.035 0.021 0.073
-0.035 0.017 0.073
-0.035 0.017 0.073
-0.035 0.027 0.071
-0.035 0.027 0.071
-0.035 0.025 0.071
-0.033 0.025 0.073
-0.033 0.033 0.065
-0.031 0.033 0.067
-0.033 0.029 0.071
-0.037 0.027 0.069
-0.037 0.025 0.069
-0.033 0.033 0.065
-0.033 0.035 0.063
-0.033 0.033 0.065
-0.039 0.033 0.057
-0.037 0.035 0.059
-0.033 0.035 0.063
-0.033 0.037 0.043
-0.019 0.037 0.035
-0.035 0.037 0.047
-0.031 0.037 0.045
-0.031 0.039 0.049
-0.017 0.039 0.041
-0.033 0.037 0.057
-0.033 0.037 0.057
-0.015 0.041 0.039
-0.017 0.037 0.043
-0.011 0.037 0.045
-0.029 0.037 0.057
-0.027 0.037 0.059
-0.013 0.041 0.041
-0.035 0.037 0.055
-0.031 0.037 0.059
-0.031 0.035 0.063
-0.029 0.035 0.063
-0.033 0.013 0.067
-0.035 0.015 0.069
-0.033 0.013 0.075
-0.039 0.027 0.065
-0.037 0.029 0.067
-0.035 0.031 0.067
-0.033 0.031 0.069
-0.035 0.011 0.085
-0.037 0.015 0.093
-0.037 0.015 0.097
-0.039 0.023 0.083
-0.037 0.017 0.085
-0.037 0.023 0.085
-0.039 0.031 0.087
-0.037 0.019 0.089
-0.039 0.021 0.095
-0.041 0.023 0.093
-0.039 0.023 0.097
-0.041 0.025 0.093
-0.043 0.031 0.097
-0.039 0.027 0.097
-0.041 0.031 0.099
-0.031 0.009 0.073
-0.029 0.005 0.073
-0.029 0.005 0.077
-0.033 0.011 0.073
-0.033 0.013 0.073
-0.031 0.009 0.077
-0.031 0.007 0.077
-0.031 0.007 0.079
-0.031 0.005 0.083
-0.029 0.005 0.077
-0.033 0.005 0.087
-0.033 0.007 0.087
-0.033 0.011 0.075
-0.033 0.011 0.077
-0.035 0.015 0.083
-0.035 0.011 0.087
-0.035 0.011 0.087
-0.039 0.019 0.095
-0.039 0.027 0.085
-0.029 0.033 0.067
-0.029 0.031 0.069
-0.031 0.027 0.073
-0.029 0.029 0.073
-0.029 0.029 0.073
-0.039 0.033 0.081
-0.037 0.019 0.083
-0.039 0.027 0.085
-0.041 0.027 0.093
-0.039 0.029 0.081
-0.039 0.029 0.083
-0.039 0.029 0.083
-0.033 0.003 0.087
-0.033 0.005 0.087
-0.035 0.013 0.087
-0.037 0.013 0.095
-0.037 0.015 0.101
-0.039 0.019 0.095
-0.035 0.011 0.103
-0.035 0.011 0.103
-0.035 0.015 0.105
-0.037 0.019 0.103
-0.037 0.021 0.103
-0.033 0.015 0.105
-0.041 0.025 0.095
-0.041 0.025 0.095
-0.039 0.023 0.097
-0.037 0.031 0.087
-0.043 0.031 0.099
-0.045 0.037 0.101
-0.037 0.019 0.097
-0.039 0.029 0.099
-0.043 0.033 0.099
-0.039 0.029 0.099
-0.037 0.031 0.103
-0.039 0.031 0.101
-0.041 0.029 0.099
-0.033 0.029 0.103
-0.043 0.037 0.085
-0.043 0.037 0.085
-0.041 0.039 0.089
-0.039 0.033 0.087
-0.041 0.043 0.089
-0.041 0.041 0.089
-0.041 0.043 0.089
-0.039 0.045 0.089
-0.039 0.049 0.093
-0.039 0.047 0.093
-0.039 0.049 0.091
-0.039 0.049 0.093
-0.031 0.033 0.067
-0.041 0.037 0.089
-0.041 0.041 0.089
-0.041 0.037 0.095
-0.045 0.037 0.099
-0.045 0.037 0.099
-0.041 0.043 0.089
-0.039 0.045 0.093
-0.039 0.047 0.087
-0.037 0.047 0.087
-0.039 0.045 0.093
-0.043 0.037 0.097
-0.031 0.037 0.089
-0.043 0.039 0.103
-0.035 0.045 0.093
-0.033 0.001 0.099
-0.037 0.013 0.099
-0.037 0.015 0.097
-0.035 0.003 0.107
-0.035 0.007 0.105
-0.039 0.019 0.101
-0.039 0.023 0.097
-0.043 0.029 0.097
-0.037 0.027 0.099
-0.039 0.029 0.099
-0.037 0.025 0.103
-0.039 0.033 0.103
-0.033 0.007 0.105
-0.027 0.007 0.111
-0.023 0.003 0.109
-0.027 0.009 0.111
-0.031 0.013 0.105
-0.027 0.015 0.105
-0.027 0.011 0.109
-0.023 0.013 0.107
-0.019 0.015 0.105
-0.025 0.009 0.113
-0.031 0.019 0.105
-0.025 0.011 0.109
-0.031 0.025 0.105
-0.033 0.027 0.105
-0.031 0.027 0.105
-0.027 0.025 0.105
-0.027 0.023 0.105
-0.035 0.031 0.103
-0.037 0.035 0.107
-0.033 0.029 0.103
-0.031 0.029 0.105
-0.029 0.029 0.103
-0.031 0.029 0.105
-0.033 0.031 0.103
-0.037 0.033 0.105
-0.029 0.017 0.105
-0.031 0.025 0.105
-0.043 0.033 0.097
-0.041 0.035 0.101
-0.043 0.041 0.103
-0.041 0.037 0.103
-0.043 0.041 0.101
-0.035 0.043 0.103
-0.037 0.035 0.107
-0.037 0.035 0.107
-0.039 0.035 0.105
-0.041 0.039 0.105
-0.039 0.039 0.105
-0.033 0.041 0.099
-0.033 0.043 0.103
-0.035 0.037 0.107
-0.039 0.027 0.061
-0.039 0.029 0.061
-0.037 0.021 0.069
-0.035 0.019 0.071
-0.039 0.025 0.065
-0.037 0.023 0.069
