-0.005 -0.037 0.035
-0.005 -0.037 0.037
-0.003 -0.035 0.035
-0.033 -0.003 0.035
-0.009 -0.031 0.039
-0.003 -0.035 0.037
-0.007 -0.033 0.039
-0.005 -0.035 0.037
-0.005 -0.031 0.041
-0.001 -0.033 0.041
-0.007 -0.029 0.043
-0.005 -0.029 0.043
-0.007 -0.029 0.043
-0.005 -0.027 0.045
-0.005 -0.027 0.045
-0.003 -0.027 0.049
-0.005 -0.025 0.049
-0.005 -0.025 0.049
-0.025 -0.007 0.039
-0.025 -0.007 0.039
-0.017 -0.005 0.039
-0.025 -0.005 0.047
-0.009 -0.005 0.041
-0.015 -0.009 0.047
-0.007 -0.007 0.045
-0.001 -0.029 0.057
-0.001 -0.027 0.061
-0.017 -0.011 0.055
-0.019 -0.009 0.051
-0.017 -0.013 0.063
-0.011 -0.011 0.053
-0.009 -0.011 0.053
-0.001 -0.025 0.059
-0.005 -0.011 0.055
-0.009 -0.021 0.077
-0.007 -0.023 0.079
-0.005 -0.025 0.079
-0.017 -0.013 0.069
-0.019 -0.009 0.067
-0.017 -0.013 0.071
-0.017 -0.013 0.071
-0.017 -0.011 0.073
-0.017 -0.011 0.073
-0.015 -0.013 0.065
-0.013 -0.015 0.067
-0.015 -0.015 0.069
-0.003 -0.019 0.071
-0.003 -0.025 0.077
-0.015 -0.013 0.077
-0.015 -0.015 0.073
-0.015 -0.013 0.079
-0.015 -0.013 0.077
-0.015 -0.013 0.079
-0.013 -0.015 0.083
-0.015 -0.011 0.079
-0.013 -0.015 0.083
-0.015 -0.011 0.079
-0.009 -0.019 0.087
-0.001 -0.029 0.083
-0.005 -0.025 0.085
-0.011 -0.017 0.085
-0.009 -0.019 0.087
-0.005 -0.025 0.087
-0.001 -0.025 0.091
-0.001 -0.023 0.091
-0.001 -0.019 0.095
-0.027 -0.007 0.087
-0.031 -0.003 0.089
-0.027 -0.007 0.093
-0.031 -0.003 0.093
-0.029 -0.007 0.097
-0.013 -0.013 0.083
-0.013 -0.005 0.085
-0.003 -0.023 0.091
-0.005 -0.019 0.091
-0.027 -0.009 0.101
-0.029 -0.005 0.099
-0.029 -0.007 0.101
-0.029 -0.007 0.103
-0.023 -0.001 0.107
-0.017 -0.011 0.113
-0.017 -0.011 0.113
0.021 -0.035 0.033
0.015 -0.035 0.033
0.013 -0.035 0.035
0.005 -0.035 0.039
0.011 -0.033 0.039
0.015 -0.035 0.037
0.021 -0.033 0.037
0.017 -0.029 0.043
0.001 -0.035 0.037
0.011 -0.035 0.035
0.013 -0.035 0.037
0.015 -0.035 0.037
0.003 -0.035 0.041
0.001 -0.033 0.043
0.007 -0.033 0.045
0.023 -0.035 0.033
0.025 -0.035 0.035
0.031 -0.033 0.045
0.005 -0.033 0.061
0.007 -0.035 0.063
0.029 -0.035 0.055
0.031 -0.037 0.061
0.033 -0.033 0.045
0.035 -0.033 0.047
0.033 -0.035 0.063
0.001 -0.035 0.037
0.005 -0.033 0.041
0.011 -0.035 0.037
0.015 -0.031 0.043
0.009 -0.033 0.045
0.019 -0.033 0.039
0.029 -0.033 0.035
0.029 -0.033 0.035
0.017 -0.031 0.041
0.017 -0.029 0.043
0.017 -0.031 0.041
0.029 -0.031 0.043
0.025 -0.023 0.049
0.013 -0.031 0.043
0.013 -0.027 0.047
0.011 -0.029 0.051
0.009 -0.033 0.057
-0.001 -0.029 0.055
0.005 -0.033 0.061
0.019 -0.023 0.047
0.029 -0.029 0.051
0.015 -0.025 0.047
0.013 -0.027 0.051
0.021 -0.019 0.047
0.019 -0.033 0.065
0.013 -0.035 0.065
0.019 -0.033 0.065
0.023 -0.013 0.047
0.023 -0.037 0.065
0.005 -0.033 0.049
0.005 -0.031 0.051
0.001 -0.031 0.055
0.013 -0.027 0.051
0.011 -0.033 0.057
0.013 -0.029 0.055
0.013 -0.033 0.059
0.013 -0.033 0.061
0.003 -0.031 0.059
0.003 -0.033 0.065
0.001 -0.031 0.063
0.013 -0.035 0.063
0.001 -0.029 0.065
0.013 -0.037 0.073
0.027 -0.035 0.057
0.027 -0.035 0.057
0.015 -0.033 0.061
0.023 -0.033 0.061
0.027 -0.037 0.069
0.003 -0.033 0.063
0.005 -0.033 0.063
0.003 -0.033 0.065
0.011 -0.035 0.061
0.009 -0.035 0.067
0.007 -0.035 0.067
0.003 -0.033 0.071
-0.001 -0.019 0.071
-0.001 -0.027 0.077
0.013 -0.035 0.065
0.015 -0.035 0.065
0.019 -0.033 0.067
0.023 -0.039 0.071
0.021 -0.039 0.073
0.025 -0.039 0.071
0.017 -0.035 0.067
0.017 -0.035 0.073
0.021 -0.037 0.071
0.023 -0.039 0.071
0.025 -0.041 0.077
0.015 -0.035 0.075
0.019 -0.035 0.077
0.019 -0.035 0.079
0.023 -0.039 0.073
0.017 -0.035 0.073
0.019 -0.035 0.077
0.021 -0.039 0.077
0.023 -0.041 0.077
0.041 -0.029 0.047
0.035 -0.035 0.055
0.039 -0.031 0.049
0.031 -0.033 0.047
0.031 -0.033 0.049
0.035 -0.033 0.049
0.041 -0.029 0.049
0.029 -0.037 0.063
0.029 -0.037 0.065
0.037 -0.031 0.061
0.033 -0.035 0.065
0.031 -0.035 0.067
0.031 -0.037 0.065
0.005 -0.035 0.071
0.005 -0.035 0.073
0.019 -0.035 0.071
0.031 -0.037 0.065
0.027 -0.041 0.075
0.023 -0.041 0.079
0.017 -0.035 0.077
0.005 -0.033 0.083
0.009 -0.035 0.083
0.011 -0.033 0.083
0.031 -0.043 0.081
0.029 -0.043 0.081
0.023 -0.039 0.081
0.025 -0.039 0.085
0.027 -0.039 0.085
0.033 -0.043 0.077
0.035 -0.045 0.081
0.035 -0.045 0.081
0.035 -0.043 0.087
0.001 -0.031 0.077
0.005 -0.033 0.079
0.003 -0.033 0.073
0.003 -0.031 0.079
0.001 -0.031 0.079
0.013 -0.035 0.083
0.021 -0.039 0.073
0.019 -0.035 0.077
0.023 -0.039 0.071
0.027 -0.037 0.071
0.025 -0.041 0.075
0.015 -0.035 0.079
0.021 -0.037 0.075
0.017 -0.035 0.081
0.019 -0.035 0.081
0.015 -0.033 0.087
-0.001 -0.029 0.081
-0.001 -0.027 0.079
-0.001 -0.029 0.081
0.001 -0.031 0.083
0.003 -0.031 0.083
0.007 -0.033 0.085
0.015 -0.035 0.079
0.019 -0.033 0.083
0.001 -0.031 0.081
0.003 -0.031 0.083
0.005 -0.033 0.083
0.003 -0.031 0.085
0.007 -0.033 0.085
0.013 -0.031 0.087
0.013 -0.029 0.091
0.009 -0.029 0.091
0.001 -0.021 0.095
0.009 -0.027 0.093
0.007 -0.027 0.093
0.009 -0.027 0.093
0.017 -0.033 0.087
0.017 -0.025 0.087
0.011 -0.031 0.089
0.007 -0.027 0.093
0.001 -0.021 0.095
0.005 -0.023 0.095
-0.017 -0.001 0.033
-0.027 -0.007 0.041
-0.029 -0.005 0.041
-0.027 -0.005 0.043
-0.009 -0.005 0.041
-0.017 -0.009 0.051
-0.019 -0.009 0.053
-0.033 -0.003 0.035
-0.035 0.001 0.037
-0.037 0.005 0.037
-0.037 0.007 0.043
-0.039 0.009 0.045
-0.049 0.017 0.039
-0.049 0.017 0.039
-0.049 0.017 0.039
-0.049 0.017 0.039
-0.049 0.017 0.039
-0.045 0.015 0.037
-0.045 0.015 0.039
-0.043 0.015 0.041
-0.039 0.009 0.051
-0.039 0.009 0.049
-0.043 0.015 0.051
-0.041 0.023 0.057
-0.039 0.021 0.063
-0.027 -0.007 0.041
-0.023 -0.007 0.041
-0.019 -0.005 0.041
-0.031 -0.001 0.039
-0.017 -0.007 0.043
-0.019 -0.007 0.045
-0.019 -0.007 0.047
-0.027 0.001 0.047
-0.009 0.001 0.035
-0.011 -0.005 0.039
-0.003 -0.003 0.045
-0.007 -0.007 0.045
-0.007 -0.007 0.045
-0.003 -0.027 0.055
-0.005 -0.023 0.053
-0.005 -0.019 0.053
-0.005 -0.009 0.053
-0.003 -0.009 0.053
-0.003 -0.009 0.053
-0.005 -0.011 0.055
-0.017 -0.009 0.049
-0.007 -0.011 0.053
-0.003 -0.023 0.059
-0.009 -0.015 0.061
-0.005 -0.013 0.061
-0.017 -0.011 0.059
-0.009 -0.015 0.063
-0.011 -0.019 0.075
-0.029 0.007 0.051
-0.027 0.003 0.049
-0.023 -0.001 0.057
-0.023 -0.001 0.057
-0.023 0.007 0.055
-0.021 -0.005 0.063
-0.019 -0.009 0.067
-0.019 -0.009 0.067
-0.031 0.011 0.063
-0.025 0.011 0.061
-0.021 -0.005 0.063
-0.019 -0.009 0.067
-0.021 0.011 0.057
-0.021 0.011 0.061
-0.003 -0.013 0.063
-0.011 -0.017 0.071
-0.015 -0.015 0.071
-0.007 -0.017 0.069
-0.005 -0.017 0.067
-0.003 -0.027 0.081
-0.017 -0.005 0.075
-0.017 -0.009 0.075
-0.021 0.003 0.073
-0.019 0.001 0.075
-0.023 0.001 0.077
-0.013 -0.017 0.071
-0.015 -0.015 0.073
-0.011 -0.017 0.073
-0.009 -0.019 0.073
-0.017 -0.011 0.073
-0.015 -0.013 0.079
-0.035 0.015 0.059
-0.031 0.011 0.053
-0.027 0.009 0.053
-0.031 0.011 0.053
-0.019 -0.009 0.059
-0.017 -0.011 0.063
-0.029 0.011 0.061
-0.013 -0.015 0.065
-0.009 -0.017 0.067
-0.011 -0.017 0.069
-0.011 -0.019 0.077
-0.015 -0.015 0.075
-0.011 -0.019 0.077
-0.029 0.009 0.067
-0.025 0.007 0.069
-0.017 -0.005 0.075
-0.025 0.003 0.073
-0.029 0.005 0.075
-0.033 0.011 0.077
-0.035 0.017 0.073
-0.035 0.017 0.073
-0.033 0.011 0.077
-0.033 -0.001 0.097
-0.035 0.007 0.093
-0.035 0.005 0.097
-0.035 0.005 0.097
-0.035 0.005 0.099
-0.033 0.001 0.101
-0.039 0.017 0.093
-0.037 0.013 0.099
-0.033 0.001 0.107
-0.029 0.007 0.069
-0.025 0.007 0.069
-0.023 0.007 0.069
-0.031 0.009 0.067
-0.019 0.003 0.073
-0.019 0.001 0.077
-0.017 0.001 0.077
-0.017 -0.005 0.075
-0.015 -0.015 0.075
-0.013 -0.017 0.079
-0.015 -0.013 0.079
-0.003 -0.027 0.083
-0.007 -0.023 0.081
-0.013 -0.015 0.083
-0.011 -0.017 0.085
-0.011 -0.017 0.085
-0.009 -0.021 0.085
-0.015 0.005 0.081
-0.017 0.001 0.077
-0.017 -0.001 0.079
-0.017 -0.001 0.083
-0.023 -0.001 0.087
-0.031 -0.001 0.087
-0.029 -0.005 0.089
-0.029 -0.005 0.089
-0.025 -0.003 0.089
-0.029 -0.007 0.087
-0.031 -0.003 0.091
-0.017 -0.001 0.081
-0.031 -0.003 0.089
-0.017 -0.001 0.089
-0.017 -0.001 0.089
-0.019 -0.003 0.091
-0.017 -0.001 0.091
-0.015 0.005 0.081
-0.011 0.001 0.089
-0.015 0.003 0.089
-0.011 0.001 0.089
-0.015 0.003 0.089
-0.011 0.001 0.093
-0.015 0.003 0.095
-0.013 0.003 0.097
-0.015 0.003 0.097
-0.031 -0.005 0.097
-0.029 -0.005 0.099
-0.017 -0.001 0.091
-0.021 -0.001 0.095
-0.019 -0.001 0.095
-0.017 0.003 0.093
-0.029 -0.007 0.097
-0.029 -0.005 0.099
-0.029 -0.007 0.101
-0.025 0.001 0.099
-0.027 -0.005 0.103
-0.023 0.001 0.097
-0.021 0.001 0.099
-0.029 -0.007 0.103
-0.029 -0.007 0.103
-0.017 -0.005 0.107
-0.025 0.001 0.099
-0.025 0.003 0.101
-0.029 -0.003 0.103
-0.027 0.001 0.101
-0.021 -0.003 0.109
-0.035 0.005 0.097
-0.039 0.017 0.093
-0.041 0.023 0.093
-0.033 0.001 0.101
-0.035 0.003 0.107
-0.041 0.029 0.099
-0.037 0.013 0.097
-0.037 0.017 0.103
-0.039 0.021 0.101
-0.033 0.001 0.109
-0.033 0.001 0.109
-0.027 0.001 0.081
-0.031 -0.003 0.101
-0.029 0.001 0.103
-0.031 0.001 0.105
-0.027 -0.005 0.103
-0.025 0.003 0.101
-0.031 0.001 0.105
-0.027 0.005 0.103
-0.027 0.005 0.103
-0.029 0.005 0.103
-0.029 0.001 0.103
-0.029 0.009 0.105
-0.031 0.001 0.107
-0.033 0.001 0.099
-0.035 0.005 0.099
-0.037 0.013 0.097
-0.035 0.003 0.105
-0.035 0.003 0.105
-0.037 0.015 0.101
-0.043 0.029 0.097
-0.037 0.015 0.101
-0.037 0.017 0.103
-0.037 0.021 0.103
-0.029 0.001 0.103
-0.029 0.005 0.103
-0.025 0.003 0.107
-0.027 0.007 0.107
-0.019 -0.005 0.111
-0.021 0.001 0.109
-0.031 0.011 0.105
-0.025 0.005 0.111
-0.023 0.005 0.113
-0.009 -0.001 0.097
-0.009 -0.001 0.097
-0.011 0.001 0.099
-0.009 0.001 0.097
-0.015 -0.013 0.113
-0.015 -0.009 0.113
-0.015 0.009 0.109
-0.017 -0.009 0.113
-0.031 0.005 0.107
-0.025 0.005 0.113
-0.029 0.023 0.105
-0.023 0.005 0.113
-0.043 0.035 0.101
-0.037 0.023 0.103
-0.035 0.015 0.105
-0.039 0.023 0.103
-0.039 0.031 0.101
-0.037 0.033 0.105
-0.033 0.033 0.105
-0.033 0.033 0.105
-0.033 0.033 0.105
-0.037 0.033 0.105
-0.031 0.017 0.105
-0.025 0.005 0.111
-0.027 0.007 0.111
0.003 -0.031 0.059
0.005 -0.033 0.057
0.007 -0.033 0.057
0.005 -0.033 0.057
0.007 -0.035 0.063
0.001 -0.031 0.063
-0.001 -0.025 0.063
-0.001 -0.029 0.083
