-0.007 -0.033 0.035
-0.009 -0.031 0.041
-0.009 -0.029 0.041
-0.007 -0.025 0.045
-0.005 -0.021 0.041
-0.003 -0.029 0.045
-0.005 -0.025 0.049
-0.005 -0.023 0.049
-0.005 -0.017 0.049
-0.029 -0.005 0.035
-0.031 -0.003 0.037
-0.029 -0.003 0.039
-0.031 -0.001 0.041
-0.029 -0.003 0.043
-0.021 -0.007 0.049
-0.001 -0.011 0.039
-0.023 -0.007 0.047
-0.025 -0.005 0.051
-0.025 -0.005 0.053
-0.005 -0.015 0.043
-0.019 -0.009 0.061
-0.019 -0.009 0.063
-0.003 -0.023 0.057
-0.005 -0.019 0.053
-0.001 -0.025 0.061
-0.013 -0.017 0.069
-0.021 -0.005 0.055
-0.023 -0.003 0.055
-0.019 -0.009 0.061
-0.023 -0.001 0.057
-0.021 -0.007 0.061
-0.017 -0.011 0.061
-0.015 -0.013 0.063
-0.017 -0.003 0.069
-0.017 -0.013 0.069
-0.015 -0.013 0.077
-0.015 -0.011 0.079
-0.013 -0.017 0.073
-0.009 -0.021 0.079
-0.011 -0.017 0.081
-0.019 -0.009 0.067
-0.017 -0.007 0.071
-0.015 -0.011 0.075
-0.015 -0.011 0.077
-0.029 -0.007 0.089
-0.031 -0.003 0.093
-0.031 -0.005 0.097
-0.029 -0.005 0.103
-0.003 -0.027 0.087
-0.009 -0.021 0.085
-0.007 -0.023 0.087
-0.001 -0.021 0.091
-0.029 -0.007 0.089
-0.031 -0.001 0.087
-0.027 -0.009 0.097
-0.029 -0.007 0.093
-0.029 -0.005 0.101
-0.033 -0.001 0.097
-0.031 -0.003 0.099
-0.031 -0.003 0.101
-0.029 -0.005 0.103
-0.013 -0.015 0.083
-0.011 -0.015 0.085
-0.013 -0.011 0.083
-0.029 -0.007 0.103
-0.027 -0.009 0.103
-0.027 -0.009 0.103
-0.029 -0.005 0.103
-0.005 -0.005 0.087
-0.005 -0.011 0.093
-0.031 -0.003 0.101
-0.019 -0.007 0.111
0.005 -0.033 0.045
0.019 -0.033 0.039
-0.005 -0.025 0.049
-0.003 -0.025 0.051
0.001 -0.031 0.055
-0.001 -0.029 0.055
-0.001 -0.029 0.059
-0.003 -0.025 0.057
-0.001 -0.019 0.059
-0.001 -0.019 0.061
-0.007 -0.015 0.061
-0.009 -0.021 0.075
0.009 -0.035 0.039
0.013 -0.035 0.037
0.003 -0.035 0.041
0.001 -0.033 0.043
0.013 -0.035 0.037
0.015 -0.033 0.041
0.005 -0.033 0.057
0.003 -0.033 0.069
0.003 -0.033 0.073
0.005 -0.033 0.079
0.005 -0.033 0.079
0.003 -0.033 0.081
-0.003 -0.029 0.045
-0.005 -0.025 0.049
0.001 -0.031 0.045
-0.005 -0.025 0.047
-0.005 -0.021 0.043
-0.005 -0.023 0.045
-0.003 -0.019 0.055
-0.001 -0.025 0.063
0.001 -0.031 0.061
0.001 -0.029 0.063
0.001 -0.029 0.065
0.003 -0.031 0.067
-0.007 -0.023 0.079
-0.003 -0.013 0.041
-0.021 -0.007 0.061
-0.021 -0.005 0.061
-0.019 -0.009 0.067
-0.017 -0.005 0.073
-0.017 -0.011 0.065
-0.017 -0.011 0.067
-0.013 -0.015 0.077
-0.015 -0.013 0.079
-0.015 -0.011 0.075
-0.013 -0.015 0.081
-0.013 -0.015 0.083
-0.013 -0.015 0.083
-0.011 -0.019 0.083
-0.015 -0.011 0.079
-0.015 -0.009 0.079
-0.015 -0.009 0.079
-0.013 -0.009 0.081
-0.013 -0.013 0.083
-0.013 -0.011 0.083
-0.013 -0.009 0.083
0.001 -0.031 0.051
0.001 -0.031 0.051
0.001 -0.031 0.057
0.001 -0.027 0.065
0.001 -0.025 0.067
-0.009 -0.021 0.077
0.003 -0.023 0.069
-0.011 -0.019 0.081
0.003 -0.031 0.067
0.001 -0.031 0.083
-0.007 -0.023 0.087
0.001 -0.031 0.083
0.001 -0.031 0.083
0.001 -0.029 0.087
0.001 -0.031 0.085
0.003 -0.029 0.089
-0.017 -0.011 0.073
-0.013 -0.017 0.079
-0.013 -0.015 0.079
-0.011 -0.017 0.083
-0.015 -0.007 0.079
-0.013 -0.015 0.083
-0.009 -0.015 0.087
-0.009 -0.017 0.087
-0.009 -0.015 0.087
-0.007 -0.015 0.089
-0.011 -0.009 0.087
-0.011 -0.009 0.087
-0.011 -0.009 0.087
-0.009 -0.017 0.087
-0.009 -0.013 0.089
-0.007 -0.013 0.093
-0.007 -0.013 0.093
-0.007 -0.011 0.091
-0.005 -0.011 0.093
0.003 -0.031 0.069
-0.003 -0.027 0.079
0.001 -0.025 0.067
-0.003 -0.025 0.077
-0.005 -0.025 0.081
-0.001 -0.029 0.083
-0.001 -0.029 0.085
0.001 -0.031 0.085
-0.007 -0.021 0.087
-0.005 -0.025 0.087
-0.005 -0.023 0.089
-0.011 -0.017 0.083
-0.011 -0.017 0.085
-0.011 -0.017 0.085
-0.009 -0.019 0.087
-0.001 -0.027 0.089
-0.005 -0.021 0.089
-0.003 -0.023 0.091
-0.001 -0.025 0.091
0.005 -0.031 0.087
0.003 -0.029 0.089
0.005 -0.035 0.073
0.003 -0.033 0.081
0.013 -0.037 0.075
0.009 -0.035 0.081
0.007 -0.035 0.079
0.007 -0.035 0.079
0.003 -0.033 0.081
0.021 -0.037 0.073
0.021 -0.037 0.077
0.011 -0.033 0.087
0.021 -0.039 0.077
0.021 -0.039 0.079
0.015 -0.033 0.087
0.021 -0.039 0.079
0.023 -0.039 0.083
0.013 -0.035 0.083
0.011 -0.033 0.087
0.015 -0.033 0.087
0.023 -0.039 0.083
0.025 -0.039 0.085
0.027 -0.037 0.087
0.029 -0.035 0.087
0.033 -0.043 0.085
0.003 -0.029 0.067
0.001 -0.027 0.067
-0.009 -0.021 0.081
-0.007 -0.023 0.081
-0.011 -0.019 0.083
-0.007 -0.023 0.083
-0.009 -0.021 0.085
-0.009 -0.019 0.087
-0.009 -0.019 0.087
0.001 -0.029 0.077
-0.001 -0.029 0.081
-0.007 -0.023 0.085
-0.009 -0.019 0.085
-0.001 -0.029 0.085
0.003 -0.031 0.087
-0.001 -0.029 0.085
-0.005 -0.021 0.089
-0.001 -0.019 0.093
0.001 -0.023 0.093
0.005 -0.025 0.093
0.005 -0.025 0.093
-0.011 -0.013 0.087
-0.011 -0.017 0.085
-0.009 -0.017 0.087
-0.029 -0.007 0.097
-0.009 -0.011 0.087
-0.007 -0.013 0.091
-0.003 -0.017 0.093
-0.011 -0.005 0.087
-0.007 -0.007 0.089
-0.005 -0.005 0.087
-0.005 -0.015 0.091
-0.005 -0.015 0.091
0.003 -0.031 0.087
0.003 -0.019 0.095
0.009 -0.029 0.091
0.007 -0.027 0.093
0.009 -0.025 0.095
0.003 -0.021 0.095
0.001 -0.021 0.095
0.003 -0.021 0.095
0.005 -0.023 0.095
0.001 -0.019 0.095
0.007 -0.019 0.093
0.007 -0.029 0.091
0.011 -0.031 0.089
0.003 -0.023 0.095
0.005 -0.023 0.095
0.001 -0.011 0.091
0.009 -0.015 0.091
0.003 -0.011 0.091
-0.005 -0.009 0.091
0.001 -0.013 0.091
0.007 -0.013 0.091
0.001 -0.007 0.089
-0.033 0.001 0.039
-0.033 0.001 0.039
-0.035 0.005 0.041
-0.033 0.003 0.041
-0.029 0.003 0.043
-0.027 0.007 0.051
-0.035 0.015 0.057
-0.039 0.021 0.063
-0.049 0.015 0.037
-0.039 0.007 0.037
-0.037 0.005 0.037
-0.047 0.015 0.039
-0.041 0.013 0.041
-0.039 0.009 0.039
-0.041 0.011 0.045
-0.033 0.003 0.043
-0.051 0.017 0.037
-0.049 0.023 0.039
-0.047 0.021 0.039
-0.045 0.023 0.041
-0.041 0.015 0.043
-0.041 0.027 0.047
-0.041 0.025 0.039
-0.041 0.019 0.041
-0.043 0.017 0.049
-0.041 0.023 0.045
-0.041 0.023 0.049
-0.041 0.025 0.045
-0.041 0.031 0.049
-0.039 0.011 0.053
-0.035 0.009 0.051
-0.037 0.013 0.055
-0.043 0.019 0.051
-0.043 0.019 0.051
-0.037 0.031 0.065
-0.029 0.001 0.041
-0.029 0.005 0.047
-0.025 0.001 0.051
-0.023 0.001 0.057
-0.029 0.007 0.051
-0.027 0.003 0.075
-0.031 0.007 0.077
-0.029 0.005 0.079
-0.041 0.025 0.059
-0.033 0.013 0.053
-0.031 0.013 0.059
-0.037 0.017 0.067
-0.037 0.017 0.067
-0.033 0.013 0.067
-0.039 0.021 0.063
-0.037 0.019 0.069
-0.035 0.021 0.071
-0.033 0.011 0.077
-0.033 0.015 0.075
-0.033 0.021 0.075
-0.037 0.021 0.083
-0.025 0.003 0.053
-0.031 0.009 0.051
-0.031 0.011 0.053
-0.035 0.015 0.061
-0.031 0.013 0.059
-0.023 0.009 0.053
-0.021 0.009 0.055
-0.033 0.013 0.065
-0.029 0.007 0.071
-0.029 -0.003 0.087
-0.031 0.007 0.081
-0.031 0.009 0.079
-0.031 0.003 0.083
-0.033 0.003 0.089
-0.033 0.001 0.091
-0.029 0.005 0.077
-0.033 0.019 0.075
-0.033 0.011 0.077
-0.033 0.013 0.077
-0.037 0.017 0.081
-0.035 0.015 0.081
-0.037 0.021 0.081
-0.039 0.033 0.043
-0.039 0.033 0.051
-0.039 0.035 0.051
-0.037 0.035 0.059
-0.033 0.037 0.057
-0.035 0.033 0.063
-0.041 0.029 0.051
-0.039 0.033 0.057
-0.039 0.031 0.061
-0.039 0.035 0.053
-0.039 0.029 0.061
-0.035 0.031 0.067
-0.037 0.027 0.069
-0.039 0.031 0.063
-0.037 0.025 0.069
-0.035 0.033 0.063
-0.033 0.033 0.065
-0.035 0.029 0.069
-0.033 0.027 0.071
-0.031 0.035 0.063
-0.037 0.035 0.059
-0.033 0.029 0.071
-0.033 0.029 0.071
-0.033 0.035 0.063
-0.031 0.033 0.067
-0.031 0.037 0.059
-0.031 0.037 0.059
-0.029 0.037 0.059
-0.033 0.013 0.069
-0.033 0.011 0.071
-0.033 0.011 0.077
-0.037 0.023 0.067
-0.035 0.021 0.073
-0.037 0.029 0.067
-0.033 0.025 0.073
-0.037 0.017 0.083
-0.033 0.003 0.097
-0.035 0.009 0.097
-0.037 0.013 0.095
-0.037 0.023 0.087
-0.037 0.021 0.089
-0.037 0.019 0.087
-0.037 0.019 0.089
-0.037 0.029 0.087
-0.041 0.027 0.093
-0.039 0.019 0.095
-0.037 0.017 0.097
-0.039 0.023 0.097
-0.043 0.031 0.099
-0.043 0.029 0.097
-0.039 0.023 0.097
-0.037 0.025 0.101
-0.043 0.029 0.097
-0.039 0.029 0.099
-0.031 0.007 0.075
-0.029 0.005 0.077
-0.021 0.003 0.071
-0.031 0.009 0.069
-0.031 0.009 0.073
-0.031 0.009 0.077
-0.031 0.007 0.079
-0.033 0.013 0.077
-0.031 0.007 0.077
-0.031 0.003 0.083
-0.033 0.007 0.085
-0.031 -0.001 0.091
-0.033 0.001 0.093
-0.035 0.009 0.093
-0.031 -0.001 0.091
-0.033 0.001 0.095
-0.031 -0.003 0.093
-0.031 -0.003 0.095
-0.035 0.013 0.085
-0.035 0.013 0.087
-0.039 0.025 0.083
-0.039 0.027 0.085
-0.037 0.017 0.087
-0.037 0.019 0.087
-0.037 0.019 0.089
-0.039 0.017 0.093
-0.037 0.017 0.095
-0.029 -0.001 0.101
-0.027 -0.001 0.101
-0.033 0.001 0.109
-0.033 0.001 0.109
-0.035 0.005 0.103
-0.035 0.007 0.105
-0.023 0.001 0.105
-0.025 0.005 0.107
-0.027 0.007 0.107
-0.037 0.015 0.095
-0.039 0.017 0.093
-0.037 0.013 0.099
-0.035 0.015 0.103
-0.035 0.019 0.103
-0.039 0.025 0.097
-0.037 0.027 0.099
-0.035 0.021 0.103
-0.035 0.023 0.103
-0.037 0.019 0.103
-0.037 0.017 0.103
-0.033 0.021 0.105
-0.033 0.017 0.105
-0.029 0.015 0.105
-0.029 0.021 0.105
-0.035 0.023 0.103
-0.027 0.015 0.105
-0.043 0.037 0.085
-0.043 0.029 0.095
-0.043 0.031 0.097
-0.043 0.033 0.097
-0.039 0.045 0.093
-0.039 0.043 0.091
-0.045 0.037 0.101
-0.037 0.029 0.101
-0.043 0.035 0.101
-0.041 0.033 0.101
-0.037 0.029 0.101
-0.043 0.035 0.099
-0.045 0.037 0.101
-0.043 0.035 0.101
-0.035 0.005 0.099
-0.035 0.007 0.101
-0.035 0.009 0.099
-0.035 0.007 0.105
-0.039 0.023 0.103
-0.035 0.023 0.103
-0.041 0.027 0.097
-0.037 0.029 0.101
-0.033 0.003 0.109
-0.025 0.005 0.105
-0.033 0.001 0.109
-0.025 0.005 0.109
-0.025 0.009 0.113
-0.027 0.007 0.109
-0.027 0.007 0.111
-0.025 0.005 0.115
-0.029 0.009 0.105
-0.023 0.003 0.109
-0.019 -0.001 0.111
-0.019 -0.001 0.111
-0.021 0.003 0.109
-0.025 0.017 0.105
-0.019 0.017 0.105
-0.025 0.021 0.105
-0.033 0.027 0.105
-0.033 0.031 0.103
-0.031 0.027 0.105
-0.031 0.025 0.105
-0.021 0.015 0.105
-0.025 0.005 0.115
-0.041 0.035 0.101
-0.043 0.037 0.103
-0.039 0.033 0.103
-0.041 0.039 0.105
-0.035 0.039 0.105
-0.039 0.041 0.105
-0.035 0.033 0.105
-0.035 0.035 0.107
-0.035 0.037 0.107
-0.037 0.033 0.105
-0.039 0.039 0.105
-0.031 -0.001 0.087
-0.019 -0.001 0.067
-0.031 0.007 0.079
-0.029 0.005 0.075
-0.025 0.003 0.075
-0.017 -0.005 0.073
-0.029 -0.005 0.093
-0.031 -0.005 0.097
