-0.005 -0.037 0.037
-0.005 -0.033 0.041
-0.007 -0.025 0.045
-0.007 -0.029 0.045
-0.005 -0.029 0.045
-0.007 -0.025 0.045
-0.007 -0.025 0.045
-0.005 -0.021 0.043
-0.005 -0.025 0.049
-0.027 -0.007 0.037
-0.027 -0.007 0.037
-0.027 -0.007 0.039
-0.031 -0.001 0.039
-0.027 -0.007 0.041
-0.023 -0.007 0.043
-0.025 -0.005 0.047
-0.025 -0.005 0.049
-0.023 -0.007 0.045
-0.019 -0.009 0.051
-0.005 -0.017 0.049
-0.005 -0.017 0.051
-0.015 -0.011 0.051
-0.015 -0.013 0.061
-0.013 -0.015 0.061
-0.021 -0.007 0.051
-0.021 -0.007 0.055
-0.023 -0.001 0.057
-0.021 -0.007 0.061
-0.013 -0.013 0.057
-0.003 -0.017 0.053
-0.017 -0.013 0.063
-0.013 -0.017 0.069
-0.007 -0.015 0.063
-0.009 -0.017 0.067
-0.009 -0.019 0.071
-0.009 -0.021 0.075
-0.009 -0.021 0.075
-0.003 -0.027 0.081
-0.003 -0.027 0.079
-0.007 -0.023 0.081
-0.005 -0.025 0.081
-0.017 -0.013 0.069
-0.017 -0.011 0.071
-0.017 -0.011 0.073
-0.019 -0.005 0.067
-0.017 -0.011 0.073
-0.017 -0.007 0.075
-0.017 -0.005 0.075
-0.011 -0.019 0.075
-0.007 -0.023 0.081
-0.015 -0.011 0.077
-0.015 -0.009 0.077
-0.009 -0.011 0.089
-0.003 -0.027 0.083
-0.001 -0.029 0.085
-0.001 -0.027 0.089
-0.005 -0.025 0.087
-0.003 -0.021 0.091
-0.003 -0.017 0.093
-0.029 -0.007 0.097
-0.029 -0.007 0.097
-0.029 -0.005 0.099
-0.029 -0.007 0.101
-0.017 -0.001 0.091
-0.027 -0.009 0.103
-0.013 -0.013 0.083
-0.009 -0.015 0.087
-0.009 -0.011 0.089
-0.013 -0.007 0.083
-0.013 -0.005 0.085
-0.011 -0.007 0.089
-0.011 -0.009 0.087
-0.009 -0.011 0.089
-0.007 -0.009 0.091
-0.009 -0.011 0.091
-0.009 -0.009 0.091
-0.033 -0.001 0.097
-0.029 -0.007 0.097
-0.029 -0.007 0.103
-0.029 -0.007 0.103
-0.017 -0.009 0.109
-0.021 -0.003 0.109
-0.019 -0.003 0.111
-0.017 -0.011 0.113
0.001 -0.033 0.043
0.005 -0.033 0.045
-0.001 -0.029 0.047
0.021 -0.035 0.035
0.021 -0.031 0.039
0.009 -0.033 0.057
-0.003 -0.027 0.051
0.003 -0.033 0.063
0.011 -0.035 0.035
0.009 -0.035 0.039
0.003 -0.033 0.043
0.009 -0.033 0.043
0.025 -0.035 0.035
0.029 -0.033 0.037
0.027 -0.033 0.039
0.031 -0.033 0.049
0.007 -0.035 0.063
0.009 -0.035 0.063
0.031 -0.033 0.051
0.031 -0.035 0.055
0.033 -0.033 0.049
0.031 -0.037 0.061
0.025 -0.041 0.077
-0.001 -0.033 0.041
0.003 -0.033 0.043
-0.001 -0.029 0.051
0.001 -0.031 0.051
0.001 -0.031 0.055
0.001 -0.031 0.051
0.001 -0.031 0.057
0.005 -0.033 0.047
0.009 -0.031 0.049
0.019 -0.029 0.041
0.005 -0.031 0.053
0.003 -0.031 0.059
0.023 -0.029 0.043
0.009 -0.033 0.057
0.023 -0.029 0.043
0.005 -0.033 0.063
0.003 -0.033 0.067
-0.003 -0.015 0.053
-0.003 -0.019 0.055
-0.001 -0.017 0.059
-0.001 -0.019 0.061
-0.003 -0.019 0.057
0.001 -0.027 0.067
-0.003 -0.019 0.057
0.001 -0.031 0.059
-0.001 -0.027 0.061
0.001 -0.029 0.063
0.001 -0.029 0.065
0.005 -0.033 0.065
0.003 -0.033 0.067
0.003 -0.031 0.065
0.003 -0.031 0.069
0.003 -0.031 0.069
0.003 -0.031 0.071
0.003 -0.033 0.073
0.005 -0.033 0.075
0.001 -0.021 0.063
0.005 -0.031 0.053
0.003 -0.031 0.067
0.001 -0.031 0.061
0.011 -0.035 0.065
0.001 -0.023 0.063
-0.001 -0.025 0.075
0.029 -0.031 0.051
0.009 -0.035 0.071
0.007 -0.035 0.079
0.019 -0.035 0.075
0.015 -0.035 0.077
-0.001 -0.017 0.057
0.001 -0.025 0.067
0.003 -0.021 0.069
-0.013 -0.017 0.079
-0.013 -0.017 0.079
-0.013 -0.017 0.079
0.001 -0.029 0.073
0.003 -0.033 0.081
0.001 -0.031 0.081
0.003 -0.033 0.081
0.003 -0.033 0.081
-0.003 -0.027 0.081
0.003 -0.031 0.085
-0.001 -0.029 0.085
0.003 -0.031 0.087
0.005 -0.029 0.089
-0.001 -0.029 0.085
-0.001 -0.027 0.089
0.003 -0.031 0.087
0.003 -0.029 0.089
0.027 -0.031 0.043
0.027 -0.031 0.043
0.029 -0.031 0.045
0.027 -0.031 0.043
0.027 -0.027 0.051
0.027 -0.035 0.057
0.011 -0.037 0.075
0.009 -0.035 0.065
0.025 -0.039 0.071
0.025 -0.039 0.071
0.017 -0.035 0.073
0.021 -0.039 0.079
0.003 -0.033 0.073
0.007 -0.035 0.077
0.003 -0.033 0.077
0.021 -0.035 0.067
0.013 -0.037 0.073
0.023 -0.039 0.071
0.023 -0.041 0.079
0.023 -0.039 0.073
0.029 -0.041 0.075
0.023 -0.041 0.077
0.023 -0.041 0.079
0.023 -0.039 0.081
0.009 -0.035 0.083
0.013 -0.035 0.083
0.027 -0.041 0.083
0.031 -0.043 0.083
0.031 -0.043 0.083
0.031 -0.041 0.085
0.023 -0.039 0.083
0.025 -0.039 0.085
0.025 -0.039 0.085
0.025 -0.035 0.087
0.029 -0.037 0.089
0.035 -0.045 0.081
0.031 -0.043 0.083
0.033 -0.039 0.087
0.003 -0.023 0.067
-0.001 -0.029 0.085
0.001 -0.029 0.087
0.001 -0.029 0.073
0.011 -0.035 0.077
0.015 -0.035 0.075
0.013 -0.035 0.081
0.021 -0.039 0.079
0.021 -0.037 0.079
0.005 -0.033 0.085
0.007 -0.033 0.087
0.003 -0.031 0.087
0.005 -0.031 0.087
0.015 -0.035 0.081
0.007 -0.031 0.089
0.009 -0.031 0.089
-0.007 -0.023 0.081
-0.011 -0.017 0.085
-0.007 -0.013 0.091
-0.001 -0.027 0.087
-0.001 -0.027 0.089
0.005 -0.031 0.087
0.013 -0.029 0.091
0.011 -0.029 0.093
0.005 -0.023 0.095
0.009 -0.027 0.093
0.003 -0.023 0.095
0.001 -0.023 0.093
0.007 -0.025 0.095
0.001 -0.019 0.095
0.007 -0.025 0.095
0.009 -0.025 0.095
0.001 -0.023 0.093
0.001 -0.019 0.095
-0.001 -0.017 0.095
-0.029 -0.005 0.041
-0.031 -0.001 0.041
-0.023 -0.007 0.043
-0.023 -0.005 0.049
-0.021 -0.007 0.049
-0.025 -0.005 0.053
-0.025 -0.001 0.051
-0.021 -0.005 0.057
-0.019 -0.009 0.059
-0.037 0.007 0.043
-0.039 0.009 0.047
-0.029 0.005 0.049
-0.035 0.003 0.035
-0.033 0.001 0.039
-0.033 0.003 0.041
-0.039 0.009 0.037
-0.037 0.007 0.041
-0.037 0.007 0.041
-0.035 0.005 0.045
-0.033 0.005 0.045
-0.041 0.013 0.043
-0.041 0.011 0.047
-0.041 0.011 0.049
-0.037 0.007 0.043
-0.041 0.011 0.047
-0.037 0.007 0.047
-0.037 0.007 0.049
-0.049 0.015 0.037
-0.051 0.021 0.037
-0.051 0.019 0.037
-0.049 0.023 0.037
-0.049 0.023 0.039
-0.045 0.019 0.039
-0.041 0.013 0.047
-0.041 0.011 0.047
-0.045 0.021 0.041
-0.047 0.023 0.041
-0.043 0.021 0.041
-0.043 0.017 0.051
-0.043 0.019 0.051
-0.043 0.015 0.051
-0.041 0.029 0.047
-0.039 0.009 0.051
-0.037 0.011 0.053
-0.035 0.011 0.053
-0.037 0.011 0.053
-0.033 0.013 0.065
-0.039 0.015 0.055
-0.041 0.029 0.057
-0.039 0.029 0.059
-0.029 -0.003 0.043
-0.025 -0.001 0.045
-0.021 -0.007 0.057
-0.019 -0.009 0.065
-0.019 -0.003 0.065
-0.039 0.009 0.047
-0.033 0.013 0.053
-0.037 0.013 0.055
-0.031 0.013 0.055
-0.025 0.003 0.053
-0.023 0.005 0.055
-0.021 0.007 0.057
-0.025 0.013 0.057
-0.019 -0.005 0.069
-0.019 0.005 0.063
-0.025 0.003 0.073
-0.027 0.003 0.077
-0.025 -0.001 0.051
-0.027 0.005 0.051
-0.027 0.007 0.051
-0.025 0.009 0.053
-0.029 0.013 0.055
-0.027 0.013 0.055
-0.021 0.001 0.061
-0.021 0.005 0.059
-0.019 0.003 0.063
-0.029 0.009 0.065
-0.029 0.011 0.063
-0.029 0.007 0.069
-0.027 0.009 0.065
-0.029 0.005 0.075
-0.017 0.003 0.067
-0.017 -0.011 0.073
-0.015 -0.009 0.079
-0.029 0.007 0.071
-0.029 0.005 0.075
-0.031 0.007 0.081
-0.031 0.009 0.079
-0.033 0.009 0.083
-0.035 0.011 0.083
-0.017 0.007 0.063
-0.021 0.007 0.067
-0.017 0.003 0.065
-0.031 0.007 0.075
-0.031 0.007 0.079
-0.041 0.029 0.049
-0.041 0.023 0.057
-0.041 0.027 0.057
-0.041 0.025 0.059
-0.039 0.027 0.063
-0.039 0.027 0.065
-0.037 0.015 0.055
-0.039 0.023 0.061
-0.033 0.013 0.071
-0.033 0.011 0.073
-0.037 0.019 0.069
-0.031 0.009 0.073
-0.029 0.007 0.069
-0.033 0.013 0.073
-0.031 0.009 0.077
-0.033 0.013 0.077
-0.037 0.025 0.067
-0.037 0.023 0.069
-0.033 0.013 0.077
-0.037 0.025 0.069
-0.033 0.011 0.069
-0.037 0.021 0.067
-0.037 0.025 0.069
-0.035 0.025 0.071
-0.033 0.003 0.089
-0.035 0.011 0.085
-0.033 0.001 0.091
-0.033 0.003 0.093
-0.033 -0.001 0.097
-0.037 0.013 0.095
-0.037 0.011 0.095
-0.039 0.017 0.093
-0.041 0.023 0.093
-0.039 0.025 0.085
-0.039 0.027 0.085
-0.041 0.023 0.093
-0.039 0.031 0.087
-0.037 0.011 0.095
-0.037 0.019 0.097
-0.041 0.025 0.095
-0.025 0.003 0.073
-0.017 -0.001 0.071
-0.017 0.001 0.071
-0.023 0.001 0.077
-0.029 0.009 0.065
-0.027 0.003 0.077
-0.027 0.003 0.077
-0.029 -0.005 0.087
-0.027 -0.007 0.089
-0.027 -0.007 0.089
-0.017 0.001 0.073
-0.017 0.001 0.073
-0.015 -0.003 0.079
-0.013 -0.007 0.083
-0.013 -0.007 0.083
-0.013 -0.009 0.083
-0.015 -0.003 0.081
-0.011 -0.005 0.087
-0.011 -0.007 0.089
-0.033 0.003 0.087
-0.033 0.003 0.091
-0.033 0.001 0.093
-0.035 0.007 0.093
-0.035 0.011 0.091
-0.035 0.007 0.093
-0.035 0.005 0.097
-0.037 0.017 0.085
-0.029 -0.007 0.093
-0.027 -0.009 0.095
-0.031 -0.003 0.101
-0.031 -0.001 0.091
-0.027 -0.005 0.103
-0.009 0.001 0.089
-0.011 0.001 0.089
-0.011 0.001 0.089
-0.019 -0.001 0.095
-0.021 -0.001 0.095
-0.027 -0.005 0.103
-0.011 0.001 0.089
-0.013 0.001 0.095
-0.011 0.001 0.097
-0.021 0.001 0.099
-0.023 -0.001 0.107
-0.023 0.001 0.105
-0.035 0.009 0.099
-0.035 0.007 0.101
-0.035 0.005 0.097
-0.033 0.001 0.107
-0.037 0.015 0.099
-0.033 0.005 0.107
-0.037 0.013 0.099
-0.035 0.015 0.105
-0.037 0.015 0.101
-0.035 0.015 0.105
-0.033 0.019 0.105
-0.031 0.013 0.105
-0.031 0.011 0.105
-0.041 0.033 0.085
-0.043 0.039 0.087
-0.041 0.031 0.083
-0.043 0.039 0.085
-0.043 0.041 0.087
-0.041 0.037 0.089
-0.043 0.033 0.099
-0.043 0.029 0.095
-0.041 0.027 0.097
-0.043 0.033 0.099
-0.039 0.031 0.101
-0.039 0.031 0.101
-0.039 0.023 0.103
-0.039 0.023 0.103
-0.035 0.013 0.103
-0.037 0.029 0.101
-0.037 0.029 0.101
-0.039 0.021 0.101
-0.037 0.023 0.103
-0.033 0.023 0.105
-0.033 0.027 0.105
-0.035 0.011 0.099
-0.033 0.015 0.105
-0.035 0.003 0.107
-0.035 0.007 0.105
-0.037 0.015 0.101
-0.037 0.017 0.103
-0.041 0.027 0.097
-0.039 0.025 0.097
-0.037 0.025 0.103
-0.035 0.025 0.103
-0.033 0.025 0.105
-0.031 0.001 0.107
-0.023 0.003 0.101
-0.023 -0.001 0.107
-0.023 0.001 0.105
-0.033 0.003 0.109
-0.025 0.005 0.109
-0.025 0.005 0.111
-0.023 0.003 0.109
-0.031 0.011 0.105
-0.031 0.013 0.105
-0.029 0.013 0.105
-0.027 0.009 0.109
-0.027 0.013 0.107
-0.027 0.007 0.111
-0.025 0.005 0.115
-0.025 0.005 0.115
-0.019 -0.007 0.111
-0.019 -0.007 0.111
-0.021 0.001 0.109
-0.019 0.003 0.109
-0.027 0.021 0.105
-0.027 0.007 0.111
-0.025 0.007 0.113
-0.025 0.025 0.105
-0.043 0.035 0.101
-0.039 0.035 0.105
-0.039 0.037 0.105
-0.037 0.035 0.107
-0.039 0.037 0.105
-0.041 0.039 0.105
-0.039 0.039 0.105
-0.037 0.037 0.107
-0.035 0.035 0.107
-0.027 0.037 0.101
-0.033 0.037 0.107
-0.009 -0.017 0.067
-0.017 -0.011 0.065
-0.017 -0.013 0.069
-0.019 -0.009 0.067
-0.013 -0.015 0.083
