-0.001 -0.035 0.035
-0.007 -0.033 0.041
-0.033 -0.003 0.035
-0.009 -0.031 0.039
-0.005 -0.021 0.043
-0.027 -0.007 0.035
-0.023 -0.007 0.041
-0.021 -0.007 0.045
-0.013 -0.001 0.035
-0.005 -0.017 0.045
-0.013 -0.007 0.043
-0.017 -0.011 0.057
-0.017 -0.011 0.061
-0.019 -0.009 0.061
-0.007 -0.015 0.061
-0.005 -0.023 0.075
-0.017 -0.009 0.075
-0.017 -0.009 0.075
-0.005 -0.025 0.083
-0.011 -0.019 0.081
-0.001 -0.027 0.089
-0.007 -0.019 0.089
-0.027 -0.007 0.089
-0.029 -0.003 0.091
-0.027 -0.007 0.089
-0.027 -0.007 0.093
-0.021 -0.001 0.089
-0.027 -0.009 0.097
-0.013 -0.015 0.083
-0.009 -0.013 0.089
-0.013 -0.005 0.083
-0.011 -0.009 0.087
-0.011 -0.013 0.085
-0.005 -0.019 0.091
-0.009 -0.011 0.091
-0.031 -0.005 0.097
0.011 -0.035 0.033
0.003 -0.035 0.037
-0.003 -0.035 0.039
-0.009 -0.031 0.041
-0.009 -0.031 0.041
0.005 -0.033 0.043
0.003 -0.035 0.039
0.005 -0.035 0.039
0.003 -0.035 0.041
0.007 -0.033 0.059
0.011 -0.035 0.061
0.035 -0.033 0.049
0.033 -0.035 0.055
-0.005 -0.033 0.039
0.001 -0.033 0.041
0.001 -0.033 0.043
0.001 -0.033 0.043
0.015 -0.031 0.043
0.005 -0.033 0.047
0.009 -0.029 0.051
0.011 -0.029 0.051
0.011 -0.029 0.049
0.009 -0.031 0.053
0.023 -0.023 0.047
-0.005 -0.025 0.049
0.001 -0.033 0.043
0.009 -0.033 0.043
0.009 -0.031 0.049
-0.005 -0.029 0.045
0.009 -0.031 0.053
0.011 -0.029 0.051
0.007 -0.031 0.051
0.011 -0.033 0.059
0.011 -0.035 0.063
0.011 -0.033 0.057
0.013 -0.033 0.059
0.011 -0.035 0.067
-0.003 -0.025 0.057
0.001 -0.031 0.055
-0.001 -0.029 0.059
-0.003 -0.021 0.059
0.003 -0.029 0.067
0.003 -0.033 0.065
0.005 -0.033 0.061
0.001 -0.029 0.065
0.005 -0.033 0.065
0.005 -0.033 0.067
0.005 -0.035 0.071
0.025 -0.031 0.041
0.029 -0.031 0.041
0.033 -0.031 0.041
0.033 -0.033 0.045
0.035 -0.033 0.049
0.033 -0.033 0.051
0.027 -0.031 0.057
0.025 -0.035 0.061
0.029 -0.035 0.055
0.029 -0.035 0.057
0.025 -0.037 0.067
0.023 -0.037 0.067
0.025 -0.037 0.063
0.015 -0.035 0.065
0.005 -0.033 0.079
0.013 -0.037 0.073
0.009 -0.035 0.077
0.019 -0.035 0.077
0.021 -0.037 0.077
0.005 -0.033 0.081
0.021 -0.037 0.081
0.017 -0.033 0.085
0.027 -0.041 0.083
0.033 -0.041 0.087
0.003 -0.029 0.069
0.003 -0.023 0.069
0.003 -0.033 0.073
0.001 -0.031 0.077
0.019 -0.035 0.071
0.013 -0.035 0.083
-0.007 -0.023 0.081
-0.009 -0.021 0.083
0.003 -0.033 0.073
0.001 -0.031 0.081
0.003 -0.031 0.083
0.011 -0.031 0.089
0.005 -0.027 0.091
0.003 -0.027 0.091
0.011 -0.029 0.093
0.003 -0.023 0.093
0.005 -0.033 0.085
0.017 -0.031 0.089
-0.005 -0.025 0.087
-0.001 -0.025 0.091
-0.003 -0.017 0.093
-0.033 -0.001 0.035
-0.033 -0.003 0.035
-0.035 0.001 0.037
-0.035 0.001 0.037
-0.037 0.005 0.037
-0.039 0.007 0.035
-0.039 0.007 0.037
-0.039 0.009 0.041
-0.051 0.017 0.037
-0.051 0.017 0.037
-0.041 0.011 0.037
-0.047 0.019 0.039
-0.041 0.013 0.041
-0.041 0.023 0.045
-0.041 0.025 0.049
-0.035 0.009 0.051
-0.035 0.011 0.053
-0.035 0.015 0.061
-0.041 0.029 0.049
-0.041 0.025 0.053
-0.027 -0.007 0.041
-0.021 -0.007 0.043
-0.013 -0.005 0.041
-0.023 -0.007 0.043
-0.015 -0.011 0.053
-0.035 0.003 0.039
-0.041 0.011 0.039
-0.019 -0.009 0.051
-0.023 -0.005 0.051
-0.027 0.003 0.047
-0.025 -0.003 0.049
-0.025 -0.005 0.053
-0.025 0.001 0.053
-0.023 0.005 0.055
-0.023 0.007 0.055
-0.021 -0.001 0.059
-0.019 0.001 0.063
-0.029 0.013 0.057
-0.031 0.011 0.063
-0.023 0.011 0.061
-0.015 -0.013 0.057
-0.017 -0.011 0.063
-0.033 0.011 0.071
-0.021 -0.001 0.059
-0.021 0.003 0.059
-0.021 0.005 0.059
-0.023 0.001 0.057
-0.039 0.023 0.041
-0.041 0.021 0.055
-0.041 0.025 0.059
-0.041 0.025 0.059
-0.041 0.013 0.043
-0.039 0.009 0.047
-0.041 0.011 0.051
-0.035 0.013 0.055
-0.033 0.015 0.055
-0.029 0.005 0.047
-0.027 0.005 0.051
-0.037 0.009 0.051
-0.033 0.009 0.051
-0.033 0.013 0.061
-0.033 0.011 0.073
-0.035 0.017 0.069
-0.037 0.025 0.067
-0.035 0.019 0.073
-0.033 0.003 0.089
-0.039 0.025 0.083
-0.037 0.013 0.093
-0.039 0.025 0.097
-0.027 0.005 0.071
-0.019 -0.003 0.067
-0.021 0.007 0.067
-0.029 0.007 0.069
-0.025 0.007 0.067
-0.025 0.003 0.075
-0.029 0.005 0.073
-0.025 0.003 0.077
-0.025 0.001 0.079
-0.025 0.001 0.079
-0.017 -0.003 0.071
-0.013 -0.017 0.071
-0.023 0.001 0.079
-0.023 0.001 0.079
-0.029 0.007 0.071
-0.029 0.005 0.073
-0.031 0.007 0.075
-0.031 0.007 0.079
-0.033 0.017 0.075
-0.033 0.017 0.077
-0.031 0.001 0.087
-0.029 -0.005 0.087
-0.027 -0.009 0.097
-0.027 -0.007 0.093
-0.019 -0.003 0.091
-0.019 -0.001 0.093
-0.027 -0.009 0.101
-0.029 -0.007 0.101
-0.033 0.007 0.085
-0.035 0.011 0.087
-0.031 -0.003 0.091
-0.035 0.013 0.087
-0.035 0.011 0.089
-0.033 0.009 0.089
-0.035 0.011 0.091
-0.035 0.011 0.097
-0.035 0.007 0.099
-0.037 0.011 0.095
-0.037 0.015 0.097
-0.029 -0.005 0.095
-0.043 0.037 0.085
-0.039 0.033 0.087
-0.037 0.019 0.089
-0.039 0.017 0.093
-0.037 0.013 0.099
-0.039 0.019 0.101
-0.037 0.017 0.103
-0.031 0.001 0.103
-0.027 -0.009 0.101
-0.025 0.003 0.105
-0.031 0.001 0.107
-0.033 0.003 0.109
-0.023 0.001 0.107
-0.025 0.003 0.107
-0.027 -0.009 0.103
-0.021 -0.001 0.105
-0.031 0.001 0.107
-0.035 0.003 0.105
-0.043 0.035 0.099
-0.039 0.023 0.101
-0.035 0.035 0.107
-0.037 0.035 0.107
-0.039 0.019 0.101
-0.039 0.021 0.101
-0.037 0.031 0.103
-0.035 0.013 0.103
-0.005 -0.021 0.047
-0.005 -0.019 0.049
-0.009 -0.005 0.041
-0.017 -0.009 0.047
0.003 -0.009 0.041
-0.001 -0.011 0.043
-0.001 -0.011 0.047
0.005 -0.009 0.049
0.001 -0.011 0.051
-0.013 0.031 0.049
-0.005 0.023 0.047
-0.003 0.013 0.045
0.003 -0.011 0.053
0.001 -0.013 0.055
-0.017 0.021 0.057
-0.015 0.013 0.055
-0.013 0.007 0.063
-0.001 -0.011 0.049
-0.001 -0.013 0.055
0.001 0.001 0.059
0.005 -0.007 0.083
-0.001 0.001 0.077
-0.005 -0.003 0.083
-0.017 0.021 0.097
-0.015 0.017 0.093
-0.013 0.013 0.091
-0.007 -0.005 0.085
-0.009 -0.001 0.081
-0.001 -0.001 0.081
-0.005 -0.009 0.089
-0.015 0.009 0.109
0.025 -0.003 0.041
0.025 -0.003 0.041
0.019 0.001 0.035
0.027 -0.003 0.033
0.019 -0.005 0.045
0.033 -0.013 0.045
0.033 -0.019 0.053
0.033 -0.029 0.065
0.037 -0.027 0.061
0.021 -0.003 0.041
0.007 -0.011 0.051
0.019 -0.005 0.049
0.035 -0.013 0.039
0.025 -0.009 0.037
0.023 -0.005 0.037
0.025 -0.005 0.035
0.025 -0.003 0.047
0.027 -0.003 0.051
0.005 -0.005 0.043
0.007 -0.005 0.045
0.029 -0.011 0.033
0.025 -0.009 0.037
0.023 -0.003 0.033
0.027 -0.003 0.049
0.021 -0.003 0.045
0.013 -0.015 0.053
0.005 -0.015 0.061
0.005 -0.015 0.063
0.031 -0.021 0.053
0.021 -0.005 0.053
0.031 -0.019 0.051
0.031 -0.023 0.059
0.001 0.001 0.057
0.031 -0.005 0.055
0.019 -0.005 0.051
0.023 -0.003 0.049
0.031 -0.005 0.053
0.039 -0.017 0.039
0.039 -0.019 0.047
0.041 -0.021 0.045
0.039 -0.019 0.049
0.041 -0.023 0.045
0.039 -0.017 0.041
0.039 -0.017 0.043
0.033 -0.013 0.039
0.039 -0.021 0.051
0.035 -0.017 0.049
0.037 -0.023 0.057
0.037 -0.027 0.061
0.007 -0.017 0.069
0.019 -0.011 0.071
0.015 -0.017 0.079
0.025 -0.029 0.067
0.019 -0.021 0.083
0.021 -0.033 0.081
0.031 -0.035 0.087
0.005 -0.019 0.069
0.007 -0.009 0.077
0.007 -0.013 0.075
0.005 -0.007 0.075
0.013 -0.017 0.073
0.021 -0.025 0.071
0.025 -0.029 0.067
0.027 -0.029 0.069
0.021 -0.011 0.071
0.021 -0.027 0.075
0.003 -0.003 0.073
0.003 -0.007 0.071
0.007 -0.009 0.077
0.011 -0.013 0.079
0.003 -0.005 0.073
0.001 -0.003 0.079
0.005 -0.005 0.077
0.023 -0.009 0.065
0.025 -0.009 0.065
0.015 -0.017 0.083
0.007 -0.023 0.095
0.009 -0.011 0.085
0.001 -0.003 0.081
0.005 -0.011 0.089
-0.019 0.037 0.043
-0.017 0.039 0.039
-0.003 0.031 0.037
-0.001 0.021 0.033
-0.025 0.035 0.035
-0.015 0.041 0.033
-0.025 0.037 0.043
-0.025 0.037 0.047
-0.023 0.037 0.047
-0.027 0.037 0.047
-0.023 0.037 0.053
-0.031 0.039 0.049
-0.031 0.037 0.051
-0.031 0.037 0.039
-0.029 0.037 0.041
-0.043 0.027 0.035
-0.035 0.037 0.047
-0.039 0.033 0.045
-0.023 0.035 0.057
-0.027 0.037 0.057
-0.035 0.037 0.053
-0.035 0.035 0.057
-0.037 0.035 0.057
-0.039 0.035 0.053
-0.031 0.035 0.061
-0.033 0.035 0.061
-0.019 0.037 0.043
-0.015 0.039 0.043
-0.021 0.037 0.043
-0.007 0.041 0.043
-0.019 0.033 0.051
-0.005 0.029 0.041
-0.001 0.019 0.039
0.001 0.015 0.043
-0.013 0.041 0.041
-0.009 0.043 0.041
-0.013 0.041 0.039
-0.001 0.019 0.039
-0.001 0.023 0.037
-0.009 0.043 0.041
-0.011 0.041 0.037
-0.005 0.033 0.037
-0.009 0.029 0.047
-0.019 0.009 0.059
-0.017 0.009 0.059
-0.019 0.007 0.061
-0.017 0.023 0.059
-0.019 0.019 0.063
-0.001 0.003 0.049
-0.003 0.013 0.049
-0.015 0.009 0.059
-0.011 0.009 0.061
-0.019 0.031 0.057
-0.019 0.031 0.059
-0.021 0.029 0.063
-0.009 0.027 0.049
-0.015 0.031 0.053
-0.035 0.037 0.051
-0.033 0.035 0.063
-0.029 0.035 0.035
-0.007 0.035 0.045
-0.027 0.037 0.051
-0.023 0.035 0.057
-0.031 0.027 0.073
-0.031 0.023 0.091
-0.023 0.037 0.097
-0.027 0.039 0.089
-0.033 0.027 0.089
-0.039 0.033 0.093
-0.029 0.037 0.089
-0.037 0.033 0.095
-0.015 0.005 0.065
-0.023 0.029 0.069
-0.017 0.017 0.069
-0.023 0.021 0.079
-0.023 0.021 0.081
-0.021 0.033 0.083
-0.015 0.015 0.077
-0.025 0.025 0.075
-0.027 0.021 0.079
-0.015 0.015 0.077
-0.011 0.005 0.069
-0.025 0.031 0.069
-0.025 0.029 0.071
-0.021 0.027 0.069
-0.023 0.029 0.071
-0.023 0.029 0.071
-0.029 0.029 0.073
-0.017 0.025 0.085
-0.013 0.013 0.087
-0.017 0.017 0.081
-0.011 0.011 0.089
-0.009 0.005 0.091
-0.015 0.015 0.093
-0.021 0.033 0.085
-0.021 0.031 0.087
-0.025 0.037 0.087
-0.019 0.029 0.085
-0.027 0.031 0.089
-0.023 0.035 0.097
-0.027 0.037 0.089
-0.025 0.039 0.097
-0.019 0.027 0.095
-0.039 0.047 0.087
-0.035 0.047 0.085
-0.031 0.049 0.085
-0.037 0.047 0.087
-0.031 0.049 0.087
-0.035 0.047 0.089
-0.025 0.041 0.085
-0.031 0.047 0.083
-0.027 0.043 0.087
-0.027 0.039 0.089
-0.029 0.043 0.103
-0.031 0.037 0.105
-0.029 0.027 0.105
-0.023 0.025 0.105
-0.017 0.019 0.103
-0.021 0.021 0.105
-0.011 0.009 0.099
-0.009 0.005 0.099
-0.015 0.017 0.101
-0.023 0.025 0.105
-0.021 0.019 0.105
-0.025 0.027 0.105
-0.039 0.039 0.099
-0.041 0.039 0.099
-0.033 0.041 0.099
-0.033 0.043 0.101
-0.033 0.043 0.103
-0.039 0.041 0.105
-0.031 0.043 0.105
-0.023 0.037 0.097
-0.031 0.043 0.101
-0.031 0.043 0.103
0.005 0.011 0.039
0.003 0.015 0.041
