-0.003 -0.035 0.033
-0.003 -0.035 0.039
0.001 -0.035 0.039
0.009 -0.035 0.037
0.009 -0.035 0.039
-0.001 -0.029 0.045
0.001 -0.031 0.047
0.007 -0.033 0.045
0.009 -0.031 0.047
-0.001 -0.035 0.037
0.003 -0.035 0.037
0.003 -0.035 0.037
0.007 -0.035 0.037
-0.005 -0.029 0.045
0.007 -0.033 0.045
0.019 -0.033 0.039
0.011 -0.033 0.041
0.013 -0.033 0.039
0.013 -0.033 0.039
0.011 -0.033 0.043
0.011 -0.029 0.047
0.013 -0.027 0.047
0.005 -0.031 0.055
0.007 -0.031 0.053
0.007 -0.033 0.059
0.011 -0.033 0.057
0.003 -0.031 0.053
0.003 -0.031 0.053
0.005 -0.033 0.057
0.007 -0.033 0.059
0.001 -0.031 0.061
0.009 -0.031 0.053
0.011 -0.029 0.051
0.017 -0.025 0.051
0.007 -0.035 0.063
0.017 -0.033 0.063
0.019 -0.033 0.063
0.009 -0.035 0.067
0.003 -0.033 0.077
0.007 -0.035 0.079
0.003 -0.033 0.065
0.011 -0.037 0.069
0.007 -0.035 0.073
0.007 -0.035 0.073
0.013 -0.037 0.073
0.021 -0.039 0.073
0.023 -0.041 0.077
0.029 -0.043 0.077
0.005 -0.033 0.085
0.005 -0.033 0.083
0.001 -0.031 0.083
0.009 -0.031 0.089
-0.027 -0.007 0.087
-0.029 -0.001 0.085
-0.027 -0.009 0.095
-0.027 -0.007 0.089
-0.025 -0.005 0.095
-0.025 -0.005 0.093
0.007 -0.033 0.087
0.003 -0.029 0.089
0.007 -0.031 0.089
0.005 -0.033 0.081
0.007 -0.033 0.081
0.009 -0.035 0.079
0.025 -0.041 0.079
0.013 -0.035 0.083
0.013 -0.033 0.085
0.015 -0.033 0.083
0.025 -0.039 0.085
0.011 -0.029 0.091
-0.027 -0.009 0.101
-0.015 -0.007 0.109
0.019 -0.035 0.031
0.027 -0.033 0.031
0.019 -0.035 0.033
0.025 -0.035 0.033
0.025 -0.035 0.031
0.025 -0.035 0.031
0.027 -0.031 0.031
0.029 -0.033 0.033
0.031 -0.023 0.031
0.033 -0.021 0.031
0.031 -0.027 0.033
0.033 -0.017 0.031
0.015 -0.035 0.035
0.017 -0.035 0.035
0.003 -0.035 0.041
0.003 -0.033 0.043
0.019 -0.035 0.033
0.023 -0.035 0.035
0.027 -0.033 0.035
0.009 -0.035 0.063
0.015 -0.033 0.063
0.029 -0.035 0.055
0.023 -0.035 0.063
0.027 -0.037 0.063
0.013 -0.035 0.035
0.015 -0.035 0.037
0.011 -0.035 0.037
0.013 -0.035 0.037
0.017 -0.035 0.035
0.011 -0.035 0.037
0.029 -0.033 0.035
0.017 -0.025 0.045
0.029 -0.033 0.033
0.031 -0.027 0.033
0.031 -0.027 0.033
0.027 -0.031 0.043
0.033 -0.033 0.047
0.019 -0.035 0.037
0.029 -0.033 0.037
0.029 -0.033 0.037
0.029 -0.033 0.039
0.035 -0.029 0.039
0.015 -0.027 0.045
0.017 -0.025 0.045
0.037 -0.025 0.037
0.039 -0.027 0.041
0.037 -0.025 0.037
0.037 -0.033 0.049
0.037 -0.033 0.049
0.039 -0.031 0.049
0.039 -0.029 0.045
0.039 -0.029 0.043
0.039 -0.029 0.043
0.037 -0.031 0.047
0.039 -0.031 0.049
0.041 -0.027 0.045
0.041 -0.025 0.045
0.041 -0.027 0.045
0.005 -0.033 0.049
0.005 -0.033 0.049
0.009 -0.031 0.049
0.013 -0.029 0.053
0.017 -0.025 0.051
0.017 -0.023 0.051
0.019 -0.027 0.055
0.031 -0.035 0.053
0.013 -0.031 0.057
0.035 -0.035 0.055
0.039 -0.031 0.049
0.027 -0.037 0.063
0.031 -0.037 0.059
0.035 -0.035 0.059
0.033 -0.035 0.061
0.035 -0.033 0.063
0.017 -0.023 0.049
0.031 -0.033 0.051
0.027 -0.033 0.055
0.029 -0.035 0.057
0.029 -0.037 0.061
0.035 -0.035 0.053
0.039 -0.029 0.051
0.039 -0.031 0.055
0.041 -0.027 0.053
0.039 -0.025 0.055
0.041 -0.023 0.049
0.041 -0.027 0.053
0.039 -0.023 0.053
0.037 -0.033 0.057
0.035 -0.031 0.063
0.031 -0.009 0.057
0.029 -0.009 0.059
0.031 -0.011 0.057
0.029 -0.007 0.061
0.033 -0.029 0.037
0.037 -0.025 0.037
0.035 -0.023 0.033
0.037 -0.023 0.035
0.039 -0.021 0.037
0.039 -0.029 0.043
0.041 -0.027 0.045
0.041 -0.029 0.047
0.041 -0.021 0.043
0.041 -0.025 0.045
0.041 -0.025 0.047
0.039 -0.023 0.037
0.039 -0.019 0.037
0.039 -0.021 0.039
0.041 -0.023 0.045
0.041 -0.027 0.053
0.041 -0.025 0.049
0.041 -0.025 0.051
0.039 -0.029 0.055
0.039 -0.029 0.057
0.037 -0.031 0.059
0.007 -0.035 0.073
0.009 -0.035 0.077
0.013 -0.037 0.075
0.015 -0.035 0.075
0.023 -0.037 0.065
0.025 -0.037 0.065
0.025 -0.037 0.065
0.031 -0.037 0.065
0.029 -0.037 0.069
0.031 -0.033 0.069
0.025 -0.039 0.073
0.023 -0.041 0.077
0.033 -0.043 0.079
0.031 -0.041 0.073
0.035 -0.043 0.077
0.017 -0.035 0.081
0.015 -0.033 0.085
0.017 -0.033 0.085
0.025 -0.041 0.081
0.027 -0.039 0.085
0.029 -0.039 0.087
0.035 -0.041 0.085
0.037 -0.043 0.081
0.009 -0.035 0.065
0.009 -0.035 0.065
0.015 -0.035 0.067
0.017 -0.035 0.067
0.025 -0.037 0.065
0.015 -0.035 0.071
0.023 -0.039 0.069
0.029 -0.037 0.067
0.027 -0.037 0.069
0.007 -0.035 0.075
0.007 -0.035 0.077
0.015 -0.035 0.073
0.015 -0.035 0.073
0.029 -0.037 0.065
0.029 -0.037 0.067
0.031 -0.037 0.065
0.031 -0.035 0.067
0.035 -0.041 0.075
0.035 -0.043 0.077
0.033 -0.039 0.077
0.033 -0.039 0.077
0.025 -0.039 0.071
0.027 -0.037 0.065
0.031 -0.037 0.065
0.029 -0.037 0.067
0.031 -0.041 0.073
0.033 -0.043 0.075
0.035 -0.043 0.077
0.031 -0.039 0.073
0.035 -0.043 0.077
0.035 -0.043 0.075
0.023 -0.013 0.067
0.031 -0.033 0.069
0.007 -0.033 0.085
0.035 -0.041 0.083
0.009 -0.029 0.091
0.013 -0.029 0.091
0.009 -0.025 0.095
0.013 -0.029 0.091
0.011 -0.029 0.091
0.011 -0.029 0.093
0.009 -0.025 0.095
0.013 -0.029 0.091
0.013 -0.027 0.091
0.031 -0.043 0.079
0.029 -0.043 0.081
0.035 -0.045 0.081
0.033 -0.043 0.083
0.033 -0.043 0.085
0.035 -0.043 0.085
0.035 -0.041 0.083
0.035 -0.043 0.079
0.017 -0.031 0.089
0.035 -0.043 0.087
0.029 -0.039 0.087
0.001 -0.031 0.035
0.001 -0.031 0.035
0.009 -0.035 0.035
0.009 -0.035 0.035
0.017 -0.035 0.035
0.027 -0.033 0.035
0.029 -0.033 0.037
0.033 -0.029 0.037
-0.003 -0.035 0.039
0.001 -0.035 0.037
0.001 -0.035 0.039
-0.005 -0.029 0.043
0.001 -0.033 0.043
0.003 -0.035 0.039
0.009 -0.035 0.037
-0.003 -0.029 0.045
-0.003 -0.035 0.039
0.003 -0.033 0.043
0.005 -0.033 0.041
0.007 -0.033 0.043
0.009 -0.033 0.041
0.017 -0.031 0.041
0.011 -0.033 0.043
0.005 -0.033 0.045
0.005 -0.033 0.049
0.009 -0.033 0.045
0.009 -0.031 0.049
0.011 -0.031 0.045
0.011 -0.029 0.049
0.001 -0.029 0.053
0.001 -0.029 0.053
0.007 -0.031 0.053
0.005 -0.031 0.051
0.003 -0.031 0.053
0.019 -0.033 0.063
0.013 -0.035 0.037
0.007 -0.033 0.045
0.019 -0.035 0.037
0.027 -0.033 0.039
0.023 -0.033 0.037
0.031 -0.033 0.049
0.035 -0.031 0.045
0.035 -0.033 0.049
0.029 -0.033 0.039
0.027 -0.033 0.039
0.029 -0.033 0.037
0.033 -0.031 0.041
0.033 -0.031 0.039
0.033 -0.031 0.039
0.031 -0.031 0.041
0.035 -0.031 0.043
0.039 -0.027 0.041
0.035 -0.033 0.047
0.037 -0.031 0.047
0.039 -0.029 0.045
0.039 -0.031 0.049
0.007 -0.031 0.053
0.005 -0.031 0.053
0.009 -0.031 0.053
0.011 -0.033 0.057
0.011 -0.031 0.055
0.011 -0.031 0.055
0.013 -0.029 0.055
0.011 -0.035 0.061
0.015 -0.031 0.059
0.029 -0.035 0.057
0.029 -0.035 0.057
0.031 -0.035 0.055
0.031 -0.035 0.055
0.027 -0.037 0.063
0.031 -0.037 0.061
0.019 -0.031 0.059
0.031 -0.035 0.057
0.031 -0.033 0.051
0.033 -0.035 0.053
0.033 -0.035 0.057
0.035 -0.035 0.055
0.035 -0.035 0.055
0.013 -0.029 0.045
0.017 -0.025 0.045
0.013 -0.027 0.051
0.019 -0.031 0.061
0.027 -0.035 0.059
0.023 -0.035 0.063
0.017 -0.027 0.043
0.031 -0.033 0.045
0.035 -0.031 0.041
0.017 -0.023 0.049
0.031 -0.033 0.045
0.037 -0.031 0.047
0.035 -0.033 0.049
0.037 -0.027 0.039
0.039 -0.027 0.041
0.039 -0.029 0.043
0.039 -0.027 0.043
0.037 -0.031 0.047
0.039 -0.031 0.049
0.041 -0.027 0.045
0.029 -0.033 0.053
0.035 -0.035 0.055
0.035 -0.035 0.055
0.029 -0.037 0.061
0.031 -0.037 0.061
0.029 -0.035 0.059
0.029 -0.037 0.061
0.031 -0.037 0.061
0.011 -0.035 0.067
0.011 -0.037 0.069
0.011 -0.037 0.075
0.015 -0.035 0.065
0.015 -0.035 0.069
0.017 -0.033 0.065
0.021 -0.037 0.069
0.015 -0.035 0.075
-0.025 -0.005 0.093
0.001 -0.027 0.089
-0.001 -0.027 0.089
0.015 -0.035 0.079
0.023 -0.041 0.079
0.011 -0.035 0.081
0.009 -0.035 0.083
0.025 -0.041 0.079
0.029 -0.043 0.079
0.007 -0.031 0.089
0.003 -0.027 0.091
0.007 -0.029 0.091
0.013 -0.031 0.089
0.025 -0.039 0.085
0.013 -0.031 0.089
0.017 -0.031 0.089
0.015 -0.033 0.087
0.017 -0.031 0.089
0.011 -0.037 0.071
0.013 -0.037 0.071
0.015 -0.035 0.065
0.011 -0.035 0.065
0.011 -0.037 0.071
0.017 -0.033 0.065
0.017 -0.035 0.067
0.023 -0.037 0.065
0.007 -0.035 0.073
0.007 -0.035 0.077
0.009 -0.035 0.077
0.013 -0.037 0.075
0.015 -0.035 0.075
0.025 -0.039 0.071
0.025 -0.039 0.069
0.027 -0.037 0.069
0.021 -0.037 0.071
0.021 -0.039 0.073
0.027 -0.037 0.065
0.027 -0.037 0.067
0.027 -0.037 0.069
0.031 -0.035 0.067
0.017 -0.035 0.077
0.025 -0.041 0.075
0.025 -0.041 0.075
0.031 -0.041 0.073
0.033 -0.043 0.075
0.009 -0.031 0.089
0.007 -0.029 0.091
0.011 -0.031 0.089
0.013 -0.031 0.089
0.029 -0.043 0.079
0.031 -0.043 0.079
0.017 -0.031 0.089
0.015 -0.025 0.089
0.033 -0.043 0.085
0.025 -0.041 0.079
0.017 -0.035 0.081
0.031 -0.043 0.079
0.035 -0.045 0.081
0.037 -0.043 0.081
0.033 -0.043 0.079
0.037 -0.043 0.079
0.037 -0.043 0.081
0.035 -0.041 0.083
0.017 -0.033 0.087
0.013 -0.029 0.091
0.011 -0.021 0.091
0.029 -0.039 0.087
0.029 -0.037 0.089
0.031 -0.037 0.089
0.035 -0.043 0.085
0.035 -0.043 0.087
0.025 -0.041 0.079
0.031 -0.043 0.079
0.027 -0.041 0.083
0.031 -0.043 0.083
0.037 -0.043 0.081
0.033 -0.043 0.083
0.035 -0.043 0.085
0.035 -0.041 0.083
0.037 -0.043 0.081
0.037 -0.043 0.081
0.017 -0.017 0.081
0.019 -0.019 0.079
0.033 -0.037 0.081
0.033 -0.037 0.081
-0.025 -0.005 0.095
-0.025 -0.003 0.095
-0.025 -0.003 0.095
-0.029 0.001 0.103
-0.021 0.003 0.101
-0.019 0.005 0.101
0.009 -0.029 0.091
0.013 -0.029 0.091
-0.025 0.005 0.103
-0.023 0.003 0.103
0.009 -0.027 0.093
0.009 -0.025 0.095
-0.009 0.001 0.101
-0.021 0.001 0.105
-0.015 -0.007 0.109
-0.017 0.001 0.109
-0.023 0.003 0.103
-0.009 0.005 0.097
-0.009 -0.001 0.103
-0.009 0.001 0.103
-0.009 0.001 0.101
-0.009 0.005 0.097
-0.011 0.009 0.101
-0.013 0.013 0.099
-0.009 0.005 0.097
-0.009 0.003 0.099
-0.011 0.009 0.099
-0.009 -0.001 0.101
-0.013 0.013 0.099
-0.015 -0.005 0.111
0.009 -0.025 0.095
0.009 -0.025 0.095
0.011 -0.025 0.093
-0.009 0.003 0.097
-0.013 0.013 0.099
-0.013 0.013 0.099
-0.009 0.001 0.101
-0.009 0.005 0.101
-0.011 0.007 0.103
-0.011 0.009 0.095
0.031 -0.037 0.089
0.039 -0.023 0.037
0.035 -0.031 0.041
0.037 -0.031 0.043
0.037 -0.029 0.041
0.037 -0.027 0.039
0.037 -0.025 0.035
0.031 -0.037 0.059
0.031 -0.037 0.065
