0.033 -0.037 0.083
0.019 -0.023 0.061
0.019 -0.021 0.065
0.031 -0.035 0.085
0.027 -0.033 0.081
0.019 -0.031 0.077
0.021 -0.031 0.075
0.021 -0.023 0.077
-0.001 -0.009 0.061
0.001 -0.007 0.063
-0.001 -0.005 0.053
0.001 -0.009 0.065
0.013 -0.015 0.087
0.011 -0.013 0.087
0.007 -0.009 0.083
0.011 -0.013 0.079
0.001 -0.009 0.067
0.011 -0.013 0.055
-0.005 -0.011 0.055
0.013 -0.015 0.065
-0.001 -0.009 0.059
0.019 -0.031 0.079
0.019 -0.029 0.081
0.013 -0.015 0.087
0.011 -0.013 0.083
0.007 -0.009 0.087
0.015 -0.017 0.085
0.015 -0.015 0.081
0.019 -0.019 0.079
-0.001 -0.007 0.055
0.013 -0.017 0.089
0.009 -0.021 0.091
0.011 -0.023 0.091
0.003 -0.019 0.095
0.009 -0.023 0.093
0.007 -0.017 0.091
0.005 -0.013 0.091
0.007 -0.013 0.091
-0.001 -0.007 0.089
0.011 -0.019 0.091
0.007 -0.019 0.093
0.017 -0.019 0.085
-0.001 -0.011 0.091
-0.001 -0.007 0.089
-0.001 -0.009 0.089
-0.007 -0.003 0.083
0.005 -0.025 0.093
0.003 -0.019 0.095
0.003 -0.021 0.095
0.005 -0.021 0.095
0.001 -0.019 0.095
0.001 -0.019 0.095
0.001 -0.017 0.095
-0.027 -0.005 0.089
-0.017 -0.001 0.087
-0.025 -0.005 0.093
0.001 -0.017 0.095
-0.003 -0.013 0.093
-0.003 -0.013 0.093
-0.011 -0.003 0.085
-0.005 -0.009 0.091
-0.009 -0.005 0.087
-0.001 -0.015 0.095
0.001 -0.017 0.095
-0.003 -0.009 0.089
0.003 -0.011 0.091
0.001 -0.007 0.089
-0.017 -0.005 0.111
0.035 -0.035 0.055
0.029 -0.033 0.037
0.035 -0.029 0.063
0.029 -0.025 0.061
0.021 -0.021 0.047
0.033 -0.023 0.059
0.037 -0.033 0.057
0.037 -0.031 0.059
0.037 -0.033 0.053
0.039 -0.029 0.051
0.039 -0.025 0.053
0.039 -0.023 0.053
0.041 -0.025 0.051
0.041 -0.023 0.045
0.033 -0.013 0.045
0.035 -0.033 0.047
0.033 -0.037 0.083
0.025 -0.035 0.087
0.029 -0.035 0.087
0.031 -0.035 0.087
0.037 -0.033 0.057
0.035 -0.035 0.055
0.033 -0.035 0.063
0.027 -0.029 0.069
0.035 -0.033 0.063
0.033 -0.033 0.065
0.033 -0.033 0.067
0.037 -0.031 0.061
0.017 -0.023 0.055
0.017 -0.023 0.051
0.027 -0.031 0.073
0.027 -0.033 0.073
0.033 -0.033 0.067
0.031 -0.029 0.067
0.029 -0.027 0.065
0.029 -0.025 0.061
0.037 -0.031 0.045
0.037 -0.031 0.061
0.037 -0.029 0.061
0.037 -0.033 0.057
0.039 -0.029 0.057
0.031 -0.023 0.059
0.033 -0.025 0.061
0.023 -0.019 0.047
0.035 -0.019 0.051
0.019 -0.017 0.047
0.025 -0.015 0.045
0.027 -0.013 0.057
0.027 -0.007 0.061
0.027 -0.009 0.063
0.025 -0.011 0.065
0.025 -0.007 0.063
0.031 -0.009 0.057
0.029 -0.007 0.061
0.031 -0.009 0.049
0.029 -0.005 0.047
0.031 -0.011 0.057
0.031 -0.011 0.057
0.025 -0.011 0.051
0.025 -0.009 0.041
0.031 -0.013 0.045
0.031 -0.009 0.057
0.031 -0.005 0.055
0.031 -0.005 0.053
0.031 -0.005 0.055
0.031 -0.007 0.051
0.027 -0.033 0.073
0.029 -0.031 0.069
0.027 -0.033 0.073
0.019 -0.025 0.083
0.019 -0.019 0.079
0.029 -0.029 0.069
0.017 -0.025 0.055
0.037 -0.027 0.061
0.037 -0.025 0.059
0.037 -0.025 0.059
0.027 -0.031 0.073
0.029 -0.029 0.069
0.031 -0.029 0.067
0.017 -0.019 0.057
0.025 -0.011 0.065
0.011 -0.013 0.053
0.017 -0.017 0.063
0.011 -0.013 0.055
0.011 -0.013 0.055
0.025 -0.009 0.065
0.013 -0.015 0.065
0.017 -0.017 0.069
0.017 -0.017 0.063
0.017 -0.017 0.071
0.001 -0.001 0.059
0.027 -0.013 0.055
0.027 -0.013 0.059
0.031 -0.009 0.053
0.031 -0.009 0.055
0.027 -0.007 0.061
0.029 -0.007 0.061
0.031 -0.005 0.055
0.029 -0.007 0.061
0.025 -0.013 0.063
0.027 -0.013 0.059
0.031 -0.009 0.057
0.039 -0.029 0.043
0.041 -0.029 0.047
0.037 -0.017 0.049
0.039 -0.017 0.045
0.041 -0.023 0.043
0.041 -0.021 0.043
0.041 -0.023 0.045
0.039 -0.017 0.041
0.037 -0.015 0.043
0.039 -0.031 0.057
0.039 -0.019 0.049
0.037 -0.031 0.059
0.035 -0.023 0.059
0.015 -0.035 0.081
0.031 -0.037 0.087
0.013 -0.035 0.079
0.037 -0.039 0.087
0.031 -0.035 0.081
0.035 -0.043 0.087
0.033 -0.041 0.087
0.031 -0.037 0.087
0.017 -0.033 0.087
0.033 -0.041 0.087
0.029 -0.037 0.089
0.019 -0.033 0.085
0.017 -0.033 0.087
0.031 -0.035 0.087
0.029 -0.035 0.087
0.031 -0.035 0.083
0.033 -0.037 0.081
0.019 -0.029 0.083
0.017 -0.029 0.087
0.019 -0.021 0.083
0.019 -0.019 0.079
0.015 -0.019 0.087
0.015 -0.033 0.087
0.017 -0.031 0.089
0.015 -0.027 0.089
0.015 -0.023 0.089
0.015 -0.019 0.087
0.017 -0.019 0.085
0.027 -0.033 0.079
0.021 -0.025 0.069
0.027 -0.031 0.073
0.021 -0.029 0.077
0.021 -0.025 0.079
0.019 -0.019 0.079
0.001 -0.009 0.067
0.003 -0.007 0.069
0.015 -0.017 0.087
0.015 -0.017 0.083
0.011 -0.013 0.081
0.009 -0.011 0.079
0.007 -0.009 0.081
0.003 -0.003 0.075
0.021 -0.013 0.069
0.023 -0.013 0.067
0.021 -0.013 0.071
0.023 -0.009 0.065
0.019 -0.011 0.071
0.011 -0.031 0.089
0.009 -0.025 0.095
0.011 -0.027 0.093
0.009 -0.025 0.095
0.011 -0.025 0.093
0.009 -0.027 0.093
0.009 -0.025 0.095
0.015 -0.025 0.089
0.011 -0.029 0.093
0.011 -0.025 0.093
0.001 -0.017 0.095
0.007 -0.019 0.093
0.015 -0.021 0.089
0.017 -0.027 0.087
0.003 -0.013 0.091
0.007 -0.013 0.091
0.003 -0.011 0.091
0.001 0.001 0.061
-0.001 0.005 0.061
-0.001 0.005 0.059
-0.003 0.009 0.055
-0.001 0.005 0.051
-0.001 0.007 0.045
0.001 0.007 0.043
0.001 0.009 0.045
-0.005 0.021 0.047
-0.007 0.023 0.049
0.001 0.013 0.045
0.001 0.015 0.043
-0.005 0.029 0.039
0.005 -0.007 0.079
0.005 -0.007 0.081
-0.023 0.011 0.057
-0.007 0.007 0.065
-0.019 0.009 0.067
-0.021 0.009 0.063
-0.019 0.007 0.071
-0.021 0.011 0.061
-0.015 0.011 0.075
-0.021 0.015 0.059
-0.019 0.013 0.057
-0.013 0.011 0.057
-0.015 0.017 0.055
-0.019 0.017 0.063
-0.019 0.011 0.067
-0.015 0.015 0.075
-0.021 0.015 0.063
-0.015 0.009 0.077
-0.017 0.003 0.075
-0.003 0.001 0.079
-0.019 0.009 0.069
-0.015 0.013 0.077
-0.021 0.025 0.073
-0.019 0.025 0.071
-0.011 0.009 0.087
-0.013 0.011 0.085
-0.015 0.013 0.083
-0.017 0.017 0.079
-0.013 0.011 0.085
-0.013 0.013 0.089
-0.015 0.017 0.085
-0.001 0.003 0.065
-0.001 0.003 0.057
0.001 -0.003 0.081
-0.001 -0.003 0.051
0.001 0.009 0.043
0.001 0.009 0.037
0.003 0.009 0.041
-0.001 0.013 0.047
0.001 0.011 0.047
-0.007 0.015 0.051
-0.011 0.021 0.053
-0.009 0.025 0.051
-0.007 0.025 0.049
-0.003 0.015 0.043
-0.005 0.021 0.045
-0.005 0.025 0.043
-0.005 0.029 0.039
-0.007 0.025 0.049
0.001 -0.003 0.079
-0.001 0.001 0.077
-0.007 0.005 0.071
-0.021 0.009 0.065
-0.021 0.011 0.063
-0.005 0.003 0.075
0.001 -0.005 0.085
-0.017 0.011 0.057
-0.011 0.009 0.061
-0.021 0.015 0.057
-0.021 0.011 0.061
-0.001 0.007 0.049
-0.001 0.005 0.053
-0.003 0.007 0.055
-0.009 0.009 0.061
-0.013 0.015 0.055
-0.011 0.015 0.055
0.001 0.001 0.059
-0.001 0.003 0.059
-0.003 0.007 0.057
-0.003 0.007 0.061
-0.003 0.005 0.063
-0.005 0.007 0.063
-0.003 0.007 0.059
-0.019 0.021 0.059
-0.019 0.017 0.063
-0.017 0.023 0.061
-0.017 0.025 0.059
-0.019 0.027 0.061
-0.021 0.031 0.061
-0.007 0.017 0.049
-0.007 0.019 0.049
-0.013 0.023 0.053
-0.011 0.023 0.053
-0.007 0.021 0.049
-0.009 0.025 0.051
-0.009 0.027 0.051
-0.011 0.025 0.053
-0.011 0.027 0.053
-0.017 0.031 0.057
-0.017 0.031 0.057
-0.023 0.031 0.065
-0.023 0.027 0.073
-0.025 0.033 0.065
-0.023 0.029 0.071
-0.013 0.031 0.051
-0.017 0.033 0.053
-0.013 0.033 0.047
-0.015 0.033 0.047
-0.009 0.033 0.045
-0.009 0.039 0.045
-0.005 0.031 0.043
-0.005 0.033 0.043
-0.005 0.033 0.043
-0.009 0.039 0.045
-0.009 0.039 0.045
-0.007 0.039 0.043
-0.007 0.039 0.043
-0.009 0.043 0.043
-0.021 0.033 0.059
-0.019 0.031 0.059
-0.023 0.031 0.067
-0.011 0.009 0.095
-0.013 0.013 0.093
-0.015 0.017 0.091
-0.017 0.023 0.087
-0.025 0.027 0.073
-0.017 0.021 0.089
-0.013 0.007 0.103
-0.019 -0.001 0.105
-0.021 0.003 0.101
-0.019 0.003 0.107
-0.017 0.001 0.109
-0.015 0.015 0.105
-0.019 0.025 0.099
-0.019 0.023 0.101
-0.017 0.013 0.107
-0.025 0.015 0.105
-0.025 0.017 0.105
-0.023 0.023 0.105
-0.023 0.021 0.105
-0.023 0.023 0.105
-0.025 0.025 0.105
-0.001 -0.001 0.081
-0.007 0.001 0.079
-0.009 0.003 0.089
-0.015 0.007 0.079
-0.009 0.005 0.089
-0.019 0.009 0.067
-0.019 0.009 0.069
-0.009 0.001 0.089
-0.009 -0.001 0.097
-0.009 0.001 0.097
-0.009 0.003 0.087
-0.005 0.003 0.075
-0.003 0.001 0.079
-0.003 0.003 0.073
-0.003 0.003 0.073
-0.005 0.001 0.079
-0.015 0.011 0.077
-0.017 0.017 0.071
-0.023 0.027 0.073
-0.027 0.029 0.073
-0.023 0.027 0.073
-0.019 0.025 0.069
-0.021 0.025 0.073
-0.013 0.015 0.095
-0.017 0.017 0.077
-0.019 -0.001 0.093
-0.009 -0.001 0.103
-0.009 0.003 0.091
-0.011 0.009 0.087
-0.015 0.015 0.087
-0.007 0.001 0.095
-0.009 0.003 0.095
-0.009 0.005 0.093
-0.007 0.001 0.095
-0.011 0.011 0.091
-0.013 0.015 0.095
-0.015 0.017 0.099
-0.017 0.021 0.083
-0.017 0.021 0.085
-0.015 0.019 0.091
-0.017 0.021 0.089
-0.017 0.025 0.085
-0.019 0.027 0.089
-0.015 0.015 0.103
-0.017 0.019 0.101
-0.015 0.015 0.107
-0.015 0.017 0.097
-0.015 0.015 0.097
-0.017 0.019 0.095
-0.017 0.021 0.095
-0.019 0.023 0.099
-0.019 0.021 0.103
-0.019 0.023 0.101
-0.017 0.023 0.097
-0.015 0.017 0.093
-0.021 0.027 0.103
-0.021 0.029 0.097
-0.027 0.035 0.101
-0.027 0.039 0.089
-0.029 0.041 0.089
-0.031 0.045 0.089
-0.023 0.031 0.099
-0.023 0.035 0.099
-0.023 0.037 0.099
-0.025 0.039 0.101
-0.025 0.037 0.087
-0.025 0.041 0.085
-0.023 0.031 0.099
-0.023 0.003 0.109
-0.029 0.001 0.103
-0.023 0.005 0.109
-0.023 0.009 0.113
-0.027 0.013 0.107
-0.031 0.001 0.107
-0.029 0.021 0.105
-0.029 0.023 0.105
-0.031 0.027 0.105
-0.031 0.029 0.105
-0.017 0.001 0.109
-0.021 0.005 0.109
-0.023 0.007 0.111
-0.017 -0.001 0.109
-0.017 0.001 0.107
-0.023 0.011 0.111
-0.021 0.009 0.109
-0.021 0.015 0.105
-0.013 0.013 0.107
-0.009 0.005 0.099
-0.013 0.007 0.103
-0.013 0.011 0.099
-0.017 0.017 0.105
-0.019 0.021 0.103
-0.023 0.029 0.103
-0.025 0.029 0.103
-0.023 0.029 0.103
-0.025 0.025 0.105
-0.033 0.033 0.105
-0.033 0.037 0.107
-0.035 0.037 0.107
-0.035 0.037 0.107
-0.031 0.031 0.101
-0.031 0.033 0.103
-0.031 0.037 0.105
-0.029 0.037 0.101
-0.035 0.035 0.107
-0.031 0.039 0.105
-0.033 0.043 0.105
-0.027 0.033 0.099
-0.027 0.035 0.101
-0.027 0.037 0.101
-0.029 0.033 0.101
-0.021 0.033 0.097
-0.027 0.041 0.101
-0.025 0.039 0.101
0.009 0.001 0.039
0.017 0.003 0.037
0.015 0.007 0.037
0.005 0.013 0.037
0.005 0.017 0.035
0.001 0.001 0.067
