-0.005 -0.037 0.037
0.001 -0.035 0.039
0.001 -0.023 0.033
0.001 -0.035 0.037
-0.001 -0.031 0.043
-0.001 -0.029 0.045
-0.023 -0.001 0.033
-0.017 -0.001 0.033
-0.021 -0.005 0.039
-0.009 -0.031 0.041
-0.025 -0.005 0.043
-0.023 -0.007 0.047
-0.017 -0.007 0.043
-0.023 -0.007 0.047
-0.017 -0.007 0.045
-0.005 -0.037 0.037
-0.005 -0.037 0.037
0.001 -0.033 0.043
-0.001 -0.029 0.047
0.001 -0.031 0.045
0.005 -0.033 0.049
0.001 -0.031 0.055
-0.019 -0.009 0.053
-0.021 -0.007 0.055
-0.015 -0.013 0.061
-0.003 -0.027 0.049
0.003 -0.031 0.051
0.005 -0.031 0.051
0.005 -0.031 0.053
-0.015 -0.013 0.059
-0.003 -0.025 0.057
-0.005 -0.015 0.063
-0.001 -0.025 0.063
0.005 -0.033 0.057
-0.007 -0.017 0.067
0.001 -0.029 0.075
-0.003 -0.027 0.079
-0.011 -0.019 0.079
-0.007 -0.021 0.075
-0.015 -0.015 0.071
-0.015 -0.013 0.065
-0.013 -0.017 0.069
0.003 -0.033 0.071
-0.005 -0.023 0.077
0.005 -0.033 0.077
0.001 -0.031 0.081
-0.005 -0.025 0.085
-0.003 -0.027 0.087
-0.003 -0.025 0.089
-0.025 -0.003 0.087
-0.023 -0.001 0.085
-0.029 -0.007 0.089
-0.025 -0.003 0.089
-0.025 -0.003 0.091
-0.003 -0.027 0.081
-0.003 -0.027 0.081
-0.005 -0.023 0.089
0.001 -0.027 0.089
-0.001 -0.027 0.087
-0.001 -0.025 0.091
-0.025 -0.007 0.097
-0.027 -0.007 0.101
-0.017 -0.009 0.111
-0.019 -0.005 0.107
-0.021 -0.005 0.109
-0.017 -0.009 0.111
-0.015 -0.007 0.109
-0.017 -0.009 0.109
-0.015 -0.013 0.113
0.017 -0.035 0.031
0.015 -0.035 0.031
0.023 -0.035 0.031
0.023 -0.035 0.031
0.019 -0.035 0.031
0.019 -0.035 0.033
0.021 -0.035 0.033
0.033 -0.021 0.031
0.003 -0.035 0.039
0.007 -0.033 0.047
0.011 -0.033 0.041
0.005 -0.033 0.049
0.013 -0.035 0.063
0.029 -0.035 0.055
0.023 -0.033 0.061
0.029 -0.037 0.063
0.031 -0.037 0.061
0.009 -0.035 0.035
0.007 -0.035 0.037
0.001 -0.023 0.033
0.017 -0.035 0.033
0.019 -0.035 0.035
0.017 -0.033 0.039
0.001 -0.031 0.047
0.013 -0.031 0.045
0.015 -0.025 0.047
0.029 -0.029 0.033
0.019 -0.033 0.039
0.031 -0.027 0.033
0.023 -0.031 0.041
0.023 -0.029 0.043
0.027 -0.031 0.043
0.025 -0.025 0.045
0.021 -0.021 0.047
0.007 -0.035 0.037
0.013 -0.035 0.035
0.009 -0.035 0.039
0.011 -0.035 0.037
0.013 -0.033 0.039
0.017 -0.033 0.039
0.017 -0.031 0.041
0.019 -0.033 0.039
0.009 -0.033 0.045
0.011 -0.033 0.043
0.011 -0.031 0.045
0.011 -0.031 0.045
0.013 -0.031 0.045
0.013 -0.029 0.045
0.013 -0.027 0.047
0.019 -0.023 0.047
0.025 -0.033 0.037
0.029 -0.033 0.035
0.025 -0.035 0.035
0.027 -0.033 0.035
0.025 -0.031 0.043
0.023 -0.023 0.047
0.029 -0.031 0.041
0.029 -0.031 0.043
0.005 -0.031 0.055
0.013 -0.029 0.053
0.013 -0.029 0.055
0.017 -0.025 0.051
0.017 -0.027 0.053
0.007 -0.035 0.063
0.017 -0.031 0.061
0.017 -0.033 0.063
0.017 -0.025 0.051
0.031 -0.033 0.049
0.029 -0.035 0.055
0.017 -0.031 0.061
0.031 -0.035 0.057
0.021 -0.029 0.061
0.021 -0.031 0.063
0.007 -0.031 0.049
0.005 -0.031 0.051
0.013 -0.027 0.051
0.015 -0.029 0.055
0.015 -0.029 0.055
0.007 -0.033 0.059
0.009 -0.035 0.063
0.029 -0.033 0.053
0.033 -0.035 0.055
0.021 -0.011 0.049
0.027 -0.025 0.049
0.017 -0.009 0.053
0.027 -0.033 0.055
0.027 -0.035 0.059
0.029 -0.037 0.061
0.027 -0.037 0.061
0.031 -0.037 0.059
0.033 -0.035 0.059
0.033 -0.031 0.039
0.035 -0.029 0.039
0.033 -0.025 0.033
0.035 -0.031 0.045
0.033 -0.033 0.047
0.039 -0.027 0.041
0.035 -0.033 0.047
0.037 -0.031 0.047
0.039 -0.031 0.047
0.041 -0.025 0.043
0.037 -0.029 0.041
0.037 -0.031 0.043
0.039 -0.027 0.041
0.039 -0.031 0.055
0.039 -0.029 0.055
0.041 -0.029 0.049
0.039 -0.031 0.055
0.039 -0.031 0.057
0.035 -0.035 0.057
0.037 -0.033 0.057
0.015 -0.035 0.065
0.003 -0.033 0.073
0.013 -0.037 0.075
0.015 -0.035 0.075
0.017 -0.035 0.067
0.025 -0.037 0.065
0.021 -0.037 0.069
0.025 -0.037 0.065
0.025 -0.037 0.067
0.027 -0.041 0.075
0.031 -0.043 0.075
0.029 -0.043 0.079
0.019 -0.035 0.075
0.017 -0.035 0.077
0.027 -0.039 0.073
0.007 -0.033 0.081
0.013 -0.033 0.085
0.017 -0.033 0.083
0.033 -0.043 0.081
0.029 -0.039 0.087
0.027 -0.039 0.085
0.033 -0.043 0.075
0.035 -0.043 0.077
0.035 -0.045 0.081
0.007 -0.035 0.065
0.013 -0.035 0.069
0.013 -0.037 0.071
0.003 -0.033 0.073
0.005 -0.035 0.073
0.013 -0.037 0.073
0.017 -0.035 0.075
0.025 -0.037 0.065
0.025 -0.039 0.071
0.023 -0.039 0.069
0.031 -0.035 0.067
0.023 -0.039 0.075
0.021 -0.039 0.075
0.023 -0.041 0.077
0.011 -0.037 0.075
0.009 -0.035 0.073
0.007 -0.035 0.073
0.011 -0.037 0.075
0.027 -0.037 0.067
0.015 -0.033 0.087
0.017 -0.033 0.085
0.003 -0.029 0.089
0.001 -0.027 0.089
0.007 -0.027 0.093
0.009 -0.029 0.091
0.011 -0.031 0.089
0.011 -0.029 0.091
0.007 -0.025 0.095
0.011 -0.031 0.089
0.011 -0.029 0.091
0.019 -0.033 0.083
0.019 -0.033 0.085
0.017 -0.029 0.087
0.019 -0.035 0.081
0.011 -0.033 0.085
0.015 -0.033 0.085
0.009 -0.033 0.085
-0.027 -0.003 0.031
-0.027 -0.003 0.031
-0.025 -0.003 0.031
-0.019 0.001 0.031
0.001 -0.033 0.035
-0.025 -0.005 0.033
-0.005 -0.037 0.035
-0.001 -0.035 0.037
0.003 -0.035 0.037
0.003 -0.035 0.037
-0.035 0.001 0.037
-0.033 -0.001 0.037
-0.033 0.001 0.039
-0.035 0.001 0.035
-0.029 -0.005 0.037
-0.035 0.005 0.043
-0.033 0.003 0.043
-0.039 0.009 0.043
-0.041 0.011 0.045
-0.035 0.005 0.041
-0.047 0.015 0.039
-0.043 0.015 0.035
-0.043 0.013 0.039
-0.027 -0.007 0.035
-0.039 0.007 0.037
-0.027 -0.007 0.035
-0.035 0.005 0.045
-0.031 -0.001 0.041
-0.033 0.003 0.041
-0.035 0.005 0.045
-0.033 0.005 0.045
-0.031 0.003 0.043
-0.031 0.005 0.045
-0.037 0.007 0.049
-0.033 0.007 0.049
-0.039 0.009 0.049
-0.035 0.009 0.051
-0.035 0.013 0.055
-0.033 0.013 0.061
-0.031 0.007 0.049
-0.035 0.015 0.059
-0.035 0.015 0.061
-0.035 0.015 0.061
-0.039 0.017 0.057
-0.039 0.019 0.059
-0.037 0.017 0.057
-0.033 0.013 0.061
-0.025 -0.003 0.033
-0.021 -0.001 0.035
-0.019 -0.001 0.033
-0.025 -0.005 0.033
-0.005 -0.037 0.037
-0.025 -0.005 0.045
-0.025 -0.005 0.047
-0.003 -0.035 0.035
-0.001 -0.035 0.039
0.003 -0.035 0.037
0.005 -0.035 0.039
0.003 -0.035 0.039
-0.003 -0.035 0.037
0.005 -0.033 0.037
0.007 -0.035 0.037
0.009 -0.031 0.047
-0.007 -0.031 0.037
-0.005 -0.037 0.037
0.009 -0.033 0.045
0.005 -0.033 0.049
0.005 -0.033 0.049
0.007 -0.033 0.047
-0.017 -0.011 0.053
-0.017 -0.011 0.059
-0.013 -0.013 0.059
-0.015 -0.013 0.061
-0.015 -0.013 0.061
-0.013 -0.015 0.063
-0.013 -0.015 0.063
0.005 -0.031 0.053
0.007 -0.031 0.053
-0.009 -0.015 0.063
0.005 -0.033 0.059
0.005 -0.033 0.059
0.007 -0.035 0.063
0.003 -0.033 0.063
0.007 -0.033 0.061
-0.007 -0.013 0.057
-0.013 -0.013 0.059
-0.007 -0.015 0.061
-0.009 -0.013 0.057
-0.007 -0.013 0.059
-0.009 -0.015 0.063
-0.001 -0.029 0.053
-0.001 -0.029 0.055
-0.001 -0.029 0.051
-0.001 -0.029 0.053
0.001 -0.031 0.057
-0.025 -0.005 0.041
-0.021 -0.007 0.041
-0.021 -0.007 0.047
-0.025 -0.005 0.051
-0.023 -0.003 0.055
-0.031 0.015 0.057
0.001 -0.033 0.041
-0.005 -0.029 0.043
-0.001 -0.031 0.043
-0.011 -0.007 0.045
-0.003 -0.027 0.049
0.009 -0.033 0.043
0.005 -0.033 0.043
0.007 -0.033 0.047
0.009 -0.033 0.045
-0.017 -0.011 0.057
-0.011 -0.013 0.057
-0.009 -0.013 0.059
-0.031 0.009 0.067
-0.033 0.011 0.069
-0.031 0.009 0.071
-0.031 0.007 0.077
-0.029 0.005 0.077
-0.035 0.015 0.065
-0.025 0.007 0.067
-0.029 0.007 0.069
-0.031 0.009 0.073
-0.035 0.011 0.083
-0.031 -0.003 0.089
-0.029 -0.007 0.087
-0.031 0.003 0.083
-0.031 0.007 0.081
-0.027 0.003 0.079
-0.029 -0.001 0.085
-0.029 -0.001 0.085
-0.027 0.001 0.085
-0.027 -0.005 0.087
-0.027 -0.007 0.089
-0.033 0.001 0.091
-0.029 -0.007 0.089
-0.027 -0.007 0.093
-0.029 0.007 0.071
-0.025 0.005 0.071
-0.013 -0.017 0.071
-0.011 -0.017 0.071
-0.013 -0.017 0.071
-0.019 -0.009 0.065
-0.019 -0.009 0.065
-0.011 -0.017 0.069
-0.009 -0.019 0.071
-0.027 0.005 0.073
-0.027 0.003 0.079
-0.025 0.001 0.079
-0.013 -0.017 0.073
-0.021 0.001 0.077
-0.019 0.001 0.077
-0.013 -0.017 0.077
-0.011 -0.019 0.077
-0.027 0.003 0.077
-0.009 -0.019 0.073
-0.007 -0.021 0.075
-0.009 -0.017 0.069
-0.007 -0.019 0.073
-0.005 -0.023 0.075
-0.007 -0.019 0.071
-0.011 -0.017 0.071
-0.025 0.003 0.073
-0.023 0.001 0.077
-0.009 -0.021 0.075
-0.013 -0.017 0.077
-0.011 -0.019 0.079
-0.029 0.003 0.081
-0.007 -0.023 0.079
-0.017 -0.001 0.089
-0.021 -0.001 0.093
-0.019 0.001 0.093
-0.007 -0.023 0.081
-0.001 -0.029 0.085
-0.005 -0.025 0.085
-0.003 -0.027 0.085
-0.003 -0.027 0.083
-0.001 -0.027 0.089
-0.003 -0.025 0.089
-0.013 0.001 0.095
-0.003 -0.017 0.093
-0.003 -0.025 0.089
-0.025 0.001 0.081
-0.023 -0.001 0.083
-0.007 -0.023 0.081
-0.007 -0.023 0.085
-0.009 -0.021 0.083
-0.005 -0.025 0.083
-0.019 -0.001 0.081
-0.007 -0.023 0.081
-0.005 -0.025 0.081
-0.005 -0.025 0.083
-0.009 -0.021 0.083
-0.007 -0.023 0.083
-0.009 -0.021 0.083
-0.025 -0.003 0.087
-0.025 -0.003 0.089
-0.021 -0.001 0.091
-0.015 0.003 0.089
-0.007 -0.023 0.087
-0.017 -0.001 0.091
-0.021 -0.001 0.087
-0.019 -0.001 0.093
-0.019 -0.001 0.093
-0.003 -0.027 0.081
-0.003 -0.027 0.087
-0.029 0.003 0.079
-0.031 0.003 0.083
-0.035 0.015 0.081
-0.029 -0.007 0.087
-0.025 -0.003 0.087
-0.023 -0.001 0.087
-0.023 -0.001 0.087
-0.021 -0.001 0.089
-0.019 -0.001 0.085
-0.023 -0.001 0.089
-0.013 -0.015 0.081
-0.019 -0.001 0.081
-0.019 -0.001 0.085
-0.019 -0.001 0.087
-0.017 -0.001 0.087
-0.033 0.001 0.101
-0.027 -0.009 0.101
-0.027 -0.009 0.103
-0.033 0.001 0.099
-0.033 0.001 0.095
-0.025 0.001 0.099
-0.027 -0.001 0.099
-0.023 0.003 0.103
-0.023 0.003 0.103
-0.021 0.003 0.103
-0.019 0.001 0.099
-0.019 0.005 0.101
-0.027 -0.001 0.101
-0.027 -0.005 0.101
-0.023 0.003 0.103
-0.023 0.001 0.105
-0.021 0.003 0.103
-0.029 0.009 0.105
-0.025 0.003 0.105
-0.025 0.005 0.103
-0.021 -0.005 0.109
-0.013 0.003 0.097
-0.009 -0.001 0.097
-0.011 0.001 0.099
-0.011 0.001 0.101
-0.015 0.005 0.099
-0.021 0.001 0.097
-0.017 0.007 0.101
-0.023 0.003 0.103
-0.021 0.003 0.103
-0.029 -0.007 0.097
-0.025 -0.007 0.095
-0.025 -0.001 0.095
-0.023 0.001 0.097
-0.027 -0.009 0.097
-0.027 -0.005 0.099
-0.027 -0.005 0.099
-0.023 0.003 0.101
-0.019 -0.001 0.093
-0.017 0.003 0.095
-0.021 0.001 0.099
-0.017 0.005 0.097
0.011 -0.035 0.035
0.019 -0.035 0.037
0.019 -0.035 0.037
0.023 -0.035 0.035
0.017 -0.033 0.039
0.019 -0.033 0.039
0.013 -0.035 0.037
0.011 -0.035 0.037
0.015 -0.033 0.039
