0.029 -0.005 0.057
0.037 -0.033 0.055
0.039 -0.031 0.057
0.039 -0.031 0.057
0.039 -0.029 0.057
0.039 -0.025 0.057
0.037 -0.031 0.061
0.037 -0.029 0.061
0.037 -0.029 0.061
0.029 -0.009 0.061
0.029 -0.009 0.059
0.029 -0.009 0.061
-0.001 -0.005 0.057
0.025 -0.011 0.065
0.021 -0.015 0.045
0.013 -0.015 0.051
0.029 -0.005 0.061
0.031 -0.027 0.065
0.029 -0.027 0.065
0.017 -0.019 0.063
0.029 -0.029 0.069
0.021 -0.025 0.069
0.001 -0.005 0.061
0.001 -0.003 0.063
0.005 -0.011 0.073
0.003 -0.007 0.073
0.013 -0.015 0.059
0.027 -0.013 0.061
0.017 -0.017 0.063
0.025 -0.007 0.063
0.025 -0.009 0.065
-0.001 -0.003 0.053
-0.001 -0.013 0.067
0.017 -0.017 0.075
0.017 -0.017 0.071
0.019 -0.019 0.079
0.015 -0.021 0.089
0.013 -0.019 0.089
0.019 -0.021 0.081
0.019 -0.021 0.081
0.017 -0.023 0.087
0.015 -0.015 0.081
0.003 -0.003 0.075
0.007 -0.009 0.085
-0.001 -0.013 0.067
-0.001 -0.013 0.067
0.019 -0.013 0.073
0.001 -0.009 0.067
0.017 -0.017 0.077
0.005 -0.013 0.073
0.015 -0.017 0.087
0.013 -0.015 0.087
0.011 -0.015 0.089
0.007 -0.009 0.085
0.001 -0.001 0.077
0.015 -0.027 0.089
0.011 -0.021 0.091
0.015 -0.023 0.089
0.009 -0.023 0.093
0.011 -0.027 0.093
0.007 -0.023 0.095
-0.017 -0.001 0.083
-0.017 -0.001 0.089
-0.027 -0.005 0.097
-0.025 -0.003 0.095
-0.017 -0.001 0.091
0.001 -0.007 0.089
0.001 -0.005 0.085
-0.011 -0.003 0.085
-0.005 -0.001 0.081
-0.001 -0.013 0.091
-0.005 -0.011 0.093
-0.005 -0.013 0.093
0.001 -0.015 0.093
-0.001 -0.015 0.095
-0.005 -0.011 0.093
-0.007 -0.007 0.089
-0.027 -0.005 0.101
-0.017 -0.003 0.109
-0.015 -0.011 0.113
0.041 -0.025 0.047
0.041 -0.025 0.047
0.039 -0.029 0.043
0.039 -0.027 0.041
0.037 -0.017 0.035
0.037 -0.033 0.053
0.019 -0.035 0.037
0.019 -0.035 0.037
0.011 -0.035 0.037
0.037 -0.033 0.059
0.035 -0.033 0.061
0.025 -0.035 0.035
0.033 -0.033 0.045
0.037 -0.033 0.051
0.033 -0.033 0.067
0.037 -0.033 0.059
0.031 -0.037 0.063
0.039 -0.029 0.053
0.039 -0.027 0.057
0.039 -0.027 0.057
0.039 -0.031 0.047
0.041 -0.029 0.049
0.041 -0.027 0.047
0.041 -0.025 0.047
0.039 -0.023 0.053
0.041 -0.023 0.049
0.041 -0.021 0.047
0.037 -0.019 0.051
0.037 -0.031 0.061
0.039 -0.027 0.055
0.039 -0.025 0.057
0.039 -0.031 0.047
0.037 -0.031 0.043
0.039 -0.017 0.041
0.039 -0.031 0.049
0.041 -0.027 0.053
0.041 -0.023 0.051
0.039 -0.023 0.053
0.039 -0.021 0.053
0.037 -0.015 0.045
0.027 -0.011 0.043
0.029 -0.005 0.049
0.029 -0.003 0.047
0.029 -0.011 0.059
0.017 -0.013 0.047
0.039 -0.017 0.045
0.031 -0.011 0.041
0.037 -0.017 0.047
0.031 -0.011 0.041
0.035 -0.013 0.041
0.029 -0.011 0.033
0.027 -0.009 0.039
0.031 -0.011 0.041
0.031 -0.011 0.039
0.025 -0.003 0.035
0.029 -0.005 0.047
0.021 -0.015 0.045
0.023 -0.013 0.047
0.029 -0.011 0.043
0.031 -0.015 0.047
0.035 -0.015 0.047
0.035 -0.015 0.047
0.031 -0.009 0.049
0.027 -0.005 0.043
0.035 -0.029 0.063
0.035 -0.023 0.059
0.015 -0.017 0.053
0.033 -0.029 0.065
0.035 -0.025 0.061
0.039 -0.031 0.057
0.037 -0.023 0.057
0.037 -0.027 0.061
0.033 -0.029 0.065
0.031 -0.027 0.065
0.033 -0.027 0.063
0.017 -0.023 0.057
0.017 -0.017 0.063
0.021 -0.013 0.063
0.011 -0.013 0.055
0.013 -0.015 0.057
0.013 -0.015 0.055
0.021 -0.013 0.065
0.001 -0.003 0.063
0.031 -0.011 0.055
0.029 -0.011 0.059
0.029 -0.009 0.059
0.031 -0.009 0.053
0.029 -0.007 0.059
0.031 -0.005 0.053
0.027 -0.009 0.063
0.025 -0.013 0.063
0.025 -0.011 0.063
0.025 -0.007 0.063
0.027 -0.007 0.061
0.035 -0.027 0.037
0.041 -0.023 0.041
0.041 -0.021 0.041
0.039 -0.017 0.043
0.037 -0.017 0.049
0.035 -0.013 0.043
0.033 -0.013 0.045
0.037 -0.021 0.055
0.037 -0.023 0.057
0.035 -0.021 0.055
0.039 -0.021 0.053
0.037 -0.029 0.061
0.035 -0.023 0.059
0.031 -0.035 0.087
0.029 -0.037 0.067
0.029 -0.037 0.069
0.033 -0.041 0.077
0.037 -0.043 0.081
0.033 -0.039 0.079
0.033 -0.039 0.081
0.029 -0.035 0.079
0.031 -0.035 0.081
0.035 -0.039 0.083
0.027 -0.033 0.073
0.017 -0.033 0.087
0.035 -0.043 0.085
0.031 -0.037 0.087
0.027 -0.033 0.083
0.031 -0.037 0.089
0.027 -0.033 0.087
0.035 -0.041 0.075
0.035 -0.041 0.079
0.037 -0.043 0.081
0.035 -0.043 0.081
0.035 -0.041 0.083
0.021 -0.025 0.073
0.021 -0.027 0.077
0.021 -0.023 0.079
0.019 -0.031 0.081
0.019 -0.025 0.083
0.019 -0.023 0.081
0.017 -0.017 0.077
0.021 -0.027 0.071
0.027 -0.031 0.071
0.029 -0.031 0.069
0.021 -0.023 0.067
0.023 -0.031 0.073
0.021 -0.029 0.079
0.021 -0.025 0.079
0.019 -0.021 0.075
0.019 -0.021 0.079
0.019 -0.019 0.079
0.003 -0.011 0.071
0.003 -0.007 0.071
0.017 -0.017 0.081
0.007 -0.009 0.077
0.009 -0.011 0.079
0.005 -0.005 0.077
0.005 -0.007 0.075
0.003 -0.003 0.077
0.023 -0.013 0.067
0.021 -0.013 0.071
0.019 -0.011 0.071
0.025 -0.009 0.065
0.017 -0.031 0.089
0.015 -0.017 0.085
0.015 -0.027 0.089
0.019 -0.025 0.081
0.017 -0.025 0.087
0.007 -0.009 0.081
0.003 -0.005 0.083
0.003 -0.007 0.087
0.003 -0.015 0.091
0.009 -0.015 0.091
0.007 -0.013 0.091
0.003 -0.011 0.091
0.009 -0.013 0.089
0.001 0.007 0.043
0.003 0.009 0.039
0.005 0.011 0.039
-0.003 0.019 0.043
-0.003 0.025 0.041
-0.001 0.023 0.039
-0.005 0.035 0.035
-0.001 0.003 0.049
-0.003 0.009 0.053
-0.003 0.009 0.055
-0.001 0.011 0.049
-0.003 0.009 0.053
-0.001 0.005 0.061
-0.009 0.015 0.053
-0.003 0.011 0.051
-0.005 0.017 0.045
-0.009 0.019 0.051
-0.009 0.019 0.051
-0.011 0.019 0.053
-0.011 0.019 0.053
-0.005 0.023 0.047
-0.009 0.027 0.051
-0.011 0.015 0.055
-0.019 0.017 0.057
-0.009 0.017 0.053
-0.011 0.019 0.053
-0.007 0.007 0.065
-0.005 0.007 0.063
-0.007 0.007 0.065
-0.021 0.013 0.061
-0.021 0.013 0.065
-0.021 0.013 0.065
-0.021 0.015 0.059
-0.019 0.027 0.063
-0.017 0.019 0.067
-0.017 0.013 0.069
-0.017 0.013 0.071
-0.017 0.021 0.067
-0.021 0.027 0.071
0.001 0.009 0.045
-0.001 0.003 0.057
-0.003 0.005 0.039
0.003 0.009 0.041
0.005 0.011 0.035
0.001 0.009 0.045
-0.005 0.015 0.047
-0.001 0.013 0.047
-0.001 0.015 0.043
0.003 0.013 0.043
0.003 0.015 0.041
-0.001 0.019 0.039
-0.001 0.021 0.039
-0.001 0.023 0.037
-0.001 0.023 0.039
-0.005 0.029 0.039
-0.003 0.027 0.041
-0.003 0.029 0.035
-0.003 0.029 0.035
-0.003 0.025 0.039
-0.005 0.029 0.041
-0.005 0.023 0.047
-0.003 0.027 0.041
-0.005 0.029 0.043
-0.001 0.005 0.061
-0.003 0.007 0.061
-0.009 0.009 0.061
-0.005 0.007 0.063
-0.021 0.013 0.061
-0.021 0.013 0.061
-0.021 0.015 0.063
-0.001 0.007 0.051
-0.007 0.011 0.057
-0.007 0.015 0.049
-0.001 0.013 0.049
-0.003 0.011 0.053
-0.003 0.009 0.053
-0.003 0.007 0.061
-0.005 0.007 0.063
-0.015 0.021 0.055
-0.019 0.019 0.061
-0.019 0.023 0.063
-0.007 0.017 0.049
-0.009 0.017 0.053
-0.007 0.021 0.049
-0.011 0.029 0.049
-0.013 0.031 0.053
-0.013 0.031 0.049
-0.013 0.033 0.047
-0.011 0.029 0.053
-0.013 0.029 0.055
-0.013 0.031 0.053
-0.017 0.033 0.051
-0.017 0.029 0.057
-0.021 0.031 0.061
-0.021 0.029 0.065
-0.007 0.031 0.047
-0.007 0.035 0.039
-0.007 0.035 0.041
-0.007 0.033 0.045
-0.009 0.031 0.047
-0.013 0.033 0.047
-0.007 0.035 0.045
-0.007 0.037 0.045
-0.021 0.037 0.045
-0.007 0.037 0.041
-0.003 0.031 0.035
-0.007 0.039 0.043
-0.007 0.035 0.045
-0.007 0.037 0.045
-0.007 0.039 0.043
-0.005 0.033 0.041
-0.005 0.033 0.043
-0.023 0.037 0.053
-0.025 0.037 0.055
-0.015 0.031 0.055
-0.025 0.035 0.059
-0.021 0.033 0.059
-0.021 0.033 0.059
-0.023 0.033 0.061
-0.015 0.011 0.075
-0.015 0.009 0.077
-0.015 0.013 0.081
-0.015 0.011 0.081
-0.009 0.005 0.101
-0.013 0.011 0.097
-0.015 0.015 0.089
-0.015 0.015 0.091
-0.019 0.027 0.089
-0.019 0.023 0.089
-0.019 0.027 0.089
-0.019 0.027 0.089
-0.019 0.025 0.091
-0.029 0.029 0.089
-0.015 0.017 0.097
-0.017 0.021 0.095
-0.017 0.019 0.099
-0.017 0.021 0.097
-0.023 0.029 0.093
-0.021 0.027 0.101
-0.019 0.005 0.073
-0.009 0.003 0.075
-0.005 0.003 0.075
-0.007 0.003 0.075
-0.019 0.007 0.071
-0.019 0.011 0.069
-0.017 0.001 0.083
-0.017 0.003 0.077
-0.009 -0.001 0.081
-0.015 0.007 0.079
-0.015 0.007 0.081
-0.013 0.011 0.085
-0.003 0.003 0.073
-0.001 -0.001 0.079
-0.001 0.001 0.077
-0.005 0.003 0.075
-0.017 0.021 0.067
-0.023 0.031 0.067
-0.025 0.031 0.069
-0.021 0.029 0.065
-0.021 0.029 0.067
-0.021 0.029 0.067
-0.019 0.023 0.073
-0.017 0.017 0.079
-0.021 0.021 0.079
-0.027 0.029 0.073
-0.017 -0.001 0.085
-0.017 -0.001 0.087
-0.009 0.001 0.093
-0.009 0.005 0.089
-0.013 0.011 0.087
-0.011 0.009 0.087
-0.015 0.015 0.085
-0.009 0.005 0.095
-0.009 0.005 0.093
-0.015 0.015 0.089
-0.013 0.013 0.093
-0.015 0.015 0.087
-0.017 0.021 0.089
-0.017 0.021 0.089
-0.015 0.017 0.089
-0.015 0.017 0.089
-0.019 0.025 0.087
-0.019 0.029 0.085
-0.017 0.023 0.087
-0.019 0.027 0.085
-0.021 0.029 0.087
-0.017 0.019 0.095
-0.017 0.021 0.095
-0.015 0.017 0.101
-0.021 0.023 0.093
-0.019 0.025 0.099
-0.019 0.025 0.089
-0.019 0.025 0.095
-0.015 0.017 0.087
-0.015 0.017 0.093
-0.025 0.033 0.089
-0.027 0.037 0.089
-0.027 0.031 0.089
-0.031 0.031 0.089
-0.035 0.039 0.089
-0.027 0.039 0.087
-0.025 0.041 0.085
-0.027 0.039 0.089
-0.029 0.043 0.089
-0.031 0.035 0.089
-0.031 0.037 0.089
-0.037 0.047 0.093
-0.023 0.033 0.087
-0.023 0.035 0.085
-0.025 0.037 0.083
-0.027 0.039 0.089
-0.027 0.045 0.083
-0.027 0.041 0.087
-0.029 0.045 0.087
-0.029 0.035 0.089
-0.013 0.007 0.103
-0.021 0.007 0.107
-0.015 0.009 0.109
-0.013 0.013 0.107
-0.021 0.021 0.105
-0.015 0.015 0.107
-0.021 0.023 0.103
-0.023 0.025 0.105
-0.023 0.027 0.103
-0.027 0.029 0.103
-0.019 0.001 0.105
-0.019 0.003 0.105
-0.019 0.003 0.107
-0.021 0.005 0.103
-0.019 0.003 0.105
-0.011 0.007 0.103
-0.023 0.009 0.111
-0.009 0.003 0.099
-0.009 0.003 0.103
-0.013 0.013 0.097
-0.013 0.011 0.103
-0.019 0.023 0.099
-0.023 0.029 0.103
-0.027 0.017 0.105
-0.015 0.015 0.107
-0.029 0.027 0.105
-0.015 0.017 0.101
-0.033 0.033 0.105
-0.031 0.035 0.105
-0.029 0.033 0.101
-0.027 0.035 0.101
-0.033 0.033 0.105
-0.031 0.037 0.105
-0.025 0.039 0.097
-0.029 0.033 0.101
-0.025 0.037 0.101
-0.027 0.041 0.101
0.003 0.019 0.031
0.017 0.001 0.037
0.011 0.001 0.039
0.011 0.003 0.039
0.005 0.011 0.037
0.005 0.013 0.037
0.001 0.007 0.041
0.003 0.009 0.041
0.003 0.013 0.043
