0.005 -0.013 0.059
-0.011 0.007 0.063
-0.015 0.013 0.077
-0.009 -0.003 0.083
0.007 -0.007 0.047
0.013 -0.017 0.067
0.019 -0.009 0.065
0.029 -0.007 0.061
0.033 -0.041 0.075
0.031 -0.027 0.065
0.003 -0.019 0.095
-0.017 0.031 0.057
-0.033 0.035 0.061
-0.003 0.017 0.043
-0.007 0.037 0.045
-0.005 0.033 0.039
-0.015 0.015 0.075
-0.013 0.011 0.057
-0.025 0.027 0.105
-0.033 0.031 0.103
-0.035 0.039 0.105
-0.025 0.033 0.065
-0.023 0.031 0.067
-0.019 0.025 0.099
-0.031 0.043 0.091
-0.031 0.021 0.105
-0.031 0.019 0.105
-0.013 0.013 0.099
-0.031 0.041 0.097
-0.007 -0.015 0.065
-0.021 -0.001 0.089
0.011 -0.035 0.033
0.013 -0.033 0.041
0.007 -0.035 0.063
0.035 -0.035 0.053
0.001 -0.035 0.037
0.001 -0.031 0.049
-0.001 -0.029 0.055
0.023 -0.033 0.063
0.021 -0.035 0.067
0.007 -0.035 0.063
0.033 -0.031 0.041
0.031 -0.033 0.045
0.021 -0.037 0.071
-0.033 0.007 0.047
-0.051 0.017 0.037
-0.049 0.019 0.039
-0.031 0.005 0.045
-0.021 0.009 0.057
-0.029 0.005 0.049
-0.029 -0.005 0.087
-0.033 0.005 0.095
-0.041 0.025 0.095
-0.035 0.015 0.071
-0.039 0.029 0.099
-0.033 0.029 0.103
-0.029 0.001 0.103
-0.021 -0.001 0.109
-0.035 0.033 0.105
-0.001 -0.035 0.039
0.015 -0.033 0.087
-0.027 -0.009 0.097
0.029 -0.033 0.033
0.015 -0.025 0.047
0.041 -0.025 0.043
0.009 -0.033 0.057
0.035 -0.033 0.049
0.031 -0.037 0.061
0.019 -0.031 0.059
0.027 -0.037 0.067
0.017 -0.035 0.037
0.021 -0.033 0.037
0.031 -0.033 0.049
0.033 -0.031 0.039
0.027 -0.037 0.063
0.027 -0.037 0.063
0.033 -0.033 0.045
0.031 -0.037 0.063
0.029 -0.041 0.073
0.031 -0.043 0.077
0.027 -0.037 0.071
0.033 -0.043 0.083
0.035 -0.043 0.079
0.033 -0.043 0.085
-0.009 -0.001 0.103
-0.013 0.011 0.097
-0.005 -0.029 0.043
0.005 -0.031 0.087
0.003 -0.029 0.089
-0.013 -0.005 0.085
-0.019 -0.003 0.111
0.031 -0.039 0.087
0.013 -0.007 0.051
0.009 -0.017 0.091
0.027 -0.013 0.045
0.031 -0.041 0.085
0.025 -0.035 0.087
0.031 -0.037 0.089
0.025 -0.033 0.087
0.019 -0.031 0.083
0.017 -0.019 0.085
-0.007 0.007 0.065
-0.023 0.005 0.115
-0.021 0.009 0.109
0.003 -0.009 0.089
-0.023 0.005 0.115
-0.027 0.017 0.105
-0.029 0.013 0.105
-0.029 0.025 0.105
-0.017 0.021 0.097
-0.015 0.009 0.109
-0.031 0.033 0.103
-0.011 0.037 0.045
-0.015 0.033 0.047
-0.017 0.033 0.049
-0.011 0.011 0.057
-0.001 0.005 0.059
-0.013 0.001 0.075
-0.005 -0.005 0.085
-0.017 0.021 0.099
-0.005 -0.009 0.089
0.019 -0.005 0.051
0.031 -0.005 0.051
0.031 -0.005 0.053
0.017 -0.005 0.051
0.013 -0.015 0.063
0.027 -0.003 0.051
0.023 -0.033 0.079
0.009 -0.011 0.079
0.013 -0.023 0.089
-0.031 0.037 0.039
-0.009 0.043 0.039
-0.031 0.037 0.059
-0.011 0.043 0.039
-0.009 0.039 0.045
-0.007 0.037 0.041
-0.031 0.029 0.071
-0.025 0.037 0.087
-0.037 0.033 0.093
-0.017 0.005 0.069
-0.017 0.021 0.071
-0.021 0.031 0.095
-0.035 0.047 0.093
-0.029 0.045 0.089
-0.029 0.041 0.103
-0.021 0.021 0.105
-0.017 0.019 0.097
-0.029 0.043 0.103
0.033 -0.013 0.045
0.009 -0.013 0.089
0.027 -0.009 0.039
0.039 -0.017 0.045
0.041 -0.021 0.047
0.015 -0.003 0.043
0.005 -0.011 0.051
0.029 -0.003 0.055
0.041 -0.025 0.049
0.039 -0.021 0.053
0.019 -0.025 0.081
0.021 -0.011 0.069
0.017 -0.017 0.077
0.021 -0.009 0.067
0.007 -0.011 0.089
-0.005 0.031 0.045
0.005 0.015 0.035
0.005 0.017 0.035
-0.019 0.023 0.073
-0.023 0.031 0.067
-0.015 0.017 0.089
-0.017 0.017 0.069
-0.023 0.031 0.065
-0.023 0.025 0.075
-0.013 0.013 0.087
-0.015 0.015 0.093
-0.019 0.023 0.089
-0.019 0.027 0.089
0.013 0.009 0.033
-0.029 0.033 0.065
-0.017 0.019 0.077
-0.003 0.005 0.067
-0.023 0.033 0.087
-0.021 0.033 0.097
-0.021 0.033 0.097
-0.011 0.011 0.091
0.007 -0.003 0.039
0.015 -0.005 0.039
0.019 -0.005 0.043
0.015 -0.005 0.051
-0.001 0.001 0.075
0.017 -0.017 0.079
0.013 -0.015 0.087
-0.041 0.027 0.039
-0.017 0.039 0.035
-0.017 0.039 0.041
-0.021 0.035 0.047
-0.035 0.031 0.095
-0.037 0.033 0.095
-0.021 0.033 0.085
-0.027 0.031 0.089
-0.035 0.015 0.105
-0.021 0.021 0.105
-0.041 0.041 0.103
-0.037 0.041 0.101
0.021 -0.025 0.071
0.021 -0.009 0.067
0.019 -0.021 0.081
0.011 -0.021 0.091
0.041 -0.023 0.049
0.031 -0.011 0.055
0.027 -0.013 0.055
0.027 -0.013 0.061
0.037 -0.017 0.035
0.033 -0.039 0.077
0.021 -0.025 0.075
0.019 -0.019 0.075
0.019 -0.019 0.079
0.005 -0.005 0.077
-0.017 0.019 0.057
0.001 -0.001 0.067
-0.001 0.007 0.051
-0.015 0.019 0.055
-0.013 0.025 0.055
-0.015 0.033 0.047
-0.023 0.037 0.053
-0.019 0.021 0.075
-0.019 0.027 0.067
-0.017 0.001 0.087
-0.009 0.005 0.091
-0.013 0.013 0.107
-0.019 0.005 0.109
-0.019 0.005 0.109
0.017 0.003 0.035
0.039 -0.031 0.051
0.035 -0.035 0.059
0.011 -0.021 0.091
0.015 -0.021 0.089
0.001 -0.017 0.095
0.031 -0.027 0.033
0.037 -0.025 0.035
0.011 -0.035 0.037
0.007 -0.031 0.051
0.039 -0.023 0.037
0.037 -0.031 0.043
0.039 -0.031 0.047
0.039 -0.031 0.049
0.019 -0.021 0.077
0.019 -0.013 0.069
0.041 -0.023 0.049
0.039 -0.025 0.057
0.029 -0.005 0.061
0.015 0.007 0.037
-0.011 0.027 0.053
-0.013 0.013 0.093
0.023 -0.013 0.067
-0.015 0.009 0.077
-0.015 0.017 0.085
-0.021 0.033 0.085
-0.021 0.033 0.083
-0.017 0.019 0.101
0.019 0.001 0.035
0.015 0.007 0.035
-0.003 -0.027 0.081
-0.031 -0.003 0.095
-0.003 -0.015 0.055
-0.001 -0.023 0.061
-0.009 -0.019 0.073
0.003 -0.033 0.081
-0.013 -0.015 0.077
-0.011 -0.007 0.085
-0.041 0.013 0.041
-0.041 0.015 0.055
-0.023 0.001 0.057
-0.041 0.023 0.045
-0.033 0.009 0.051
-0.029 0.013 0.059
-0.041 0.027 0.047
-0.041 0.027 0.055
-0.033 0.001 0.093
-0.041 0.027 0.093
-0.041 0.023 0.093
-0.029 -0.001 0.085
-0.039 0.019 0.095
-0.039 0.043 0.091
-0.033 0.003 0.109
-0.037 0.035 0.107
-0.011 -0.019 0.075
-0.019 -0.009 0.067
-0.017 -0.011 0.069
-0.011 -0.017 0.085
-0.007 -0.025 0.045
-0.003 -0.015 0.051
-0.029 0.001 0.041
-0.029 -0.005 0.041
-0.025 -0.005 0.049
0.007 -0.035 0.069
-0.035 0.003 0.033
-0.043 0.027 0.039
-0.041 0.015 0.055
-0.039 0.009 0.047
-0.033 0.033 0.035
-0.039 0.033 0.043
-0.041 0.015 0.055
-0.033 0.013 0.065
-0.039 0.021 0.063
-0.041 0.021 0.055
-0.039 0.035 0.049
-0.033 0.009 0.083
-0.035 0.013 0.103
-0.031 0.011 0.105
-0.043 0.033 0.099
-0.041 0.039 0.105
-0.005 -0.005 0.087
-0.001 -0.017 0.095
0.013 -0.015 0.065
0.007 -0.021 0.093
0.005 -0.007 0.047
0.029 -0.019 0.049
0.031 -0.025 0.061
0.019 -0.027 0.083
-0.013 0.019 0.053
-0.043 0.033 0.099
-0.039 0.031 0.101
-0.035 0.037 0.107
-0.025 0.017 0.105
-0.013 0.015 0.095
-0.007 0.007 0.065
-0.021 0.029 0.097
-0.025 0.023 0.105
-0.017 0.019 0.103
-0.019 0.037 0.043
-0.023 0.031 0.099
-0.033 0.035 0.105
-0.035 0.045 0.093
-0.035 0.045 0.093
-0.025 0.031 0.099
-0.043 0.039 0.103
0.011 0.009 0.035
-0.007 -0.029 0.045
-0.003 -0.027 0.047
-0.029 -0.005 0.037
-0.005 -0.033 0.039
-0.005 -0.021 0.053
-0.003 -0.027 0.081
-0.013 -0.015 0.081
0.001 -0.035 0.037
0.007 -0.035 0.037
0.007 -0.033 0.045
0.003 -0.033 0.043
0.013 -0.033 0.039
0.005 -0.033 0.065
0.011 -0.035 0.077
0.001 -0.029 0.075
-0.031 -0.003 0.037
-0.035 0.001 0.035
-0.019 -0.003 0.037
-0.021 -0.007 0.041
-0.011 -0.011 0.053
-0.035 0.005 0.043
-0.027 0.013 0.059
-0.017 -0.007 0.069
-0.025 0.001 0.085
-0.033 0.001 0.091
-0.035 0.011 0.091
-0.033 0.003 0.103
-0.019 0.005 0.101
-0.025 0.003 0.107
-0.043 0.037 0.103
-0.003 -0.035 0.039
0.001 -0.035 0.039
-0.009 -0.013 0.057
-0.009 -0.021 0.079
-0.001 -0.029 0.081
0.027 -0.035 0.033
0.011 -0.035 0.061
0.031 -0.037 0.059
0.013 -0.027 0.047
0.031 -0.033 0.049
0.005 -0.035 0.071
0.013 -0.035 0.077
0.007 -0.029 0.091
-0.035 0.005 0.041
-0.033 0.009 0.051
-0.035 0.009 0.051
-0.011 -0.013 0.059
-0.015 -0.013 0.057
0.005 -0.033 0.057
0.003 -0.031 0.053
-0.035 0.015 0.065
-0.027 -0.007 0.089
-0.029 0.009 0.065
-0.005 -0.023 0.089
-0.005 -0.025 0.081
-0.017 0.001 0.091
-0.015 -0.015 0.067
0.013 -0.033 0.039
-0.001 -0.031 0.043
-0.027 -0.007 0.041
-0.025 -0.007 0.039
-0.025 -0.003 0.049
-0.029 -0.003 0.103
0.015 -0.035 0.037
-0.001 -0.027 0.079
0.003 -0.031 0.073
0.001 -0.031 0.085
0.013 -0.033 0.085
0.003 -0.031 0.073
0.005 -0.031 0.087
0.001 -0.023 0.093
0.013 -0.031 0.087
-0.045 0.015 0.039
-0.049 0.023 0.039
-0.043 0.017 0.051
-0.025 0.007 0.053
-0.027 0.013 0.055
-0.019 -0.003 0.067
-0.031 0.009 0.051
-0.033 0.013 0.067
-0.035 0.015 0.069
-0.037 0.015 0.095
-0.029 0.007 0.071
-0.029 -0.007 0.089
-0.035 0.015 0.105
-0.025 0.005 0.109
-0.027 0.009 0.111
-0.045 0.037 0.101
-0.041 0.011 0.049
-0.025 -0.001 0.051
-0.043 0.017 0.049
-0.031 0.007 0.075
-0.039 0.021 0.059
-0.037 0.013 0.055
-0.039 0.021 0.059
-0.039 0.033 0.051
-0.021 -0.005 0.061
-0.037 0.017 0.065
-0.035 0.017 0.071
-0.035 0.015 0.073
-0.031 0.027 0.073
-0.033 0.029 0.071
-0.035 0.029 0.069
-0.039 0.031 0.061
-0.037 0.023 0.067
-0.033 0.011 0.077
-0.031 0.007 0.077
-0.039 0.029 0.081
-0.037 0.025 0.081
-0.029 -0.007 0.087
-0.047 0.025 0.039
-0.043 0.027 0.039
-0.019 0.037 0.035
-0.049 0.023 0.039
-0.041 0.027 0.043
-0.037 0.017 0.063
-0.041 0.025 0.045
-0.035 0.037 0.043
-0.039 0.031 0.061
-0.037 0.047 0.085
-0.031 0.015 0.105
-0.041 0.039 0.105
-0.035 0.037 0.047
-0.023 -0.007 0.041
0.003 -0.033 0.081
0.011 -0.035 0.081
0.007 -0.035 0.073
-0.003 -0.023 0.091
-0.007 -0.023 0.087
0.001 -0.031 0.085
-0.021 -0.001 0.081
0.007 -0.035 0.039
0.015 -0.033 0.041
0.017 -0.029 0.043
0.027 -0.011 0.043
0.031 -0.029 0.067
0.005 -0.021 0.095
0.017 -0.031 0.087
-0.009 -0.001 0.103
-0.021 -0.001 0.085
-0.015 -0.011 0.113
-0.021 0.013 0.105
-0.021 0.003 0.109
-0.011 0.001 0.103
-0.015 0.017 0.105
-0.021 0.031 0.087
-0.021 0.031 0.087
-0.019 -0.003 0.111
-0.023 0.033 0.099
0.021 -0.013 0.071
-0.035 0.037 0.051
-0.041 0.027 0.049
-0.041 0.031 0.055
-0.025 0.025 0.075
-0.035 0.007 0.103
-0.015 0.033 0.047
-0.031 0.037 0.051
0.017 -0.003 0.039
-0.019 0.029 0.061
0.021 -0.007 0.057
0.021 -0.005 0.057
0.001 0.001 0.071
0.003 -0.011 0.091
-0.037 0.033 0.061
-0.025 0.033 0.063
-0.017 0.033 0.053
-0.019 0.037 0.043
-0.031 0.037 0.053
-0.041 0.029 0.093
-0.039 0.045 0.089
-0.023 0.021 0.079
-0.041 0.037 0.095
-0.031 0.043 0.101
-0.013 0.035 0.045
-0.013 0.041 0.041
