32768
1048576
67108864
524288
32
2048
262144
1
16777216
134217728
33554432
128
8
65536
2
8388608
16384
268435456
4
4194304
2097152
16
512
64
1024
256
131072
8192
4096
536870912
2147483648
1073741824
16842752
65664
268500992
4608
544
131584
9216
4194816
16896
8388640
513
65552
8224
576
134285312
4194848
66049
2163200
66056
74752
336384
8740
135332352
8487456
142615104
142680832
159450624
142675460
8794756
146876161
142810636
2294489635
147009161
147009165
3401787918
3368249871
3368238733
3369287309
3636706957
3368533647
3907501709
3402104463
