8192
8224
8736
8740
134226468
142615076
142619172
142619300
2290102948
2290168484
2290170532
2290170540
2290301612
2294495916
3368237740
3368237741
3368238765
3368271533
3368533677
3402088109
8
40
552
66088
2147549736
2155938344
2155938345
2290156073
2290158121
2290158125
2290158253
2290166445
2294360749
2294491821
3368233645
3368234669
3368238765
3368271533
3368533677
3402088109
131072
131584
131588
139780
401924
8790532
8794628
8794756
2156278404
2156343940
2156345988
2156345996
2160540300
2294758028
2294758029
3368499853
3368500877
3368533645
3402088077
2048
67584
134285312
134285824
142674432
142675456
142683648
142683649
146877953
147009025
147009153
147009161
147009165
2294492813
3368234637
3368238733
3368271501
3368533645
3402088077
