-0.027 -0.041 0.049
-0.025 -0.039 0.057
-0.021 -0.037 0.035
-0.019 -0.039 0.037
-0.017 -0.039 0.043
-0.019 -0.039 0.047
-0.003 -0.027 0.045
-0.003 -0.025 0.047
-0.007 -0.031 0.057
-0.007 -0.029 0.061
-0.007 -0.031 0.055
-0.005 -0.023 0.037
-0.001 -0.001 0.075
-0.003 -0.003 0.077
-0.005 -0.001 0.085
-0.011 0.005 0.093
0.009 0.011 0.087
0.009 0.013 0.097
-0.007 0.015 0.113
0.033 0.005 0.033
0.039 0.007 0.033
0.019 0.005 0.047
0.007 0.007 0.061
0.011 0.011 0.057
0.017 0.021 0.061
0.037 0.007 0.035
0.041 0.009 0.037
0.033 0.007 0.045
0.027 0.009 0.051
0.031 0.021 0.083
0.025 0.021 0.093
0.025 0.021 0.093
0.031 0.023 0.089
0.039 0.027 0.089
0.035 0.023 0.083
0.027 0.035 0.093
0.011 0.013 0.103
-0.029 -0.035 0.063
-0.021 -0.035 0.055
-0.005 -0.023 0.053
-0.007 -0.005 0.047
-0.007 -0.017 0.053
-0.037 -0.033 0.085
-0.025 -0.007 0.095
-0.017 -0.013 0.069
-0.029 -0.011 0.093
0.011 0.013 0.109
-0.017 -0.003 0.093
-0.017 -0.001 0.095
-0.005 -0.003 0.083
0.003 0.009 0.075
0.005 0.011 0.101
-0.003 0.017 0.111
0.017 0.015 0.099
0.023 0.019 0.091
0.013 0.003 0.051
0.015 0.015 0.105
0.033 0.005 0.041
0.015 0.017 0.107
0.035 0.023 0.099
0.025 0.029 0.105
0.005 0.007 0.071
0.011 0.013 0.103
0.021 0.017 0.089
0.037 0.023 0.099
0.033 0.027 0.099
0.031 0.033 0.103
0.041 0.035 0.105
0.037 0.031 0.105
0.037 0.039 0.105
-0.023 0.003 0.037
0.007 0.037 0.047
-0.011 0.017 0.059
-0.021 0.005 0.049
-0.003 0.023 0.055
-0.019 0.005 0.039
-0.007 0.019 0.067
-0.011 0.017 0.065
-0.007 0.019 0.063
-0.029 0.001 0.083
-0.031 -0.007 0.089
-0.031 -0.003 0.071
-0.023 0.001 0.091
-0.027 0.003 0.085
-0.011 0.015 0.079
-0.005 0.029 0.087
-0.007 0.017 0.075
-0.005 0.017 0.073
-0.021 -0.001 0.093
-0.007 0.029 0.097
0.005 0.033 0.089
-0.007 0.023 0.043
-0.021 0.003 0.091
0.037 0.035 0.045
0.031 0.039 0.057
0.025 0.045 0.039
0.017 0.035 0.069
0.005 0.019 0.061
0.011 0.031 0.067
0.023 0.039 0.065
0.009 0.039 0.035
0.031 0.037 0.037
0.019 0.041 0.047
0.035 0.039 0.051
0.007 0.031 0.075
0.005 0.029 0.079
0.029 0.033 0.071
0.031 0.043 0.095
0.037 0.045 0.099
0.009 0.035 0.095
0.015 0.037 0.095
0.031 0.039 0.087
0.027 0.041 0.093
0.011 0.035 0.101
-0.003 -0.027 0.051
-0.005 -0.023 0.055
-0.013 -0.019 0.061
-0.005 -0.017 0.051
-0.003 -0.017 0.047
-0.005 -0.011 0.049
-0.005 -0.013 0.047
-0.009 -0.021 0.063
-0.011 -0.017 0.065
-0.025 -0.009 0.095
-0.011 -0.003 0.091
0.043 0.011 0.039
0.009 -0.013 0.035
0.033 0.039 0.047
0.037 0.035 0.053
0.031 0.025 0.069
0.031 0.025 0.069
0.047 0.035 0.089
-0.003 0.001 0.083
0.037 0.031 0.045
0.033 0.021 0.055
0.031 0.041 0.045
0.033 0.039 0.043
0.027 0.049 0.035
0.035 0.037 0.041
0.035 0.033 0.061
0.027 0.023 0.073
0.025 0.033 0.073
0.029 0.029 0.071
0.047 0.031 0.089
0.023 0.037 0.087
0.029 0.023 0.103
0.011 0.027 0.107
0.041 0.027 0.099
0.039 0.043 0.099
0.041 0.043 0.101
0.041 0.041 0.103
-0.015 -0.035 0.045
-0.011 -0.031 0.037
-0.003 -0.013 0.045
-0.009 -0.001 0.047
-0.009 -0.019 0.055
-0.007 -0.031 0.057
-0.005 -0.023 0.057
-0.013 -0.005 0.057
-0.017 -0.009 0.073
-0.019 -0.005 0.069
-0.003 -0.003 0.071
0.003 -0.009 0.035
0.015 -0.003 0.041
0.005 0.001 0.061
0.007 0.003 0.057
0.033 0.017 0.053
0.001 -0.001 0.063
0.015 0.015 0.075
0.019 0.015 0.087
-0.009 0.005 0.091
0.037 0.025 0.041
0.013 0.009 0.055
0.041 0.011 0.035
0.033 0.015 0.047
0.041 0.015 0.039
0.033 0.027 0.033
0.037 0.029 0.039
0.035 0.037 0.043
0.039 0.027 0.095
0.043 0.027 0.087
0.047 0.035 0.087
0.049 0.037 0.093
0.041 0.035 0.101
-0.027 -0.031 0.065
-0.019 -0.031 0.051
-0.027 -0.021 0.075
-0.045 -0.035 0.081
-0.035 -0.019 0.081
-0.037 -0.023 0.085
-0.033 -0.011 0.087
-0.015 -0.007 0.091
-0.011 -0.007 0.089
-0.001 0.001 0.081
-0.005 0.021 0.109
0.001 0.017 0.085
-0.011 -0.003 0.091
-0.001 0.029 0.043
0.003 0.009 0.095
0.001 0.017 0.089
-0.007 0.027 0.087
0.017 0.019 0.105
0.009 0.011 0.095
0.029 0.021 0.097
0.037 0.027 0.101
-0.001 0.031 0.101
0.001 0.009 0.103
0.001 0.031 0.107
0.025 0.023 0.105
0.033 0.031 0.103
-0.019 -0.039 0.037
-0.003 -0.023 0.039
0.001 -0.013 0.037
-0.003 -0.013 0.043
-0.007 -0.031 0.049
-0.003 -0.029 0.051
-0.017 -0.017 0.081
-0.023 -0.017 0.087
-0.013 -0.009 0.089
0.011 0.003 0.053
0.007 0.005 0.063
0.013 0.009 0.055
-0.001 -0.001 0.067
0.005 0.007 0.071
-0.007 0.009 0.089
0.035 0.007 0.039
0.033 0.013 0.047
0.007 0.005 0.063
0.029 0.011 0.053
0.021 0.015 0.055
0.025 0.019 0.061
0.041 0.013 0.037
0.025 0.041 0.035
0.037 0.035 0.047
0.013 0.015 0.079
0.031 0.031 0.069
0.017 0.015 0.105
0.029 0.027 0.103
0.029 0.029 0.103
-0.019 -0.039 0.037
-0.023 -0.041 0.043
-0.019 -0.033 0.053
-0.009 -0.025 0.037
-0.007 -0.031 0.051
-0.003 -0.011 0.039
-0.009 -0.031 0.055
-0.009 -0.029 0.061
-0.029 -0.021 0.079
-0.021 -0.019 0.081
-0.023 -0.017 0.087
0.017 -0.003 0.037
-0.019 -0.023 0.047
-0.013 -0.011 0.087
-0.005 -0.001 0.085
-0.005 -0.001 0.085
0.019 0.001 0.039
0.023 0.001 0.037
0.021 0.001 0.039
0.013 0.003 0.051
0.019 0.019 0.061
0.035 0.007 0.033
0.037 0.019 0.043
0.037 0.023 0.053
0.003 0.003 0.071
0.007 0.017 0.075
0.009 0.015 0.081
0.021 0.019 0.077
0.007 0.015 0.081
0.035 0.025 0.087
0.045 0.029 0.089
0.031 0.023 0.099
0.015 0.015 0.107
0.013 0.023 0.107
0.021 0.021 0.105
0.019 0.029 0.105
-0.035 -0.033 0.059
-0.035 -0.033 0.057
-0.031 -0.015 0.043
-0.037 -0.031 0.065
-0.035 -0.013 0.069
-0.033 -0.013 0.085
-0.039 -0.025 0.083
-0.025 -0.017 0.085
-0.029 0.003 0.045
-0.029 0.001 0.057
-0.033 -0.005 0.061
-0.013 0.015 0.063
-0.021 0.009 0.075
-0.019 0.011 0.079
-0.019 0.005 0.091
-0.031 -0.003 0.059
0.011 0.031 0.053
-0.001 0.033 0.037
-0.005 0.027 0.043
0.007 0.035 0.049
-0.027 0.003 0.083
-0.021 0.009 0.085
0.003 0.015 0.091
-0.001 0.017 0.089
0.001 0.013 0.095
0.001 0.025 0.079
-0.009 0.027 0.097
-0.003 0.025 0.091
-0.007 0.029 0.089
0.009 0.015 0.105
-0.035 -0.035 0.059
-0.033 -0.037 0.051
-0.033 -0.027 0.035
-0.033 -0.005 0.043
-0.033 -0.003 0.043
-0.029 -0.017 0.043
-0.031 -0.015 0.043
-0.033 -0.019 0.039
-0.035 -0.009 0.039
-0.031 -0.029 0.049
-0.033 -0.023 0.061
-0.031 -0.001 0.051
-0.033 -0.003 0.063
-0.035 -0.031 0.067
-0.033 -0.005 0.075
-0.011 0.001 0.063
-0.017 0.013 0.069
-0.009 0.019 0.065
-0.013 0.011 0.087
-0.009 0.027 0.103
0.005 0.029 0.047
-0.005 0.021 0.063
-0.007 0.021 0.061
-0.007 0.017 0.043
-0.001 0.025 0.047
0.015 0.045 0.037
0.007 0.037 0.041
0.009 0.039 0.041
0.009 0.039 0.043
0.011 0.041 0.049
0.007 0.035 0.047
0.005 0.025 0.071
0.003 0.025 0.075
0.003 0.031 0.083
-0.003 0.031 0.089
-0.007 0.027 0.087
-0.001 0.031 0.087
-0.003 0.031 0.089
0.017 0.037 0.087
0.007 0.033 0.091
0.007 0.015 0.103
0.001 0.031 0.103
0.005 0.035 0.103
0.033 0.041 0.101
-0.033 -0.037 0.051
-0.033 -0.035 0.063
-0.019 -0.037 0.051
-0.033 -0.029 0.037
-0.031 -0.035 0.041
-0.031 -0.035 0.045
-0.025 -0.041 0.051
-0.007 -0.031 0.057
-0.039 -0.033 0.077
-0.031 -0.025 0.073
-0.009 -0.025 0.065
-0.003 -0.001 0.067
-0.023 -0.007 0.095
0.007 -0.015 0.035
0.019 -0.003 0.035
-0.031 -0.039 0.051
-0.011 -0.023 0.049
-0.013 -0.003 0.071
-0.003 0.017 0.109
0.029 0.005 0.033
0.009 -0.003 0.037
-0.007 -0.023 0.039
0.015 -0.003 0.039
0.021 0.001 0.039
0.029 0.011 0.049
0.005 0.001 0.055
0.005 0.001 0.055
0.031 0.005 0.039
-0.005 -0.029 0.059
0.017 0.019 0.065
0.001 0.001 0.075
0.027 0.021 0.069
0.025 0.019 0.083
0.031 0.021 0.085
0.035 0.025 0.087
0.017 0.015 0.085
0.015 0.015 0.091
0.029 0.021 0.089
0.035 0.023 0.085
0.011 0.013 0.103
-0.001 0.009 0.103
0.001 0.009 0.097
0.011 0.013 0.097
-0.033 -0.035 0.063
-0.025 -0.037 0.037
-0.019 -0.035 0.033
-0.015 -0.033 0.033
-0.009 -0.027 0.039
0.001 -0.019 0.035
0.001 -0.017 0.037
-0.003 -0.023 0.043
-0.003 -0.027 0.045
-0.025 -0.035 0.061
-0.003 -0.027 0.051
-0.029 -0.031 0.067
-0.039 -0.031 0.073
-0.033 -0.027 0.079
-0.035 -0.031 0.083
-0.031 -0.019 0.083
-0.017 -0.009 0.091
-0.023 -0.009 0.093
0.007 -0.015 0.035
-0.003 -0.017 0.047
-0.003 0.003 0.045
0.003 0.003 0.041
-0.017 -0.015 0.059
-0.001 0.001 0.079
-0.003 -0.001 0.065
-0.011 -0.007 0.089
-0.001 0.007 0.095
0.015 -0.003 0.031
0.027 0.015 0.033
0.011 -0.005 0.035
0.019 -0.003 0.033
0.031 0.005 0.041
0.031 0.003 0.033
0.013 0.007 0.053
0.017 0.007 0.049
0.007 0.003 0.061
0.023 0.017 0.059
0.039 0.007 0.033
0.037 0.007 0.037
0.019 -0.001 0.037
0.029 0.005 0.037
0.003 0.009 0.087
0.005 0.015 0.083
0.025 0.019 0.089
0.033 0.023 0.087
0.045 0.029 0.089
0.021 0.017 0.069
0.031 0.035 0.081
0.023 0.017 0.087
0.029 0.023 0.093
0.021 0.019 0.103
0.023 0.021 0.103
0.039 0.025 0.099
0.037 0.031 0.105
0.043 0.029 0.101
-0.033 -0.031 0.045
-0.035 -0.031 0.055
-0.035 -0.005 0.039
-0.031 -0.003 0.051
-0.023 0.009 0.041
-0.023 -0.025 0.049
-0.035 -0.013 0.063
-0.031 -0.009 0.053
-0.041 -0.023 0.079
-0.039 -0.021 0.077
-0.035 -0.015 0.079
-0.025 0.003 0.077
-0.017 0.003 0.093
-0.019 0.003 0.055
-0.011 0.017 0.057
-0.007 0.019 0.063
-0.007 0.015 0.079
-0.007 0.023 0.047
-0.007 0.019 0.065
-0.001 0.025 0.049
0.023 0.041 0.051
-0.001 0.031 0.089
0.001 0.031 0.085
-0.001 0.031 0.091
0.013 0.037 0.097
-0.007 0.029 0.103
0.003 0.023 0.109
0.033 0.039 0.103
-0.033 -0.031 0.047
-0.029 0.001 0.047
-0.035 -0.011 0.063
-0.033 -0.011 0.059
-0.033 -0.019 0.039
-0.017 0.005 0.049
-0.015 0.003 0.049
-0.027 -0.001 0.063
-0.021 -0.003 0.065
-0.025 0.001 0.063
-0.023 -0.003 0.071
-0.017 0.003 0.093
-0.007 0.013 0.081
-0.009 0.011 0.087
-0.003 0.015 0.081
-0.013 0.009 0.089
-0.013 0.009 0.089
-0.007 0.029 0.103
0.003 0.027 0.049
0.007 0.021 0.057
0.011 0.029 0.061
0.011 0.041 0.051
0.019 0.043 0.049
0.003 0.035 0.039
0.011 0.041 0.047
0.015 0.047 0.035
0.019 0.041 0.045
0.029 0.041 0.045
0.013 0.041 0.049
0.005 0.029 0.075
0.007 0.033 0.087
0.019 0.037 0.085
0.007 0.035 0.093
0.023 0.039 0.091
0.007 0.035 0.105
0.005 0.035 0.099
0.019 0.033 0.105
