-0.013 -0.031 0.045
-0.017 -0.039 0.045
-0.031 -0.031 0.067
-0.029 -0.039 0.055
-0.019 -0.021 0.047
-0.029 -0.037 0.061
-0.031 -0.037 0.061
-0.027 -0.037 0.061
-0.009 -0.029 0.059
-0.009 -0.031 0.057
-0.029 -0.021 0.073
-0.027 -0.027 0.063
-0.001 -0.013 0.037
-0.005 -0.023 0.061
-0.031 -0.035 0.063
-0.023 -0.033 0.059
-0.007 -0.023 0.061
-0.029 -0.021 0.075
-0.013 -0.017 0.073
-0.015 -0.009 0.065
-0.033 -0.027 0.085
-0.033 -0.025 0.087
-0.017 -0.017 0.075
-0.027 -0.017 0.087
-0.021 -0.015 0.089
-0.031 -0.019 0.083
-0.013 -0.011 0.085
-0.009 -0.007 0.087
0.003 -0.011 0.039
-0.007 -0.001 0.063
-0.005 -0.003 0.071
-0.005 -0.003 0.083
-0.009 0.001 0.089
-0.015 -0.011 0.089
-0.011 -0.009 0.083
-0.013 0.001 0.091
-0.009 0.003 0.089
-0.017 0.001 0.095
0.003 0.001 0.047
0.027 0.015 0.057
0.011 0.021 0.061
0.013 0.013 0.087
0.017 0.017 0.071
0.031 0.017 0.057
0.037 0.007 0.045
0.035 0.015 0.045
0.033 0.027 0.067
0.007 0.011 0.103
0.019 0.015 0.087
0.021 0.017 0.095
0.015 0.015 0.107
0.019 0.017 0.103
0.031 0.023 0.089
0.033 0.021 0.085
0.033 0.023 0.087
0.033 0.023 0.087
0.001 0.019 0.109
0.007 0.021 0.109
0.009 0.023 0.111
0.015 0.015 0.105
0.001 0.017 0.109
0.007 0.023 0.111
0.019 0.029 0.105
0.041 0.027 0.101
0.023 0.039 0.103
0.041 0.031 0.103
-0.019 0.003 0.057
-0.005 0.025 0.051
0.001 0.023 0.057
-0.025 0.007 0.041
-0.019 0.005 0.049
-0.019 0.005 0.049
-0.005 0.021 0.055
0.009 0.021 0.057
0.013 0.041 0.047
-0.003 0.021 0.061
0.013 0.033 0.073
-0.023 0.001 0.061
-0.003 0.021 0.061
-0.027 0.003 0.087
-0.031 -0.003 0.087
-0.027 0.001 0.089
0.003 0.029 0.079
-0.009 0.017 0.073
-0.001 0.031 0.085
0.003 0.033 0.087
-0.025 -0.005 0.093
-0.019 0.001 0.095
0.025 0.041 0.055
-0.023 0.009 0.043
0.009 0.039 0.047
0.001 0.027 0.049
0.001 0.025 0.051
-0.015 0.015 0.071
-0.025 0.005 0.085
-0.009 0.017 0.113
0.021 0.043 0.041
0.025 0.041 0.045
0.033 0.039 0.049
0.037 0.035 0.053
0.011 0.041 0.039
0.017 0.037 0.061
0.027 0.039 0.063
0.037 0.019 0.041
0.037 0.031 0.051
0.011 0.031 0.079
0.007 0.031 0.081
0.001 0.019 0.065
0.029 0.035 0.069
0.021 0.037 0.087
0.017 0.037 0.087
0.005 0.033 0.089
0.031 0.039 0.085
0.019 0.037 0.065
0.043 0.043 0.085
0.035 0.043 0.095
0.011 0.035 0.099
0.005 0.025 0.107
0.027 0.033 0.103
0.041 0.043 0.103
0.029 0.005 0.045
-0.005 -0.019 0.051
-0.003 -0.021 0.039
-0.013 -0.035 0.043
-0.013 -0.035 0.039
-0.011 -0.021 0.057
-0.003 -0.021 0.045
0.027 0.009 0.049
0.037 0.023 0.053
0.033 0.013 0.047
0.031 0.017 0.057
-0.015 -0.013 0.057
-0.003 -0.025 0.053
-0.039 -0.035 0.087
0.001 0.003 0.075
0.003 0.005 0.073
-0.017 -0.015 0.085
-0.007 -0.005 0.083
-0.007 -0.005 0.085
0.043 0.011 0.043
0.037 0.033 0.051
0.031 0.041 0.049
0.033 0.039 0.055
0.029 0.015 0.057
0.033 0.037 0.059
0.047 0.033 0.089
0.041 0.029 0.099
-0.005 0.015 0.111
0.015 0.035 0.105
0.013 0.027 0.107
0.037 0.033 0.039
0.033 0.035 0.037
0.033 0.033 0.035
0.037 0.027 0.043
0.031 0.041 0.053
0.031 0.015 0.055
0.031 0.015 0.049
0.031 0.033 0.067
0.043 0.009 0.039
0.041 0.007 0.041
0.037 0.029 0.059
0.029 0.041 0.049
0.031 0.041 0.053
0.029 0.037 0.035
0.027 0.045 0.037
0.027 0.043 0.037
0.017 0.041 0.053
0.023 0.025 0.077
0.027 0.021 0.091
0.027 0.019 0.089
0.029 0.021 0.089
0.047 0.027 0.083
0.045 0.033 0.091
0.035 0.043 0.095
0.025 0.037 0.103
0.043 0.033 0.103
-0.015 -0.037 0.037
-0.019 -0.039 0.047
-0.003 -0.025 0.039
-0.001 -0.021 0.035
0.007 -0.015 0.035
0.005 -0.011 0.037
-0.005 -0.011 0.047
-0.019 -0.033 0.051
-0.005 -0.023 0.059
-0.005 -0.023 0.061
-0.005 -0.017 0.049
-0.005 -0.023 0.059
-0.017 -0.015 0.055
-0.033 -0.023 0.079
-0.011 -0.017 0.071
-0.029 -0.025 0.067
-0.017 -0.015 0.077
-0.001 -0.001 0.075
-0.019 -0.011 0.091
-0.015 -0.013 0.085
0.013 -0.003 0.043
0.017 0.005 0.045
-0.015 -0.001 0.059
0.011 0.003 0.053
0.003 0.011 0.073
0.007 0.009 0.065
-0.009 -0.007 0.085
-0.005 0.001 0.087
0.023 0.003 0.033
0.017 0.001 0.041
0.039 0.007 0.035
0.035 0.007 0.039
0.019 0.001 0.041
0.033 0.019 0.053
0.039 0.007 0.039
0.037 0.025 0.053
0.037 0.027 0.045
0.035 0.031 0.061
0.037 0.035 0.043
0.005 0.009 0.069
0.003 0.013 0.073
0.011 0.019 0.067
0.021 0.027 0.079
0.023 0.029 0.077
0.033 0.021 0.085
0.021 0.017 0.083
0.029 0.019 0.085
0.033 0.025 0.065
0.035 0.023 0.083
0.037 0.025 0.085
0.039 0.027 0.089
0.027 0.023 0.073
0.031 0.035 0.067
0.029 0.021 0.087
0.039 0.027 0.089
0.049 0.031 0.087
0.045 0.041 0.085
0.011 0.015 0.109
0.019 0.017 0.103
0.027 0.025 0.105
0.027 0.027 0.105
0.041 0.027 0.099
-0.035 -0.015 0.037
-0.033 -0.011 0.043
-0.035 -0.025 0.035
-0.033 -0.023 0.037
-0.023 -0.025 0.049
-0.033 -0.019 0.039
-0.031 -0.017 0.041
-0.035 -0.007 0.037
-0.035 -0.005 0.039
-0.033 -0.005 0.047
-0.035 -0.009 0.039
-0.035 -0.009 0.039
-0.033 -0.007 0.041
-0.031 -0.001 0.051
-0.029 -0.011 0.051
-0.031 -0.003 0.059
-0.033 -0.007 0.057
-0.027 0.001 0.061
-0.035 -0.021 0.067
-0.035 -0.009 0.071
-0.039 -0.025 0.083
-0.039 -0.027 0.087
-0.037 -0.027 0.069
-0.029 -0.001 0.065
-0.033 -0.003 0.073
-0.033 -0.015 0.085
-0.029 -0.005 0.089
-0.029 0.005 0.045
-0.017 0.001 0.069
-0.029 0.005 0.045
-0.007 0.021 0.045
-0.025 0.003 0.057
-0.017 0.011 0.085
-0.017 0.011 0.085
-0.001 0.021 0.089
-0.001 0.009 0.103
0.001 0.013 0.033
-0.003 0.033 0.033
-0.025 0.009 0.043
-0.023 0.009 0.043
-0.017 0.005 0.049
-0.005 0.013 0.041
-0.009 0.009 0.047
-0.003 0.027 0.043
-0.005 0.021 0.037
-0.011 0.013 0.055
-0.009 0.019 0.061
-0.011 0.017 0.053
0.013 0.025 0.059
-0.001 0.033 0.037
0.013 0.041 0.053
0.011 0.041 0.051
0.017 0.037 0.059
0.017 0.037 0.063
-0.015 0.013 0.067
0.003 0.019 0.071
0.003 0.029 0.079
0.003 0.025 0.077
0.003 0.029 0.081
0.001 0.009 0.093
-0.001 0.019 0.081
-0.001 0.023 0.083
0.001 0.027 0.083
-0.003 0.031 0.093
-0.007 0.029 0.087
-0.005 0.031 0.097
0.003 0.033 0.087
0.019 0.037 0.069
0.007 0.035 0.093
0.037 0.043 0.083
0.023 0.041 0.095
-0.001 0.019 0.097
-0.001 0.033 0.097
-0.013 -0.035 0.041
-0.033 -0.029 0.037
-0.033 -0.037 0.053
-0.033 -0.037 0.057
-0.035 -0.035 0.061
-0.033 -0.033 0.045
-0.013 -0.035 0.039
-0.007 -0.023 0.039
-0.013 -0.033 0.045
-0.019 -0.039 0.049
-0.005 -0.023 0.037
-0.007 -0.029 0.061
-0.021 -0.019 0.063
-0.013 -0.011 0.055
-0.035 -0.031 0.083
-0.011 -0.023 0.067
-0.021 -0.019 0.083
-0.007 -0.005 0.085
-0.003 -0.027 0.043
-0.033 -0.015 0.041
-0.011 -0.027 0.051
-0.013 -0.013 0.051
-0.027 -0.037 0.061
-0.017 -0.017 0.063
-0.023 -0.021 0.075
-0.023 -0.021 0.077
-0.017 -0.017 0.069
-0.005 -0.003 0.075
-0.029 -0.019 0.083
-0.001 0.017 0.091
-0.007 -0.025 0.041
0.019 -0.003 0.035
0.007 -0.015 0.037
0.009 -0.003 0.041
0.029 0.003 0.035
0.029 0.005 0.041
0.027 0.005 0.045
-0.011 -0.029 0.053
0.013 0.003 0.051
-0.007 -0.029 0.059
0.005 0.001 0.055
0.005 0.003 0.063
0.031 0.017 0.057
0.033 0.017 0.051
0.031 0.013 0.051
-0.007 -0.029 0.045
0.005 0.003 0.043
-0.003 -0.029 0.049
0.005 0.003 0.067
0.003 0.001 0.067
0.017 0.017 0.081
0.027 0.023 0.073
0.007 0.015 0.083
0.015 0.013 0.095
0.047 0.027 0.085
0.027 0.021 0.071
0.021 0.019 0.075
-0.001 0.017 0.091
0.007 0.011 0.095
0.017 0.015 0.093
-0.001 0.009 0.101
0.001 0.029 0.103
0.027 0.021 0.103
0.031 0.023 0.099
0.033 0.021 0.097
0.027 0.021 0.099
-0.029 -0.035 0.039
-0.031 -0.031 0.035
-0.033 -0.029 0.035
-0.027 -0.037 0.061
-0.023 -0.041 0.045
-0.003 -0.027 0.033
-0.003 -0.027 0.045
-0.021 -0.035 0.053
-0.023 -0.037 0.057
-0.009 -0.029 0.061
-0.007 -0.031 0.057
-0.005 -0.029 0.049
-0.005 -0.029 0.049
-0.003 -0.029 0.053
-0.001 -0.001 0.061
-0.037 -0.033 0.081
-0.023 -0.021 0.073
-0.011 -0.009 0.079
-0.007 -0.003 0.073
-0.027 -0.013 0.091
-0.025 -0.015 0.089
-0.011 -0.031 0.039
0.007 -0.015 0.037
-0.005 -0.029 0.061
-0.013 -0.005 0.073
-0.009 -0.003 0.071
-0.011 -0.005 0.075
-0.003 0.001 0.083
-0.013 -0.009 0.089
-0.007 -0.001 0.089
0.003 0.009 0.095
0.007 0.001 0.049
0.027 0.011 0.053
0.015 0.011 0.055
0.017 0.009 0.053
0.013 0.021 0.059
0.033 0.005 0.041
0.039 0.007 0.035
0.035 0.005 0.035
0.035 0.007 0.045
0.019 0.015 0.055
0.025 0.013 0.055
0.029 0.013 0.055
0.039 0.009 0.045
0.009 0.015 0.077
0.005 0.013 0.069
0.009 0.019 0.067
0.003 0.017 0.073
0.005 0.017 0.075
0.015 0.015 0.077
0.025 0.019 0.069
0.015 0.013 0.095
0.023 0.017 0.085
0.023 0.019 0.095
0.021 0.017 0.091
0.025 0.019 0.091
0.037 0.025 0.083
0.045 0.027 0.083
0.037 0.041 0.081
0.039 0.025 0.083
0.015 0.015 0.103
0.021 0.017 0.097
0.021 0.019 0.101
0.039 0.025 0.097
-0.033 0.005 0.037
-0.035 -0.027 0.059
-0.035 -0.011 0.061
-0.033 -0.015 0.041
-0.031 -0.003 0.053
-0.029 0.001 0.053
-0.033 0.003 0.041
-0.031 -0.011 0.047
-0.033 0.005 0.039
-0.023 0.005 0.047
-0.029 0.001 0.055
-0.033 -0.005 0.067
-0.033 -0.003 0.069
-0.031 -0.003 0.065
-0.031 -0.001 0.049
-0.031 -0.001 0.051
-0.035 -0.017 0.067
-0.041 -0.025 0.079
-0.035 -0.017 0.073
-0.043 -0.029 0.081
-0.017 0.009 0.069
-0.021 0.007 0.075
-0.035 -0.009 0.083
-0.031 -0.009 0.089
-0.029 -0.007 0.091
-0.021 -0.001 0.095
-0.025 0.005 0.085
-0.023 0.009 0.041
-0.007 0.011 0.043
-0.037 0.005 0.037
-0.023 0.005 0.047
-0.005 0.009 0.041
-0.019 0.005 0.049
-0.007 0.015 0.045
-0.013 0.009 0.055
-0.005 0.021 0.057
-0.017 0.011 0.067
-0.011 0.017 0.073
-0.009 0.027 0.095
-0.005 0.029 0.099
0.005 0.031 0.045
-0.013 0.013 0.057
-0.009 0.019 0.055
-0.007 0.021 0.061
0.005 0.027 0.051
0.011 0.029 0.061
0.013 0.033 0.067
0.015 0.043 0.049
0.001 0.035 0.035
0.013 0.041 0.037
0.017 0.051 0.037
0.017 0.049 0.039
0.021 0.039 0.063
0.025 0.041 0.057
0.023 0.041 0.053
0.001 0.027 0.083
0.005 0.029 0.081
-0.003 0.031 0.089
0.011 0.035 0.087
0.005 0.035 0.097
0.021 0.037 0.089
0.019 0.035 0.071
0.021 0.037 0.091
0.003 0.013 0.099
0.007 0.015 0.103
0.003 0.035 0.107
0.033 0.035 0.105
0.013 0.037 0.099
0.029 0.043 0.097
0.031 0.037 0.103
0.039 0.043 0.103
