-0.035 -0.035 0.059
-0.015 -0.035 0.047
-0.021 -0.035 0.055
-0.031 -0.023 0.073
-0.019 -0.033 0.053
-0.017 -0.029 0.047
-0.017 -0.023 0.045
-0.015 -0.037 0.045
-0.003 -0.029 0.053
-0.013 -0.027 0.061
-0.025 -0.029 0.061
-0.029 -0.021 0.071
-0.009 -0.021 0.067
-0.003 -0.011 0.045
-0.003 -0.015 0.047
-0.025 -0.029 0.061
-0.011 -0.027 0.061
-0.011 -0.025 0.065
-0.013 -0.023 0.067
-0.011 -0.023 0.067
-0.015 -0.011 0.065
-0.043 -0.037 0.081
-0.039 -0.035 0.087
-0.031 -0.027 0.073
-0.011 -0.009 0.083
-0.031 -0.003 0.087
-0.023 -0.011 0.091
-0.011 -0.005 0.089
0.003 -0.011 0.039
-0.031 -0.019 0.079
-0.029 -0.021 0.079
-0.019 -0.019 0.077
-0.007 0.001 0.089
-0.023 -0.007 0.095
-0.021 -0.001 0.095
-0.019 0.001 0.095
-0.001 0.003 0.081
0.025 0.007 0.049
0.001 0.001 0.077
0.003 0.001 0.049
0.021 0.005 0.047
0.029 0.005 0.045
0.031 0.009 0.047
-0.001 -0.001 0.067
0.027 0.015 0.057
0.011 0.003 0.053
0.009 0.013 0.061
0.027 0.009 0.051
0.009 0.019 0.059
0.009 0.019 0.059
0.011 0.021 0.063
0.031 0.015 0.055
-0.001 0.005 0.081
0.013 0.015 0.081
0.013 0.013 0.093
0.029 0.021 0.065
0.001 0.003 0.079
0.005 0.009 0.093
0.005 0.009 0.091
0.013 0.013 0.087
0.001 0.011 0.103
0.007 0.015 0.103
0.031 0.021 0.097
0.033 0.027 0.067
0.017 0.015 0.097
0.007 0.021 0.107
0.013 0.023 0.107
0.029 0.029 0.103
0.045 0.033 0.091
0.047 0.039 0.093
0.007 0.023 0.113
0.011 0.023 0.111
0.011 0.023 0.111
0.019 0.031 0.105
0.037 0.033 0.107
-0.017 0.001 0.033
-0.009 0.019 0.059
0.003 0.019 0.061
-0.003 0.019 0.067
-0.009 0.017 0.073
-0.023 0.009 0.043
-0.025 0.007 0.045
-0.007 0.021 0.057
0.005 0.025 0.053
-0.005 0.025 0.049
-0.023 0.003 0.037
-0.017 0.001 0.033
-0.001 0.023 0.053
-0.003 0.021 0.061
-0.011 0.017 0.071
-0.025 0.001 0.061
-0.003 0.019 0.065
-0.037 -0.027 0.087
-0.021 0.009 0.079
-0.015 0.011 0.085
-0.021 0.003 0.091
-0.017 0.005 0.039
-0.003 0.031 0.037
-0.025 0.001 0.061
-0.003 0.019 0.063
-0.005 0.021 0.061
-0.003 0.025 0.051
0.007 0.033 0.085
-0.015 0.015 0.075
-0.003 0.031 0.097
0.003 0.033 0.087
-0.003 0.031 0.099
0.015 0.043 0.041
0.017 0.051 0.037
0.035 0.029 0.035
0.015 0.043 0.051
0.017 0.043 0.051
0.019 0.041 0.041
0.025 0.041 0.057
0.037 0.035 0.045
0.031 0.041 0.045
0.007 0.039 0.037
0.027 0.041 0.039
0.033 0.037 0.063
0.001 0.025 0.053
0.013 0.041 0.053
0.017 0.039 0.057
0.039 0.017 0.035
0.041 0.013 0.035
0.037 0.033 0.039
0.007 0.037 0.047
0.019 0.051 0.037
0.023 0.049 0.035
0.025 0.041 0.059
0.031 0.039 0.063
0.033 0.037 0.063
0.011 0.033 0.071
0.029 0.029 0.073
0.023 0.029 0.077
0.007 0.035 0.093
0.023 0.037 0.087
0.019 0.037 0.087
0.031 0.031 0.089
0.033 0.033 0.089
0.045 0.039 0.091
0.031 0.035 0.067
0.023 0.037 0.087
0.003 0.033 0.109
0.031 0.039 0.101
0.023 0.029 0.105
0.017 0.037 0.097
0.023 0.039 0.097
0.039 0.043 0.099
0.037 0.045 0.099
0.001 -0.019 0.033
-0.019 -0.039 0.037
-0.027 -0.037 0.059
-0.003 -0.021 0.043
-0.009 -0.025 0.035
-0.003 -0.027 0.047
-0.003 -0.023 0.039
-0.003 -0.025 0.043
-0.003 -0.027 0.049
-0.005 -0.025 0.059
-0.003 -0.029 0.049
-0.005 -0.015 0.051
-0.017 -0.017 0.075
-0.017 -0.011 0.075
-0.023 -0.021 0.071
-0.011 -0.009 0.079
-0.007 -0.005 0.075
-0.013 -0.011 0.087
0.015 -0.003 0.031
0.007 -0.013 0.037
0.017 -0.005 0.033
-0.005 -0.009 0.043
-0.005 -0.007 0.041
0.019 0.001 0.039
-0.011 0.001 0.047
0.027 0.005 0.039
0.031 0.005 0.039
0.005 0.005 0.069
0.017 0.015 0.089
0.021 0.019 0.093
0.011 0.015 0.109
0.041 0.009 0.035
0.041 0.013 0.033
0.013 -0.003 0.043
0.035 0.005 0.035
0.041 0.009 0.037
0.041 0.011 0.035
0.009 0.007 0.059
0.011 0.013 0.057
0.029 0.013 0.055
0.027 0.015 0.057
0.043 0.011 0.043
0.037 0.019 0.041
0.039 0.031 0.049
0.039 0.017 0.037
0.035 0.019 0.047
0.035 0.031 0.063
0.003 0.001 0.065
0.005 0.009 0.071
0.001 0.015 0.075
0.027 0.019 0.067
0.009 0.015 0.077
0.009 0.015 0.079
0.023 0.027 0.077
0.019 0.015 0.091
0.031 0.021 0.083
0.035 0.023 0.085
0.033 0.025 0.089
0.027 0.035 0.093
0.045 0.041 0.085
0.009 0.021 0.107
0.021 0.021 0.105
0.041 0.033 0.099
-0.027 -0.035 0.037
-0.035 -0.003 0.039
-0.037 -0.025 0.063
-0.029 -0.019 0.041
-0.033 -0.011 0.039
-0.025 -0.013 0.049
-0.033 -0.011 0.043
-0.031 -0.001 0.047
-0.033 -0.009 0.043
-0.037 -0.025 0.065
-0.035 -0.023 0.063
-0.035 -0.021 0.065
-0.033 -0.019 0.063
-0.029 -0.011 0.053
-0.035 -0.013 0.065
-0.033 -0.003 0.067
-0.015 0.001 0.067
-0.031 -0.009 0.089
-0.035 0.007 0.033
-0.025 0.007 0.045
-0.003 0.007 0.041
-0.011 0.011 0.051
-0.013 0.003 0.061
-0.015 0.009 0.063
-0.017 0.007 0.069
-0.021 0.001 0.073
-0.023 0.005 0.089
-0.015 0.013 0.083
-0.007 0.029 0.095
-0.033 0.007 0.041
-0.007 0.027 0.035
-0.003 0.019 0.037
-0.005 0.029 0.037
-0.003 0.031 0.035
-0.007 0.027 0.037
-0.007 0.023 0.039
-0.013 0.015 0.059
-0.007 0.021 0.057
-0.007 0.023 0.041
-0.001 0.023 0.057
0.007 0.039 0.037
0.017 0.049 0.039
0.017 0.049 0.039
0.017 0.037 0.057
0.009 0.021 0.065
0.001 0.019 0.075
0.001 0.021 0.075
0.005 0.029 0.075
0.001 0.027 0.085
-0.007 0.029 0.095
-0.005 0.027 0.091
-0.007 0.029 0.097
-0.001 0.031 0.087
0.017 0.037 0.087
0.011 0.035 0.089
0.013 0.037 0.093
0.017 0.037 0.085
0.033 0.041 0.085
0.013 0.035 0.091
0.001 0.011 0.099
0.003 0.013 0.099
0.001 0.011 0.099
-0.007 0.019 0.109
0.001 0.023 0.109
0.001 0.031 0.103
0.005 0.035 0.103
0.037 0.041 0.103
-0.033 -0.027 0.031
-0.031 -0.039 0.049
-0.013 -0.035 0.041
-0.027 -0.037 0.061
-0.037 -0.031 0.061
-0.021 -0.039 0.037
-0.031 -0.037 0.045
-0.023 -0.041 0.049
-0.017 -0.037 0.037
-0.003 -0.025 0.039
-0.015 -0.035 0.047
-0.023 -0.041 0.041
-0.035 -0.035 0.053
-0.007 -0.025 0.041
-0.003 -0.029 0.053
-0.009 -0.027 0.063
-0.033 -0.037 0.053
-0.019 -0.017 0.063
-0.037 -0.029 0.069
-0.035 -0.029 0.077
-0.033 -0.027 0.083
-0.025 -0.021 0.067
-0.029 -0.021 0.075
-0.035 -0.029 0.079
-0.013 -0.005 0.073
-0.011 -0.009 0.079
-0.021 -0.005 0.095
-0.033 -0.033 0.045
-0.013 -0.015 0.049
-0.021 -0.041 0.049
-0.013 -0.013 0.051
-0.013 -0.023 0.065
-0.021 -0.019 0.067
-0.027 -0.021 0.077
-0.019 -0.019 0.069
-0.021 -0.019 0.079
-0.009 -0.005 0.075
-0.005 -0.001 0.067
-0.003 0.001 0.083
-0.003 0.025 0.091
-0.005 0.027 0.097
0.021 -0.001 0.035
0.033 0.003 0.033
0.029 0.005 0.037
0.021 -0.001 0.037
0.009 -0.003 0.037
0.007 0.001 0.039
-0.007 -0.031 0.057
0.005 0.003 0.065
0.037 0.007 0.035
0.035 0.005 0.037
0.033 0.021 0.059
0.009 0.001 0.047
0.009 0.001 0.049
0.015 0.021 0.063
0.023 0.019 0.065
0.025 0.003 0.041
0.029 0.005 0.043
-0.001 -0.001 0.077
0.009 0.017 0.073
0.003 0.005 0.075
0.029 0.023 0.071
0.003 0.009 0.089
0.025 0.017 0.085
0.029 0.021 0.089
0.027 0.019 0.089
0.031 0.023 0.089
0.045 0.029 0.089
0.015 0.017 0.071
0.025 0.019 0.071
0.007 0.011 0.093
0.017 0.015 0.087
0.047 0.035 0.091
0.005 0.009 0.097
0.011 0.015 0.107
0.007 0.021 0.107
0.029 0.023 0.103
0.035 0.023 0.099
-0.015 -0.031 0.031
-0.029 -0.041 0.047
-0.025 -0.041 0.047
-0.017 -0.039 0.041
-0.013 -0.035 0.041
-0.015 -0.037 0.043
-0.023 -0.037 0.057
-0.017 -0.035 0.033
-0.013 -0.029 0.045
-0.005 -0.025 0.033
-0.003 -0.025 0.039
-0.021 -0.037 0.055
-0.027 -0.019 0.063
-0.011 -0.029 0.059
-0.023 -0.033 0.059
-0.039 -0.033 0.077
-0.041 -0.031 0.073
-0.033 -0.025 0.075
-0.035 -0.029 0.081
-0.027 -0.021 0.079
-0.025 -0.021 0.079
-0.019 -0.019 0.073
-0.019 -0.019 0.075
-0.003 -0.003 0.073
0.017 -0.005 0.035
0.021 -0.001 0.037
-0.017 -0.039 0.043
-0.013 -0.033 0.045
0.003 -0.009 0.039
-0.005 -0.029 0.049
0.007 -0.015 0.035
-0.005 -0.029 0.061
-0.009 -0.007 0.077
-0.015 -0.013 0.083
-0.001 0.001 0.081
-0.007 0.025 0.097
0.013 -0.003 0.033
0.033 0.007 0.031
0.003 0.003 0.039
0.027 0.005 0.039
0.017 0.005 0.045
0.013 0.001 0.047
0.005 0.001 0.061
0.007 0.003 0.061
0.009 0.007 0.059
0.039 0.007 0.037
0.033 0.007 0.045
0.035 0.005 0.037
0.015 -0.001 0.043
0.025 0.003 0.037
0.025 0.013 0.055
0.013 0.015 0.075
0.031 0.025 0.069
0.023 0.023 0.077
0.013 0.013 0.091
0.019 0.017 0.083
0.019 0.017 0.071
0.025 0.019 0.083
0.029 0.019 0.085
0.027 0.019 0.087
0.031 0.035 0.095
0.003 0.009 0.097
0.005 0.009 0.097
0.013 0.013 0.101
0.019 0.017 0.103
0.029 0.031 0.105
0.019 0.017 0.097
0.021 0.017 0.095
0.025 0.021 0.101
0.039 0.027 0.095
-0.035 -0.015 0.035
-0.029 -0.023 0.043
-0.025 -0.025 0.045
-0.035 -0.027 0.059
-0.033 -0.029 0.035
-0.035 -0.025 0.035
-0.033 -0.011 0.041
-0.033 -0.029 0.037
-0.033 -0.027 0.039
-0.031 -0.027 0.043
-0.031 -0.005 0.053
-0.035 0.005 0.037
-0.033 0.007 0.041
-0.029 0.005 0.043
-0.025 0.005 0.049
-0.033 -0.007 0.061
-0.035 -0.009 0.065
-0.033 -0.005 0.057
-0.027 0.003 0.055
-0.041 -0.033 0.087
-0.037 -0.027 0.067
-0.037 -0.021 0.081
-0.035 -0.007 0.071
-0.033 -0.005 0.079
-0.025 -0.001 0.065
-0.027 0.001 0.077
-0.019 0.011 0.075
-0.021 0.009 0.081
-0.031 -0.009 0.089
-0.023 -0.003 0.093
-0.029 0.001 0.083
-0.011 0.015 0.051
-0.035 0.007 0.035
-0.037 0.005 0.037
-0.033 0.007 0.039
-0.007 0.025 0.039
-0.005 0.025 0.045
-0.009 0.005 0.051
-0.007 0.021 0.049
-0.007 0.021 0.051
-0.013 0.015 0.077
-0.015 0.013 0.081
-0.011 0.013 0.083
-0.009 0.013 0.081
-0.007 0.029 0.093
-0.005 0.017 0.107
-0.007 0.027 0.039
0.009 0.039 0.035
-0.005 0.011 0.039
-0.007 0.021 0.043
0.003 0.031 0.041
0.001 0.027 0.045
-0.005 0.025 0.051
0.001 0.035 0.037
-0.001 0.023 0.053
0.007 0.029 0.051
0.001 0.021 0.061
0.005 0.029 0.047
0.005 0.035 0.043
0.011 0.041 0.045
0.011 0.031 0.053
0.009 0.039 0.051
0.011 0.031 0.053
0.009 0.039 0.037
0.019 0.049 0.039
0.019 0.041 0.053
0.025 0.041 0.059
-0.001 0.021 0.081
0.007 0.025 0.067
-0.001 0.019 0.089
0.007 0.033 0.085
0.003 0.033 0.087
0.003 0.033 0.089
0.021 0.037 0.089
0.017 0.037 0.087
0.011 0.033 0.073
0.021 0.035 0.073
0.017 0.037 0.087
0.039 0.037 0.089
0.039 0.041 0.089
0.001 0.033 0.099
0.001 0.033 0.099
0.029 0.043 0.097
0.029 0.041 0.099
0.033 0.035 0.105
