-0.019 -0.015 0.051
-0.027 -0.041 0.053
-0.033 -0.037 0.059
-0.025 -0.031 0.061
-0.025 -0.017 0.045
-0.029 -0.033 0.065
-0.029 -0.023 0.065
-0.025 -0.031 0.061
-0.007 -0.031 0.057
-0.015 -0.015 0.049
-0.033 -0.027 0.073
-0.017 -0.017 0.075
-0.001 -0.001 0.077
-0.021 -0.009 0.091
-0.005 -0.001 0.085
0.007 -0.013 0.037
0.021 -0.001 0.037
-0.031 -0.019 0.079
-0.013 -0.005 0.059
-0.021 -0.017 0.087
-0.005 0.001 0.055
-0.007 -0.003 0.069
-0.025 -0.003 0.091
0.023 0.005 0.047
0.003 0.001 0.063
0.027 0.009 0.051
0.025 0.019 0.065
0.031 0.021 0.063
-0.001 0.003 0.081
0.013 0.013 0.089
0.015 0.015 0.089
0.015 0.013 0.095
0.035 0.027 0.061
0.001 0.003 0.079
0.011 0.015 0.077
0.009 0.011 0.099
0.005 0.011 0.101
0.023 0.019 0.091
0.029 0.023 0.099
0.039 0.027 0.101
0.005 0.013 0.103
0.015 0.015 0.099
0.005 0.013 0.103
0.005 0.019 0.101
0.011 0.023 0.111
0.005 0.025 0.115
0.009 0.023 0.113
0.007 0.025 0.115
-0.031 -0.029 0.047
-0.043 -0.033 0.075
-0.035 -0.029 0.057
-0.031 -0.029 0.041
-0.043 -0.031 0.081
-0.027 -0.015 0.045
-0.025 -0.015 0.049
-0.041 -0.025 0.075
-0.041 -0.025 0.075
-0.041 -0.023 0.079
-0.009 -0.029 0.061
-0.035 -0.017 0.079
-0.043 -0.029 0.081
-0.033 -0.009 0.087
-0.033 -0.005 0.083
-0.027 -0.005 0.091
-0.035 -0.015 0.081
-0.033 -0.007 0.085
-0.033 -0.011 0.087
-0.029 0.001 0.055
-0.033 -0.003 0.073
-0.011 0.017 0.055
-0.015 0.001 0.095
-0.003 0.025 0.091
-0.009 0.027 0.103
-0.023 0.005 0.089
-0.021 -0.001 0.095
-0.017 0.011 0.085
-0.023 0.001 0.091
-0.019 0.009 0.087
-0.021 -0.001 0.095
-0.001 0.019 0.079
0.007 0.033 0.049
0.017 0.049 0.039
-0.007 0.029 0.093
0.003 0.013 0.087
-0.001 0.015 0.081
-0.001 0.025 0.097
0.005 0.013 0.103
0.007 0.027 0.109
0.011 0.017 0.105
0.005 0.023 0.115
0.023 0.023 0.105
0.025 0.027 0.105
0.003 0.023 0.109
0.007 0.025 0.115
0.025 0.023 0.105
0.003 0.031 0.043
-0.025 -0.001 0.067
-0.019 0.003 0.055
0.011 0.041 0.051
0.009 0.021 0.057
-0.003 0.023 0.055
0.001 0.023 0.055
-0.007 0.019 0.067
0.005 0.027 0.071
-0.005 0.019 0.065
-0.029 0.001 0.081
-0.023 0.005 0.089
0.003 0.027 0.075
-0.017 0.013 0.069
0.003 0.033 0.091
0.027 0.041 0.045
0.017 0.041 0.053
0.029 0.041 0.049
-0.027 0.007 0.043
-0.023 0.009 0.043
0.009 0.039 0.049
0.005 0.027 0.051
-0.013 0.017 0.063
-0.005 0.021 0.061
-0.021 0.009 0.079
0.005 0.033 0.091
0.003 0.031 0.085
0.015 0.045 0.039
0.019 0.043 0.051
0.035 0.039 0.053
0.033 0.035 0.037
0.021 0.039 0.061
0.037 0.027 0.041
0.039 0.031 0.049
0.037 0.033 0.045
0.035 0.033 0.063
0.009 0.039 0.049
0.027 0.041 0.041
0.027 0.041 0.045
0.019 0.049 0.039
0.035 0.037 0.045
0.011 0.033 0.071
0.017 0.037 0.083
0.011 0.033 0.075
0.011 0.035 0.091
0.003 0.031 0.083
0.027 0.041 0.097
0.029 0.033 0.089
0.033 0.031 0.067
0.023 0.035 0.089
0.023 0.041 0.095
0.041 0.043 0.083
0.043 0.037 0.093
0.009 0.035 0.099
0.013 0.027 0.107
0.009 0.035 0.099
0.005 0.035 0.099
0.011 0.031 0.105
0.005 0.025 0.113
0.039 0.043 0.099
0.007 0.035 0.105
-0.005 -0.027 0.061
-0.005 -0.015 0.041
0.013 0.001 0.049
-0.017 -0.015 0.067
0.031 0.009 0.047
-0.003 -0.011 0.041
-0.003 -0.027 0.049
0.011 0.007 0.057
-0.039 -0.033 0.077
-0.013 -0.017 0.073
0.005 0.005 0.069
0.039 0.027 0.095
-0.011 -0.009 0.085
0.037 0.025 0.051
0.037 0.031 0.053
0.033 0.021 0.059
0.049 0.033 0.085
0.049 0.033 0.087
0.023 0.029 0.077
0.045 0.031 0.089
0.035 0.043 0.095
0.037 0.031 0.041
0.035 0.029 0.035
0.031 0.033 0.033
0.009 0.005 0.059
0.009 0.009 0.061
0.035 0.029 0.063
0.029 0.037 0.067
0.041 0.013 0.035
0.043 0.009 0.039
0.039 0.015 0.043
0.033 0.023 0.035
0.035 0.029 0.035
0.037 0.025 0.043
0.033 0.035 0.063
0.035 0.037 0.051
0.021 0.027 0.079
0.045 0.039 0.085
0.049 0.031 0.087
0.021 0.033 0.075
0.039 0.043 0.087
0.045 0.039 0.089
0.041 0.041 0.101
0.039 0.041 0.105
0.041 0.027 0.099
0.039 0.045 0.101
-0.003 -0.025 0.041
-0.021 -0.039 0.051
-0.003 -0.025 0.045
-0.011 -0.023 0.067
-0.031 -0.023 0.069
-0.023 -0.021 0.079
-0.017 -0.015 0.083
-0.005 -0.003 0.081
-0.019 -0.007 0.093
-0.011 -0.003 0.091
-0.011 -0.001 0.091
0.007 -0.011 0.035
0.015 -0.003 0.041
0.005 0.001 0.059
0.007 0.009 0.067
0.007 0.013 0.063
-0.005 0.003 0.085
-0.009 0.001 0.089
0.031 0.023 0.099
0.027 0.021 0.103
0.035 0.015 0.045
0.017 -0.001 0.039
0.033 0.005 0.039
0.009 0.003 0.053
0.019 0.017 0.057
0.035 0.005 0.037
0.041 0.011 0.043
0.037 0.025 0.041
0.037 0.033 0.045
0.035 0.035 0.041
0.037 0.035 0.053
0.011 0.015 0.077
0.013 0.015 0.079
0.037 0.025 0.087
0.025 0.019 0.067
0.025 0.019 0.091
0.039 0.025 0.097
0.027 0.033 0.071
0.027 0.035 0.071
0.047 0.035 0.087
0.037 0.039 0.095
0.009 0.011 0.101
-0.013 -0.031 0.033
-0.021 -0.041 0.045
-0.019 -0.035 0.051
-0.015 -0.031 0.047
-0.003 -0.027 0.049
0.003 -0.009 0.039
-0.003 -0.023 0.051
-0.027 -0.021 0.077
-0.011 -0.021 0.069
-0.013 -0.019 0.073
-0.033 -0.027 0.081
-0.035 -0.031 0.087
-0.033 -0.027 0.085
-0.029 -0.017 0.087
-0.011 -0.017 0.067
-0.019 -0.005 0.071
-0.007 -0.001 0.065
-0.013 -0.011 0.087
-0.021 -0.015 0.089
0.009 -0.013 0.035
-0.005 -0.005 0.043
-0.011 0.001 0.049
0.009 0.001 0.051
0.043 0.011 0.041
-0.011 0.001 0.091
-0.011 0.005 0.093
-0.007 0.007 0.089
0.017 0.015 0.097
0.019 0.017 0.101
0.041 0.011 0.037
0.031 0.003 0.037
0.025 0.013 0.055
0.023 0.017 0.059
0.033 0.003 0.035
0.039 0.007 0.041
0.035 0.029 0.061
0.031 0.023 0.065
0.001 0.007 0.095
0.017 0.015 0.091
0.031 0.023 0.089
0.033 0.021 0.085
0.023 0.033 0.093
0.047 0.031 0.089
0.009 0.013 0.097
0.007 0.011 0.097
0.007 0.023 0.115
0.043 0.035 0.103
-0.035 -0.019 0.033
-0.033 -0.033 0.049
-0.033 -0.001 0.041
-0.033 -0.027 0.039
-0.037 -0.027 0.063
-0.029 -0.013 0.053
-0.033 -0.009 0.057
-0.027 0.001 0.061
-0.039 -0.023 0.069
-0.041 -0.025 0.079
-0.035 -0.007 0.077
-0.035 -0.019 0.075
-0.033 -0.005 0.045
-0.035 0.001 0.037
-0.007 0.027 0.037
-0.007 0.025 0.039
-0.007 0.021 0.051
-0.009 0.017 0.075
-0.019 0.009 0.087
-0.005 0.029 0.033
-0.011 0.005 0.057
-0.013 0.015 0.057
-0.005 0.017 0.041
-0.005 0.023 0.049
0.001 0.027 0.047
0.015 0.047 0.039
0.013 0.033 0.063
0.003 0.029 0.079
0.001 0.011 0.087
-0.001 0.017 0.089
0.001 0.027 0.081
-0.001 0.021 0.085
0.001 0.033 0.091
-0.009 0.027 0.097
0.011 0.035 0.091
0.017 0.039 0.093
0.011 0.035 0.085
0.011 0.035 0.089
0.005 0.013 0.103
0.009 0.029 0.105
0.003 0.023 0.103
-0.023 -0.041 0.041
-0.033 -0.029 0.039
-0.033 -0.015 0.041
-0.035 -0.035 0.057
-0.023 -0.039 0.037
-0.023 -0.041 0.049
-0.003 -0.025 0.035
-0.017 -0.039 0.041
-0.011 -0.031 0.041
-0.005 -0.025 0.035
-0.003 -0.025 0.035
-0.009 -0.025 0.043
-0.025 -0.035 0.061
-0.007 -0.031 0.049
-0.007 -0.031 0.057
-0.011 -0.025 0.063
-0.039 -0.033 0.081
-0.037 -0.033 0.081
-0.011 -0.025 0.065
-0.025 -0.021 0.069
-0.011 -0.021 0.071
-0.019 -0.017 0.085
-0.027 -0.017 0.087
-0.009 -0.007 0.083
0.009 -0.003 0.039
-0.011 -0.025 0.047
-0.017 -0.037 0.047
-0.019 -0.017 0.059
-0.015 -0.013 0.057
-0.015 -0.013 0.085
0.009 -0.003 0.037
0.027 0.003 0.041
0.013 0.001 0.049
0.007 0.003 0.061
0.009 0.005 0.059
0.007 0.003 0.061
0.001 -0.001 0.061
0.043 0.009 0.041
0.037 0.007 0.043
0.033 0.017 0.049
0.009 -0.001 0.043
0.005 0.001 0.047
0.003 0.001 0.055
0.031 0.007 0.047
-0.001 0.001 0.079
-0.005 -0.003 0.079
0.025 0.019 0.065
0.013 0.015 0.081
-0.005 -0.003 0.083
0.033 0.021 0.083
0.019 0.015 0.085
0.031 0.021 0.085
0.041 0.027 0.087
0.039 0.027 0.089
0.023 0.017 0.097
0.007 0.023 0.113
0.029 0.023 0.099
-0.031 -0.039 0.053
-0.031 -0.033 0.039
-0.017 -0.035 0.033
-0.015 -0.035 0.035
-0.007 -0.029 0.047
-0.003 -0.025 0.041
-0.003 -0.027 0.043
-0.011 -0.029 0.059
-0.031 -0.033 0.065
-0.027 -0.031 0.065
-0.011 -0.009 0.087
-0.019 -0.041 0.043
-0.017 -0.037 0.047
-0.007 -0.029 0.047
-0.001 0.005 0.041
-0.017 -0.015 0.049
-0.011 -0.027 0.061
-0.007 -0.031 0.057
-0.017 -0.017 0.077
-0.011 -0.017 0.069
0.001 -0.001 0.065
-0.017 -0.017 0.081
-0.017 -0.013 0.089
0.001 0.011 0.087
0.019 -0.003 0.035
0.009 -0.013 0.035
0.007 -0.001 0.043
0.023 0.001 0.035
0.025 0.011 0.053
0.005 0.003 0.063
0.017 -0.005 0.035
0.017 -0.003 0.037
0.021 0.007 0.049
0.023 0.001 0.039
0.031 0.005 0.039
0.015 0.015 0.077
0.023 0.019 0.073
0.027 0.023 0.073
0.023 0.019 0.091
0.019 0.015 0.091
0.027 0.027 0.083
0.041 0.025 0.083
0.041 0.025 0.081
0.041 0.029 0.089
0.025 0.023 0.105
0.007 0.023 0.115
0.009 0.011 0.095
0.027 0.021 0.101
0.033 0.023 0.095
0.035 0.031 0.105
-0.035 -0.011 0.035
-0.033 0.005 0.039
-0.035 -0.009 0.039
-0.033 -0.007 0.047
-0.033 -0.001 0.041
-0.031 -0.003 0.049
-0.033 0.003 0.041
-0.033 0.005 0.039
-0.031 0.009 0.041
-0.015 0.003 0.037
-0.023 0.009 0.041
-0.033 -0.011 0.059
-0.037 -0.013 0.071
-0.035 -0.019 0.077
-0.013 0.003 0.061
-0.011 0.017 0.073
-0.011 0.015 0.111
-0.005 0.031 0.097
-0.007 0.023 0.039
-0.005 0.019 0.039
-0.011 0.011 0.053
-0.005 0.019 0.065
0.021 0.039 0.063
0.007 0.035 0.047
0.019 0.049 0.039
0.019 0.043 0.041
0.017 0.051 0.035
0.005 0.029 0.075
0.009 0.033 0.087
0.011 0.033 0.071
0.037 0.041 0.089
-0.007 0.029 0.101
0.007 0.027 0.107
0.009 0.033 0.105
0.027 0.041 0.097
0.031 0.043 0.099
0.035 0.043 0.101
-0.029 0.001 0.051
-0.019 0.005 0.053
-0.033 0.005 0.039
-0.015 0.001 0.035
-0.013 -0.001 0.033
-0.017 0.005 0.051
-0.033 -0.005 0.085
-0.023 -0.001 0.073
-0.021 0.001 0.073
-0.033 -0.007 0.087
-0.025 0.005 0.087
-0.019 0.007 0.089
0.007 -0.011 0.033
-0.023 0.009 0.041
-0.017 0.005 0.039
-0.007 0.023 0.039
-0.013 0.013 0.059
-0.015 0.013 0.061
-0.005 0.013 0.085
-0.007 0.029 0.089
-0.005 0.029 0.099
0.009 0.027 0.053
0.011 0.027 0.061
0.013 0.031 0.059
0.011 0.039 0.041
0.015 0.045 0.035
0.007 0.035 0.049
0.031 0.041 0.051
0.033 0.039 0.043
-0.007 0.015 0.079
0.015 0.035 0.071
-0.007 0.029 0.095
0.015 0.037 0.095
0.027 0.037 0.069
0.033 0.039 0.081
0.041 0.039 0.091
