-0.021 -0.041 0.041
-0.017 -0.037 0.047
-0.015 -0.037 0.041
-0.011 -0.031 0.039
-0.029 -0.021 0.063
-0.013 -0.035 0.043
-0.009 -0.027 0.039
-0.013 -0.025 0.063
-0.005 -0.025 0.057
-0.015 -0.011 0.063
-0.029 -0.025 0.065
-0.013 -0.019 0.073
-0.007 -0.025 0.041
0.009 0.001 0.049
-0.009 -0.003 0.049
0.003 0.001 0.051
0.009 0.005 0.059
-0.009 -0.005 0.075
-0.005 0.001 0.087
-0.003 0.007 0.083
0.007 0.011 0.091
-0.003 0.017 0.109
0.019 -0.001 0.031
0.039 0.011 0.033
0.017 0.005 0.045
0.021 0.003 0.043
0.011 0.003 0.053
0.009 0.005 0.057
0.025 0.009 0.051
0.011 0.007 0.057
0.037 0.007 0.035
0.039 0.029 0.045
0.027 0.009 0.049
0.031 0.013 0.049
0.041 0.009 0.037
0.027 0.019 0.063
0.011 0.015 0.075
0.015 0.017 0.069
0.023 0.023 0.077
0.011 0.015 0.083
0.001 0.009 0.089
0.025 0.017 0.085
0.031 0.021 0.083
0.049 0.033 0.087
0.045 0.035 0.093
0.005 0.009 0.099
0.041 0.029 0.097
0.039 0.041 0.099
-0.021 -0.037 0.055
-0.019 -0.011 0.091
-0.025 -0.019 0.083
-0.023 -0.021 0.071
-0.011 -0.025 0.065
-0.009 -0.015 0.051
-0.029 -0.011 0.093
-0.035 -0.029 0.087
-0.015 -0.011 0.089
-0.021 -0.003 0.095
-0.013 -0.011 0.087
-0.007 -0.001 0.089
-0.019 -0.001 0.095
-0.005 0.005 0.087
0.015 0.013 0.095
0.015 0.015 0.107
0.025 0.019 0.067
0.019 0.015 0.055
0.015 0.017 0.055
0.015 0.015 0.105
0.017 0.015 0.105
0.035 0.023 0.057
0.029 0.029 0.103
0.039 0.027 0.101
0.021 0.017 0.091
0.011 0.011 0.093
0.009 0.025 0.113
0.009 0.025 0.113
0.037 0.035 0.107
0.037 0.035 0.107
0.001 0.023 0.055
-0.011 0.017 0.059
0.003 0.021 0.057
-0.005 0.019 0.069
-0.031 -0.001 0.063
-0.003 0.021 0.059
0.005 0.025 0.053
0.003 0.025 0.053
0.001 0.021 0.059
-0.023 0.005 0.049
-0.003 0.027 0.043
-0.009 0.017 0.069
0.013 0.033 0.071
-0.005 0.021 0.063
-0.029 0.001 0.059
-0.013 0.017 0.067
0.003 0.033 0.087
-0.005 0.013 0.079
-0.023 -0.001 0.093
-0.023 0.001 0.091
0.005 0.033 0.091
0.023 0.041 0.051
-0.019 0.003 0.037
-0.005 0.025 0.053
0.003 0.031 0.085
-0.003 0.031 0.097
-0.003 0.031 0.095
-0.003 0.031 0.097
0.021 0.043 0.041
0.027 0.041 0.041
0.027 0.043 0.039
0.023 0.039 0.059
0.029 0.039 0.063
0.041 0.015 0.035
0.035 0.033 0.059
0.035 0.035 0.061
0.007 0.037 0.033
0.011 0.041 0.049
0.025 0.039 0.063
0.033 0.035 0.037
0.035 0.041 0.089
0.021 0.037 0.085
0.025 0.039 0.085
0.037 0.043 0.085
0.003 0.033 0.087
0.013 0.035 0.085
0.011 0.037 0.095
0.047 0.039 0.091
0.009 0.035 0.103
0.025 0.033 0.105
0.007 -0.013 0.037
0.035 0.015 0.045
-0.005 -0.021 0.055
0.005 0.003 0.067
-0.003 -0.021 0.045
0.029 0.011 0.051
-0.011 -0.021 0.055
-0.003 -0.025 0.055
-0.005 -0.023 0.053
0.005 0.003 0.067
0.009 0.005 0.055
-0.005 -0.003 0.081
0.031 0.021 0.095
0.001 0.001 0.077
0.003 0.001 0.065
0.037 0.035 0.055
0.009 0.007 0.059
0.035 0.037 0.059
0.049 0.037 0.093
0.035 0.037 0.041
0.035 0.023 0.049
0.037 0.019 0.041
0.035 0.017 0.045
0.031 0.013 0.049
0.031 0.039 0.039
0.033 0.033 0.065
0.031 0.021 0.063
0.035 0.023 0.055
0.037 0.025 0.053
0.029 0.025 0.071
0.043 0.031 0.091
0.031 0.043 0.095
0.043 0.043 0.085
0.037 0.041 0.095
0.035 0.043 0.097
-0.035 -0.009 0.039
-0.027 0.009 0.039
-0.011 0.001 0.039
-0.033 -0.003 0.077
-0.033 -0.003 0.063
-0.033 -0.003 0.069
-0.019 0.005 0.047
-0.011 0.017 0.053
-0.027 -0.001 0.065
-0.021 -0.001 0.063
-0.017 0.013 0.069
-0.039 -0.021 0.077
-0.035 -0.027 0.087
-0.023 0.005 0.089
-0.021 0.005 0.073
-0.019 0.001 0.095
-0.021 -0.001 0.095
-0.035 0.005 0.037
-0.033 0.005 0.041
-0.005 0.021 0.055
-0.015 0.015 0.067
-0.003 0.023 0.055
-0.017 0.013 0.079
-0.023 0.005 0.089
0.005 0.037 0.035
0.025 0.039 0.061
0.011 0.041 0.037
0.029 0.039 0.039
0.027 0.043 0.039
0.001 0.019 0.075
0.003 0.027 0.077
0.033 0.041 0.101
0.003 0.033 0.091
0.029 0.043 0.097
0.005 0.019 0.109
0.027 0.033 0.105
0.027 0.037 0.099
0.029 0.041 0.099
-0.003 -0.021 0.041
-0.005 -0.017 0.043
-0.021 -0.033 0.055
-0.025 -0.039 0.055
-0.007 -0.031 0.057
-0.005 -0.019 0.051
-0.027 -0.027 0.063
-0.005 -0.029 0.061
-0.035 -0.023 0.083
-0.027 -0.017 0.087
0.009 -0.011 0.035
0.031 0.019 0.059
0.021 0.017 0.067
-0.011 0.001 0.091
-0.011 0.003 0.091
0.023 0.017 0.097
0.033 0.013 0.047
0.031 0.023 0.033
0.039 0.009 0.045
0.029 0.007 0.045
0.027 0.009 0.051
0.029 0.021 0.065
0.037 0.019 0.041
0.039 0.031 0.049
0.035 0.039 0.053
0.027 0.049 0.035
0.031 0.037 0.065
0.003 0.001 0.069
0.003 0.015 0.071
0.027 0.019 0.067
0.031 0.029 0.089
0.043 0.029 0.089
0.041 0.033 0.091
0.039 0.039 0.097
0.029 0.023 0.103
0.043 0.029 0.101
0.029 0.031 0.105
-0.013 -0.021 0.071
-0.013 -0.021 0.047
-0.011 -0.023 0.067
-0.013 -0.019 0.067
-0.023 -0.031 0.059
-0.033 -0.003 0.073
-0.035 -0.025 0.087
-0.035 -0.029 0.087
-0.023 -0.011 0.091
-0.031 -0.007 0.089
0.011 -0.005 0.039
0.013 -0.003 0.043
-0.005 0.025 0.045
-0.005 0.025 0.053
-0.003 0.001 0.083
-0.017 0.013 0.079
-0.013 0.011 0.087
-0.015 0.015 0.075
-0.001 0.019 0.067
0.029 0.011 0.053
0.005 0.009 0.101
0.039 0.015 0.043
-0.001 0.031 0.101
0.005 0.027 0.103
0.009 0.027 0.111
-0.005 0.015 0.111
0.041 0.029 0.103
0.001 0.009 0.103
0.005 0.017 0.099
0.043 0.031 0.105
0.013 0.035 0.103
0.001 -0.019 0.035
-0.021 -0.041 0.047
-0.003 -0.017 0.045
-0.003 -0.025 0.049
-0.011 -0.031 0.055
-0.033 -0.023 0.077
-0.019 -0.019 0.079
-0.017 -0.007 0.069
-0.017 -0.007 0.069
-0.015 -0.009 0.091
-0.021 -0.005 0.095
0.005 -0.011 0.037
-0.011 0.001 0.037
0.013 0.005 0.049
0.041 0.007 0.043
-0.011 -0.001 0.091
0.017 0.015 0.093
0.017 0.015 0.101
0.031 0.003 0.035
0.033 0.007 0.031
0.033 0.005 0.039
0.027 0.043 0.035
0.035 0.037 0.041
0.011 0.011 0.091
0.035 0.023 0.085
0.049 0.031 0.085
0.027 0.023 0.073
0.009 0.011 0.101
0.021 0.021 0.105
0.009 0.023 0.113
0.027 0.021 0.101
0.043 0.035 0.103
-0.035 -0.035 0.059
-0.031 -0.037 0.061
-0.025 -0.019 0.043
-0.019 -0.021 0.047
-0.031 -0.011 0.047
-0.037 -0.027 0.063
-0.037 -0.031 0.065
-0.037 -0.023 0.065
-0.031 -0.013 0.057
-0.035 -0.013 0.069
-0.043 -0.035 0.087
-0.035 -0.009 0.083
-0.035 -0.007 0.079
-0.037 -0.011 0.075
-0.037 0.005 0.035
-0.029 0.003 0.045
-0.005 0.023 0.035
-0.007 0.023 0.043
-0.031 -0.003 0.059
-0.015 0.013 0.065
-0.015 0.013 0.063
-0.007 0.021 0.053
-0.031 -0.001 0.079
-0.027 0.003 0.083
-0.035 -0.007 0.077
-0.001 0.009 0.097
0.003 0.027 0.077
-0.003 0.025 0.095
0.001 0.031 0.105
0.009 0.013 0.103
-0.007 0.017 0.113
0.005 0.025 0.111
0.007 0.027 0.107
-0.035 -0.023 0.031
-0.029 -0.011 0.033
-0.029 -0.035 0.039
-0.033 -0.031 0.051
-0.033 -0.037 0.053
-0.035 -0.035 0.061
-0.035 -0.027 0.059
-0.033 -0.021 0.039
-0.025 -0.013 0.049
-0.029 -0.013 0.055
-0.031 -0.009 0.053
-0.031 -0.001 0.063
-0.037 -0.031 0.065
-0.037 -0.025 0.067
-0.035 -0.009 0.079
-0.029 -0.011 0.093
-0.005 0.007 0.043
-0.027 0.003 0.079
-0.001 0.017 0.087
-0.005 0.025 0.093
-0.007 0.015 0.109
-0.011 0.009 0.051
-0.009 0.009 0.047
-0.005 0.021 0.039
-0.011 0.017 0.059
-0.011 0.003 0.059
-0.005 0.009 0.041
-0.007 0.023 0.045
0.011 0.041 0.047
0.009 0.037 0.051
0.001 0.017 0.077
0.003 0.021 0.101
0.001 0.023 0.105
-0.003 0.031 0.101
-0.027 -0.035 0.037
-0.029 -0.039 0.045
-0.007 -0.021 0.035
-0.033 -0.037 0.051
-0.011 -0.025 0.051
-0.007 -0.031 0.053
-0.043 -0.035 0.077
-0.041 -0.035 0.075
-0.039 -0.033 0.079
-0.037 -0.033 0.081
-0.037 -0.029 0.075
-0.029 -0.033 0.065
-0.013 -0.023 0.065
-0.035 -0.031 0.085
-0.013 -0.007 0.091
0.009 -0.003 0.037
-0.009 -0.027 0.047
-0.019 -0.039 0.045
0.025 0.003 0.037
0.033 0.005 0.043
0.039 0.029 0.047
0.009 -0.003 0.039
0.019 0.007 0.049
0.023 0.019 0.065
0.015 0.015 0.091
0.017 0.015 0.087
0.023 0.019 0.089
0.035 0.025 0.087
0.037 0.025 0.087
0.015 0.015 0.077
0.003 0.009 0.089
0.037 0.027 0.089
0.011 0.013 0.101
0.005 0.019 0.105
-0.027 -0.039 0.041
-0.013 -0.035 0.041
-0.025 -0.041 0.049
-0.009 -0.023 0.033
0.001 -0.019 0.035
-0.009 -0.029 0.059
-0.025 -0.035 0.061
-0.007 -0.031 0.051
-0.043 -0.035 0.077
-0.027 -0.021 0.071
-0.033 -0.027 0.085
-0.009 -0.005 0.073
-0.007 -0.029 0.047
-0.003 -0.017 0.047
0.001 0.001 0.053
-0.013 -0.011 0.081
-0.009 -0.003 0.089
-0.015 0.001 0.095
0.009 -0.013 0.033
0.017 -0.005 0.033
0.023 0.001 0.037
0.027 0.005 0.045
0.019 -0.003 0.035
0.013 0.001 0.049
0.007 0.007 0.061
0.011 0.007 0.055
0.031 0.021 0.061
0.041 0.007 0.043
0.037 0.023 0.047
0.033 0.017 0.053
0.023 0.001 0.037
0.037 0.023 0.053
0.027 0.035 0.093
0.007 0.011 0.095
0.001 0.017 0.109
0.003 0.019 0.105
0.019 0.017 0.101
0.019 0.017 0.101
0.043 0.029 0.101
-0.005 -0.019 0.043
-0.017 -0.037 0.035
-0.027 -0.041 0.053
-0.013 -0.033 0.043
-0.003 -0.029 0.049
0.005 -0.015 0.037
-0.009 -0.003 0.043
-0.019 -0.031 0.051
-0.011 -0.025 0.065
-0.009 -0.023 0.065
-0.009 -0.007 0.049
-0.023 -0.021 0.079
-0.021 -0.017 0.085
-0.029 -0.017 0.085
-0.023 -0.021 0.075
-0.015 -0.013 0.081
-0.019 -0.011 0.091
-0.021 -0.009 0.091
0.009 -0.013 0.035
-0.007 -0.013 0.051
0.003 0.001 0.065
0.009 0.007 0.059
-0.013 -0.003 0.091
-0.005 0.007 0.085
0.011 0.017 0.057
0.019 0.017 0.057
0.037 0.027 0.059
0.029 0.011 0.053
0.035 0.021 0.047
0.039 0.031 0.049
0.013 0.015 0.079
0.035 0.023 0.085
0.025 0.019 0.097
0.029 0.025 0.089
0.033 0.029 0.089
0.037 0.025 0.087
-0.035 -0.033 0.053
-0.021 0.005 0.049
-0.025 0.005 0.049
-0.037 0.005 0.037
-0.029 0.001 0.051
-0.035 -0.009 0.067
-0.035 -0.005 0.073
-0.039 -0.023 0.081
-0.007 0.027 0.041
-0.033 0.005 0.041
-0.033 0.007 0.035
-0.009 0.017 0.049
-0.005 0.023 0.053
-0.011 0.013 0.081
-0.007 0.011 0.085
-0.003 0.019 0.091
-0.001 0.033 0.037
0.005 0.025 0.053
0.009 0.031 0.051
0.013 0.033 0.063
0.021 0.039 0.063
0.011 0.039 0.043
0.019 0.047 0.039
0.017 0.043 0.041
0.025 0.041 0.057
0.021 0.051 0.033
0.021 0.051 0.035
-0.005 0.019 0.067
0.013 0.031 0.079
0.011 0.033 0.073
0.031 0.039 0.087
0.011 0.035 0.091
0.019 0.037 0.081
0.035 0.041 0.087
0.043 0.043 0.087
