-0.011 0.015 0.075
-0.025 -0.001 0.065
-0.027 -0.001 0.065
0.001 0.027 0.049
-0.005 0.025 0.053
-0.021 0.003 0.039
-0.021 0.005 0.049
-0.013 0.017 0.069
0.007 0.029 0.073
-0.027 0.001 0.077
-0.009 0.015 0.079
-0.017 0.013 0.073
-0.005 0.029 0.095
0.001 0.033 0.095
-0.021 0.005 0.043
-0.005 0.025 0.045
-0.025 0.005 0.049
-0.025 0.003 0.055
-0.021 0.001 0.061
-0.007 0.021 0.057
-0.017 0.013 0.071
-0.019 0.011 0.075
-0.017 0.013 0.075
-0.023 0.005 0.089
-0.007 0.029 0.097
-0.003 0.031 0.089
0.023 0.039 0.041
0.029 0.037 0.035
0.029 0.041 0.045
0.027 0.041 0.045
0.035 0.037 0.055
0.035 0.039 0.053
0.017 0.037 0.065
0.029 0.039 0.061
0.039 0.029 0.045
0.037 0.033 0.057
0.023 0.049 0.039
0.027 0.045 0.037
0.031 0.035 0.035
0.031 0.039 0.059
0.013 0.033 0.075
0.011 0.033 0.075
0.007 0.031 0.075
0.029 0.033 0.071
0.029 0.027 0.071
0.021 0.031 0.077
0.021 0.037 0.081
0.027 0.031 0.073
0.007 0.033 0.091
0.025 0.039 0.097
0.045 0.043 0.085
0.007 0.033 0.085
0.007 0.035 0.095
0.037 0.043 0.085
0.011 0.035 0.101
0.009 0.035 0.103
0.009 0.033 0.105
0.011 0.027 0.109
0.009 0.027 0.111
0.031 0.043 0.099
0.037 0.043 0.097
-0.017 -0.035 0.049
-0.025 -0.033 0.061
-0.003 -0.027 0.053
-0.007 -0.009 0.049
-0.005 -0.021 0.049
-0.003 -0.025 0.041
-0.007 -0.005 0.047
-0.007 -0.005 0.045
-0.005 -0.005 0.043
-0.005 -0.009 0.047
-0.003 -0.029 0.051
-0.015 -0.013 0.055
-0.039 -0.031 0.073
-0.035 -0.027 0.075
-0.017 -0.009 0.073
-0.009 -0.007 0.081
-0.013 -0.011 0.081
-0.029 -0.027 0.067
-0.011 -0.019 0.069
-0.029 -0.015 0.089
-0.009 -0.001 0.047
0.007 0.001 0.053
0.021 0.005 0.047
0.017 0.013 0.055
0.001 -0.001 0.057
-0.003 0.007 0.083
0.013 0.013 0.087
-0.015 0.001 0.093
-0.009 0.003 0.089
-0.009 0.005 0.091
0.041 0.009 0.043
0.033 0.013 0.047
0.013 0.001 0.049
0.013 0.003 0.049
0.037 0.027 0.045
0.007 0.001 0.053
0.015 0.017 0.055
0.019 0.017 0.067
0.033 0.027 0.067
0.037 0.017 0.043
0.037 0.029 0.041
0.037 0.031 0.043
0.037 0.027 0.053
0.023 0.047 0.041
0.033 0.039 0.057
0.019 0.015 0.085
0.035 0.023 0.085
0.011 0.011 0.091
0.009 0.011 0.095
0.015 0.013 0.095
0.031 0.021 0.095
0.039 0.025 0.101
0.037 0.025 0.087
0.027 0.033 0.071
0.043 0.031 0.091
0.043 0.031 0.101
0.047 0.035 0.087
0.049 0.037 0.091
0.011 0.013 0.099
0.017 0.015 0.105
0.015 0.029 0.105
0.027 0.031 0.105
0.023 0.037 0.103
0.041 0.037 0.101
-0.039 -0.025 0.085
-0.039 -0.037 0.087
-0.021 -0.039 0.053
-0.015 -0.033 0.047
-0.039 -0.023 0.083
-0.029 -0.021 0.079
-0.017 -0.013 0.089
-0.039 -0.031 0.087
-0.025 -0.029 0.061
-0.013 -0.023 0.059
-0.011 -0.025 0.065
-0.033 -0.019 0.085
-0.025 -0.015 0.089
-0.035 -0.007 0.079
-0.039 -0.023 0.083
-0.037 -0.023 0.085
-0.023 -0.009 0.093
-0.015 -0.009 0.091
-0.023 -0.017 0.087
-0.011 -0.003 0.091
0.011 -0.005 0.039
0.011 -0.003 0.043
-0.027 -0.003 0.091
-0.017 -0.003 0.093
-0.015 0.009 0.087
-0.017 0.009 0.087
-0.029 -0.001 0.087
-0.021 0.003 0.091
-0.025 0.005 0.087
-0.003 0.029 0.103
-0.007 0.001 0.089
-0.009 0.011 0.087
-0.005 0.019 0.069
-0.007 0.003 0.089
-0.003 -0.003 0.077
0.023 0.005 0.043
-0.001 0.007 0.095
0.003 0.021 0.059
-0.007 0.015 0.113
0.015 0.017 0.107
0.017 0.019 0.105
0.017 0.017 0.105
-0.005 0.019 0.111
0.005 0.019 0.109
-0.001 0.027 0.101
0.013 0.025 0.107
-0.001 0.003 0.081
-0.001 0.017 0.087
0.013 0.013 0.107
0.005 0.023 0.113
0.025 0.021 0.101
0.017 0.027 0.105
0.005 0.023 0.115
0.011 0.031 0.105
0.015 0.033 0.105
0.021 0.027 0.105
0.013 0.031 0.105
0.025 0.029 0.105
0.007 0.015 0.103
0.011 0.013 0.109
0.009 0.015 0.107
0.001 0.021 0.109
-0.001 0.019 0.111
0.003 0.019 0.109
0.003 0.025 0.107
0.039 0.027 0.101
0.031 0.035 0.103
-0.025 -0.041 0.045
-0.017 -0.037 0.047
-0.013 -0.033 0.041
-0.021 -0.037 0.055
-0.017 -0.035 0.049
-0.007 -0.031 0.055
-0.009 -0.027 0.037
-0.005 -0.031 0.053
-0.011 -0.027 0.043
-0.019 -0.033 0.053
-0.019 -0.021 0.047
-0.021 -0.017 0.055
-0.005 -0.027 0.059
-0.021 -0.019 0.063
-0.011 -0.021 0.071
-0.029 -0.027 0.069
-0.031 -0.023 0.071
-0.033 -0.027 0.083
-0.037 -0.033 0.083
-0.025 -0.021 0.075
-0.017 -0.017 0.081
-0.009 -0.007 0.077
0.013 -0.003 0.041
0.019 -0.003 0.035
-0.013 -0.027 0.059
-0.011 -0.029 0.059
0.001 0.001 0.047
-0.001 0.001 0.049
0.009 -0.001 0.045
0.007 0.003 0.055
-0.011 -0.005 0.055
-0.007 -0.003 0.069
0.007 0.003 0.059
-0.007 -0.003 0.069
-0.003 -0.003 0.077
0.001 0.001 0.075
0.003 0.005 0.075
-0.009 -0.007 0.087
-0.001 0.001 0.081
-0.005 0.001 0.087
-0.001 0.007 0.081
0.007 0.011 0.099
-0.001 0.019 0.105
0.023 0.005 0.043
0.017 0.001 0.041
0.031 0.003 0.037
0.031 0.013 0.053
0.009 0.013 0.059
0.009 0.021 0.063
0.031 0.019 0.059
0.033 0.025 0.063
0.033 0.017 0.055
0.031 0.015 0.049
0.029 0.011 0.053
0.035 0.021 0.049
0.033 0.021 0.059
0.037 0.027 0.053
0.037 0.031 0.059
0.011 0.017 0.071
0.019 0.017 0.083
0.025 0.019 0.069
0.011 0.011 0.093
0.017 0.015 0.095
0.007 0.011 0.087
0.019 0.015 0.085
0.025 0.019 0.091
0.029 0.021 0.089
0.039 0.027 0.089
0.029 0.027 0.073
0.019 0.015 0.091
0.027 0.021 0.093
0.029 0.023 0.099
0.011 0.015 0.107
0.001 0.017 0.107
0.017 0.023 0.105
0.023 0.019 0.099
0.033 0.029 0.101
0.041 0.029 0.103
0.021 0.021 0.105
0.041 0.029 0.103
0.043 0.035 0.105
-0.035 -0.019 0.031
-0.033 -0.037 0.057
-0.031 -0.031 0.037
-0.031 -0.037 0.047
-0.035 -0.015 0.037
-0.035 -0.013 0.063
-0.029 -0.023 0.043
-0.035 -0.013 0.037
-0.021 -0.023 0.047
-0.027 -0.013 0.051
-0.033 -0.011 0.041
-0.025 -0.013 0.049
-0.035 -0.005 0.039
-0.033 -0.007 0.047
-0.035 -0.021 0.065
-0.029 -0.027 0.055
-0.027 -0.017 0.053
-0.033 -0.019 0.063
-0.031 -0.013 0.057
-0.033 -0.005 0.065
-0.035 -0.021 0.065
-0.041 -0.025 0.075
-0.039 -0.021 0.079
-0.041 -0.031 0.085
-0.035 -0.011 0.067
-0.033 -0.011 0.083
-0.033 -0.011 0.085
-0.033 -0.011 0.087
-0.031 -0.013 0.087
-0.031 -0.015 0.089
-0.025 -0.005 0.093
-0.027 -0.001 0.089
-0.029 0.001 0.083
-0.003 0.031 0.031
-0.033 0.001 0.041
-0.001 0.017 0.035
-0.009 0.005 0.051
-0.009 0.003 0.057
-0.005 0.023 0.053
-0.017 0.013 0.079
-0.027 0.001 0.087
-0.007 0.029 0.087
-0.001 0.015 0.035
-0.003 0.033 0.035
-0.025 0.009 0.043
-0.023 0.009 0.041
-0.023 0.005 0.051
-0.005 0.029 0.035
-0.011 0.015 0.055
-0.005 0.021 0.063
0.011 0.021 0.061
-0.005 0.021 0.063
-0.009 0.011 0.047
-0.009 0.017 0.049
-0.007 0.021 0.041
0.015 0.031 0.057
0.009 0.039 0.043
0.017 0.049 0.039
0.013 0.041 0.053
0.011 0.037 0.053
0.003 0.019 0.071
0.001 0.019 0.077
0.001 0.021 0.079
0.005 0.029 0.077
0.001 0.011 0.087
-0.007 0.011 0.089
-0.001 0.017 0.089
-0.001 0.021 0.087
0.007 0.033 0.085
-0.001 0.023 0.091
0.007 0.033 0.085
-0.003 0.031 0.089
0.017 0.037 0.085
0.003 0.013 0.097
0.005 0.013 0.103
-0.001 0.021 0.105
0.001 0.023 0.109
0.003 0.025 0.105
0.001 0.031 0.105
0.013 0.037 0.099
0.029 0.043 0.097
0.003 0.035 0.105
-0.015 -0.031 0.031
-0.015 -0.033 0.033
-0.015 -0.033 0.033
-0.009 -0.025 0.033
-0.033 -0.037 0.053
-0.019 -0.039 0.039
-0.015 -0.035 0.035
-0.023 -0.035 0.059
-0.015 -0.037 0.045
-0.021 -0.041 0.041
-0.015 -0.035 0.035
-0.013 -0.033 0.035
-0.007 -0.023 0.039
-0.003 -0.025 0.041
-0.007 -0.031 0.057
-0.025 -0.019 0.063
-0.013 -0.025 0.063
-0.005 -0.031 0.051
-0.035 -0.031 0.069
-0.035 -0.027 0.075
-0.035 -0.029 0.079
-0.037 -0.033 0.081
-0.025 -0.021 0.069
-0.027 -0.021 0.075
-0.017 -0.015 0.073
-0.015 -0.009 0.091
0.003 -0.017 0.037
0.009 -0.013 0.033
-0.019 -0.041 0.043
-0.019 -0.039 0.045
-0.001 0.005 0.039
-0.003 0.003 0.047
-0.021 -0.017 0.055
-0.007 0.003 0.051
0.005 0.001 0.051
-0.013 -0.003 0.071
0.001 -0.001 0.071
-0.003 0.009 0.083
0.001 0.009 0.093
0.007 0.011 0.031
0.019 0.005 0.045
0.025 0.015 0.033
0.013 0.007 0.055
0.013 0.021 0.059
0.035 0.005 0.037
0.041 0.009 0.037
0.037 0.007 0.041
0.037 0.023 0.047
0.011 -0.005 0.037
0.013 0.001 0.047
0.027 0.007 0.037
0.021 0.009 0.051
0.019 0.017 0.057
0.001 -0.001 0.069
0.003 0.003 0.073
0.011 0.017 0.071
0.005 0.009 0.089
0.005 0.009 0.093
0.017 0.015 0.083
0.019 0.015 0.087
0.045 0.027 0.083
0.043 0.027 0.087
0.045 0.029 0.089
0.019 0.017 0.083
0.027 0.021 0.091
0.041 0.029 0.089
0.041 0.029 0.089
0.045 0.033 0.091
0.047 0.035 0.093
0.035 0.029 0.095
0.007 0.011 0.103
0.011 0.013 0.097
0.009 0.015 0.105
0.007 0.011 0.101
0.035 0.023 0.097
0.035 0.027 0.101
-0.033 -0.011 0.033
-0.033 0.007 0.035
-0.033 -0.031 0.049
-0.037 -0.025 0.063
-0.031 -0.025 0.043
-0.031 -0.029 0.045
-0.031 -0.007 0.051
-0.031 -0.001 0.049
-0.031 -0.025 0.059
-0.035 -0.027 0.059
-0.023 0.009 0.043
-0.037 0.005 0.037
-0.031 -0.001 0.047
-0.017 0.005 0.039
-0.003 -0.003 0.035
-0.029 -0.027 0.055
-0.033 -0.005 0.057
-0.025 0.001 0.063
-0.043 -0.031 0.083
-0.043 -0.031 0.083
-0.041 -0.033 0.087
-0.037 -0.021 0.079
-0.033 -0.015 0.087
-0.037 -0.011 0.071
-0.035 -0.007 0.079
-0.029 -0.001 0.075
-0.025 -0.001 0.067
-0.023 0.007 0.079
-0.025 -0.005 0.093
-0.017 0.009 0.087
-0.013 0.011 0.085
-0.005 0.013 0.039
-0.033 0.007 0.041
-0.019 0.001 0.033
-0.019 0.003 0.037
-0.007 0.019 0.043
-0.015 0.011 0.065
-0.003 0.025 0.051
-0.003 0.017 0.071
-0.009 0.015 0.079
-0.009 0.017 0.069
-0.009 0.011 0.085
-0.009 0.017 0.111
-0.011 0.017 0.113
-0.003 0.031 0.035
0.011 0.041 0.037
0.017 0.035 0.033
-0.005 0.025 0.043
-0.007 0.023 0.043
-0.007 0.027 0.037
-0.005 0.025 0.047
-0.005 0.023 0.051
0.005 0.035 0.043
0.003 0.035 0.037
0.001 0.035 0.035
0.003 0.019 0.063
0.005 0.023 0.055
0.021 0.039 0.043
0.013 0.041 0.051
0.023 0.041 0.057
0.007 0.039 0.037
0.017 0.051 0.037
0.017 0.051 0.035
0.027 0.041 0.053
0.001 0.017 0.069
-0.007 0.015 0.077
-0.003 0.017 0.073
0.009 0.029 0.065
0.011 0.033 0.075
0.023 0.037 0.069
-0.005 0.029 0.089
0.005 0.033 0.089
0.021 0.037 0.085
0.027 0.037 0.081
-0.007 0.029 0.101
0.001 0.031 0.103
0.001 0.023 0.105
0.009 0.027 0.111
0.015 0.035 0.103
0.005 0.033 0.101
0.029 0.043 0.097
