-0.013 -0.035 0.043
-0.009 -0.027 0.037
-0.009 -0.027 0.039
-0.003 -0.023 0.037
-0.005 -0.011 0.047
-0.023 -0.033 0.057
-0.003 -0.025 0.053
-0.043 -0.037 0.081
-0.041 -0.035 0.081
-0.035 -0.027 0.075
-0.025 -0.019 0.083
-0.029 -0.033 0.065
0.007 -0.015 0.037
0.005 -0.013 0.039
0.001 -0.001 0.057
0.009 -0.003 0.041
0.017 -0.003 0.037
0.007 0.007 0.061
-0.013 -0.005 0.073
0.019 -0.001 0.031
0.037 0.009 0.031
0.037 0.007 0.033
0.039 0.011 0.033
0.015 -0.003 0.037
0.021 0.001 0.033
0.041 0.011 0.035
0.041 0.009 0.037
0.029 0.005 0.039
0.039 0.009 0.045
0.019 0.019 0.079
0.029 0.027 0.073
0.005 0.009 0.089
0.017 0.015 0.083
0.033 0.033 0.065
0.029 0.019 0.085
0.031 0.035 0.081
0.037 0.025 0.083
0.003 0.009 0.101
0.009 0.011 0.101
0.027 0.021 0.103
0.029 0.025 0.101
0.015 0.015 0.103
-0.009 0.019 0.053
-0.025 -0.003 0.069
-0.021 0.003 0.037
-0.011 0.017 0.055
-0.003 0.023 0.055
-0.007 0.019 0.063
-0.029 -0.001 0.073
-0.027 0.003 0.081
-0.029 -0.001 0.087
-0.011 0.015 0.077
-0.007 0.029 0.089
-0.013 0.011 0.087
0.019 0.043 0.049
-0.035 0.005 0.037
0.005 0.027 0.051
-0.011 0.017 0.063
-0.001 0.023 0.053
-0.013 0.015 0.079
0.005 0.031 0.083
0.013 0.041 0.043
0.019 0.041 0.055
0.027 0.041 0.055
0.021 0.039 0.061
0.035 0.035 0.057
0.005 0.023 0.055
0.011 0.031 0.063
0.017 0.037 0.063
0.033 0.037 0.063
0.039 0.015 0.043
0.029 0.037 0.035
0.031 0.039 0.043
0.015 0.043 0.051
0.033 0.039 0.043
0.007 0.029 0.069
0.005 0.029 0.073
0.021 0.037 0.087
0.017 0.037 0.085
0.033 0.031 0.067
0.039 0.035 0.089
0.015 0.033 0.075
0.029 0.041 0.093
0.027 0.041 0.095
0.045 0.039 0.085
0.015 0.035 0.105
0.009 0.035 0.103
0.023 0.033 0.105
0.011 0.035 0.099
0.037 0.029 0.059
0.005 0.007 0.071
0.013 -0.001 0.045
-0.003 -0.015 0.047
0.033 0.015 0.047
-0.005 -0.019 0.051
-0.005 -0.021 0.053
-0.009 -0.021 0.063
0.029 0.025 0.071
-0.013 -0.019 0.073
-0.005 0.001 0.087
-0.015 -0.011 0.077
-0.015 -0.011 0.089
-0.011 -0.001 0.091
0.041 0.013 0.043
0.035 0.039 0.053
0.033 0.025 0.065
0.029 0.033 0.071
0.025 0.019 0.091
0.029 0.023 0.103
0.031 0.013 0.049
0.037 0.029 0.041
0.029 0.015 0.057
0.033 0.031 0.067
0.035 0.015 0.045
0.025 0.041 0.057
0.043 0.043 0.085
0.041 0.031 0.097
0.043 0.031 0.091
0.033 0.043 0.097
0.039 0.041 0.089
0.037 0.041 0.095
0.047 0.035 0.093
0.009 0.021 0.107
0.037 0.035 0.107
0.043 0.031 0.105
0.043 0.033 0.103
0.037 0.045 0.099
0.039 0.041 0.105
0.041 0.033 0.099
-0.005 -0.009 0.041
-0.017 -0.035 0.049
-0.015 -0.037 0.043
-0.017 -0.015 0.065
-0.003 -0.025 0.041
-0.003 -0.023 0.041
-0.005 -0.019 0.051
-0.003 -0.021 0.039
0.003 -0.017 0.037
-0.005 -0.007 0.047
-0.005 -0.007 0.043
-0.023 -0.031 0.059
-0.017 -0.015 0.053
-0.015 -0.013 0.063
-0.005 -0.005 0.077
-0.019 -0.007 0.093
0.021 -0.001 0.035
0.017 0.011 0.053
0.013 0.007 0.055
0.005 0.003 0.063
0.005 0.015 0.067
0.037 0.027 0.055
-0.005 0.003 0.085
-0.013 0.001 0.091
0.027 0.021 0.103
0.033 0.009 0.045
0.037 0.027 0.045
0.041 0.013 0.041
0.043 0.011 0.043
0.039 0.009 0.045
0.031 0.009 0.047
0.039 0.017 0.041
0.007 0.015 0.061
0.023 0.017 0.061
0.037 0.023 0.041
0.035 0.019 0.047
0.037 0.023 0.047
0.031 0.041 0.047
0.035 0.029 0.063
0.037 0.033 0.057
0.005 0.003 0.067
0.003 0.015 0.069
0.017 0.017 0.079
0.021 0.017 0.083
0.025 0.017 0.085
0.015 0.015 0.077
0.031 0.023 0.067
0.031 0.021 0.095
0.027 0.019 0.089
0.031 0.033 0.069
0.029 0.033 0.071
0.041 0.033 0.099
0.043 0.029 0.101
0.037 0.031 0.105
0.037 0.035 0.107
0.043 0.033 0.103
-0.033 -0.025 0.087
-0.033 -0.033 0.067
-0.035 -0.009 0.075
-0.037 -0.021 0.081
-0.013 -0.027 0.045
-0.007 -0.027 0.061
-0.019 -0.019 0.079
-0.033 -0.017 0.083
-0.021 -0.019 0.083
-0.041 -0.029 0.085
-0.035 -0.027 0.087
0.003 -0.011 0.039
0.001 -0.011 0.039
-0.029 0.007 0.045
-0.003 0.007 0.083
-0.003 0.029 0.103
-0.009 0.015 0.113
-0.001 0.001 0.081
0.001 0.013 0.095
0.029 0.009 0.047
0.009 0.003 0.055
0.029 0.011 0.053
0.005 0.025 0.053
-0.007 0.015 0.113
-0.005 0.015 0.111
0.029 0.015 0.057
0.023 0.017 0.085
-0.007 0.025 0.097
0.003 0.025 0.101
0.005 0.023 0.115
-0.001 0.029 0.101
0.005 0.025 0.111
0.013 0.021 0.105
0.001 0.011 0.103
-0.007 0.019 0.111
0.023 0.021 0.103
0.005 0.031 0.107
0.009 0.033 0.105
0.035 0.031 0.105
0.035 0.035 0.107
-0.009 -0.025 0.041
-0.015 -0.033 0.047
0.007 -0.015 0.037
-0.023 -0.031 0.057
-0.003 -0.029 0.049
-0.005 -0.023 0.061
-0.031 -0.021 0.075
-0.019 -0.019 0.079
-0.003 -0.003 0.073
-0.011 -0.003 0.091
0.009 -0.013 0.035
0.007 -0.013 0.037
0.013 -0.001 0.045
-0.009 -0.001 0.043
0.031 0.005 0.043
0.007 0.007 0.061
0.027 0.009 0.051
-0.001 -0.001 0.067
0.019 0.017 0.099
0.021 0.003 0.031
0.015 -0.001 0.041
0.023 0.005 0.047
0.033 0.005 0.039
0.037 0.007 0.037
0.005 0.001 0.055
0.013 0.009 0.055
0.005 0.001 0.061
0.017 0.009 0.053
0.031 0.013 0.051
0.031 0.013 0.051
0.041 0.013 0.037
0.037 0.027 0.039
0.037 0.033 0.047
0.035 0.033 0.063
0.035 0.037 0.043
0.007 0.009 0.067
0.021 0.027 0.079
0.025 0.027 0.075
0.023 0.017 0.085
0.047 0.029 0.085
0.049 0.031 0.087
0.027 0.025 0.105
0.039 0.027 0.097
0.027 0.021 0.101
0.033 0.023 0.099
0.039 0.025 0.099
-0.019 -0.041 0.043
-0.013 -0.035 0.041
-0.021 -0.039 0.051
-0.017 -0.033 0.049
-0.003 -0.027 0.047
-0.003 -0.019 0.041
-0.009 -0.027 0.063
-0.041 -0.035 0.075
-0.031 -0.019 0.083
-0.011 -0.009 0.085
0.017 -0.005 0.035
-0.005 -0.015 0.051
-0.005 -0.013 0.049
-0.009 -0.007 0.085
0.005 0.007 0.071
0.005 0.009 0.097
0.007 0.011 0.099
0.027 0.005 0.045
0.037 0.007 0.033
0.013 -0.003 0.041
0.015 0.005 0.045
0.035 0.005 0.035
0.041 0.009 0.035
0.017 0.015 0.055
0.015 0.021 0.057
0.005 0.007 0.071
0.007 0.011 0.085
0.025 0.019 0.089
0.047 0.031 0.089
0.007 0.011 0.099
0.025 0.019 0.099
0.039 0.025 0.101
-0.035 -0.025 0.035
-0.035 -0.013 0.063
-0.033 -0.029 0.039
-0.033 -0.027 0.039
-0.027 -0.019 0.041
-0.025 -0.023 0.043
-0.037 -0.031 0.061
-0.027 -0.013 0.047
-0.025 -0.015 0.047
-0.035 -0.029 0.057
-0.031 -0.017 0.059
-0.037 -0.031 0.061
-0.037 -0.031 0.065
-0.043 -0.035 0.077
-0.033 -0.003 0.069
-0.031 -0.017 0.089
-0.033 -0.011 0.087
-0.007 0.013 0.043
-0.007 0.021 0.047
-0.005 0.023 0.049
-0.023 0.007 0.087
-0.013 0.015 0.113
-0.011 0.013 0.113
-0.029 0.001 0.047
-0.033 -0.009 0.057
-0.035 -0.009 0.069
-0.035 -0.007 0.073
0.005 0.037 0.037
0.015 0.041 0.055
0.011 0.029 0.053
0.007 0.025 0.067
-0.001 0.019 0.079
-0.001 0.017 0.083
-0.005 0.027 0.103
-0.007 0.025 0.095
-0.011 0.013 0.113
-0.011 0.015 0.111
0.035 0.039 0.105
-0.035 0.001 0.037
-0.033 -0.033 0.051
-0.035 -0.019 0.037
-0.033 -0.021 0.037
-0.025 -0.019 0.043
-0.023 -0.017 0.049
-0.035 -0.009 0.037
-0.035 -0.009 0.039
-0.037 -0.029 0.063
-0.035 -0.013 0.063
-0.027 -0.027 0.055
-0.029 -0.013 0.053
-0.033 -0.003 0.063
-0.043 -0.037 0.079
-0.035 -0.019 0.079
-0.033 -0.003 0.065
-0.039 -0.025 0.085
-0.033 -0.003 0.067
-0.029 -0.001 0.075
-0.025 -0.005 0.093
-0.033 -0.007 0.087
-0.033 -0.007 0.041
-0.025 0.005 0.049
-0.023 0.009 0.041
-0.029 0.001 0.053
-0.009 0.001 0.059
-0.001 0.023 0.083
-0.009 0.027 0.095
-0.019 0.005 0.047
-0.007 0.007 0.047
-0.005 0.015 0.041
-0.007 0.007 0.047
0.005 0.029 0.047
-0.021 0.003 0.057
-0.009 0.013 0.049
0.007 0.037 0.039
0.009 0.039 0.043
0.011 0.037 0.053
0.013 0.033 0.061
0.003 0.019 0.073
0.003 0.027 0.079
0.003 0.029 0.081
-0.007 0.025 0.097
0.011 0.035 0.087
0.023 0.039 0.091
0.007 0.027 0.109
-0.001 0.019 0.097
0.001 0.031 0.103
0.005 0.023 0.113
0.017 0.037 0.103
0.015 0.037 0.101
-0.027 -0.035 0.037
-0.035 -0.035 0.055
-0.013 -0.033 0.033
-0.027 -0.041 0.047
-0.005 -0.025 0.035
-0.033 -0.029 0.037
-0.029 -0.035 0.039
-0.013 -0.013 0.051
-0.033 -0.033 0.065
-0.035 -0.031 0.067
-0.019 -0.019 0.069
-0.021 -0.019 0.073
-0.029 -0.021 0.075
-0.009 -0.007 0.079
-0.031 -0.017 0.087
0.011 -0.005 0.035
-0.035 0.003 0.033
-0.023 -0.039 0.053
-0.011 -0.017 0.051
-0.007 -0.003 0.071
-0.015 0.001 0.095
-0.001 0.027 0.101
-0.003 0.017 0.107
0.023 0.001 0.037
0.005 0.001 0.053
0.027 0.013 0.055
0.003 0.001 0.065
0.003 0.003 0.073
-0.003 -0.001 0.081
0.001 0.017 0.083
0.027 0.019 0.087
0.031 0.021 0.087
0.019 0.017 0.093
0.019 0.017 0.067
0.009 0.011 0.089
0.003 0.009 0.103
0.001 0.017 0.107
0.009 0.015 0.107
0.035 0.023 0.099
0.007 0.011 0.099
-0.001 0.017 0.107
0.027 0.021 0.101
-0.023 -0.031 0.031
-0.011 -0.027 0.031
-0.013 -0.035 0.041
-0.003 -0.027 0.045
-0.005 -0.025 0.035
-0.021 -0.037 0.055
-0.023 -0.035 0.057
-0.007 -0.031 0.049
-0.005 -0.031 0.051
-0.007 -0.031 0.057
-0.019 -0.037 0.051
-0.009 -0.029 0.061
-0.029 -0.031 0.067
-0.029 -0.021 0.079
-0.003 -0.001 0.067
-0.009 -0.003 0.089
-0.015 -0.037 0.041
-0.019 -0.017 0.063
-0.013 -0.011 0.085
-0.003 0.001 0.083
-0.001 0.007 0.095
0.007 0.001 0.039
0.013 0.001 0.047
0.011 0.007 0.055
0.029 0.015 0.057
0.039 0.007 0.033
0.025 0.007 0.047
0.023 0.007 0.049
0.037 0.027 0.059
0.015 0.015 0.085
0.003 0.009 0.091
0.005 0.009 0.093
0.023 0.017 0.085
0.017 0.015 0.083
0.041 0.025 0.083
0.043 0.027 0.087
0.031 0.021 0.097
0.025 0.021 0.101
0.033 0.021 0.097
0.039 0.025 0.097
-0.031 -0.001 0.051
-0.019 0.005 0.045
-0.031 -0.001 0.059
-0.023 0.005 0.053
-0.015 0.003 0.053
-0.017 0.003 0.055
-0.019 -0.003 0.065
-0.027 -0.001 0.063
-0.019 0.001 0.059
-0.021 -0.003 0.069
-0.031 -0.001 0.079
-0.031 -0.003 0.087
-0.015 0.009 0.087
-0.031 0.009 0.041
-0.019 0.005 0.049
-0.013 0.015 0.057
-0.015 0.011 0.061
-0.021 0.009 0.077
-0.007 0.015 0.079
-0.005 0.013 0.081
-0.005 0.027 0.091
-0.007 0.023 0.041
0.007 0.033 0.047
0.027 0.041 0.057
0.015 0.049 0.035
0.009 0.039 0.041
0.017 0.043 0.041
0.017 0.041 0.055
0.021 0.049 0.039
0.033 0.039 0.051
0.035 0.039 0.053
-0.001 0.019 0.067
0.007 0.023 0.069
0.023 0.035 0.071
0.017 0.033 0.077
0.001 0.033 0.095
0.023 0.039 0.091
-0.005 0.031 0.097
