-0.005 -0.019 0.051
-0.015 -0.037 0.041
-0.005 -0.027 0.059
-0.005 -0.029 0.061
0.013 -0.001 0.045
-0.003 -0.013 0.045
0.033 0.015 0.047
0.037 0.027 0.055
0.037 0.027 0.053
0.033 0.013 0.047
-0.005 -0.023 0.059
-0.013 -0.017 0.073
0.019 0.017 0.075
0.047 0.031 0.083
-0.011 -0.017 0.069
0.047 0.029 0.083
0.003 0.005 0.075
0.037 0.023 0.099
0.037 0.027 0.053
0.035 0.039 0.049
0.033 0.037 0.061
0.027 0.031 0.073
-0.001 0.003 0.081
0.039 0.045 0.101
0.039 0.017 0.039
0.037 0.019 0.039
0.031 0.009 0.047
0.033 0.015 0.047
0.031 0.041 0.053
0.031 0.015 0.053
0.029 0.015 0.057
0.037 0.025 0.039
0.037 0.029 0.039
0.019 0.041 0.041
0.019 0.043 0.049
0.027 0.043 0.037
0.031 0.041 0.051
0.047 0.037 0.085
0.029 0.021 0.067
0.031 0.025 0.069
0.025 0.037 0.091
0.047 0.031 0.089
0.047 0.035 0.085
0.045 0.039 0.091
0.047 0.037 0.085
0.045 0.041 0.085
0.049 0.039 0.091
0.043 0.033 0.105
0.013 0.023 0.107
0.009 0.023 0.113
0.041 0.043 0.103
0.043 0.035 0.105
0.043 0.035 0.105
-0.031 -0.001 0.045
-0.027 0.003 0.053
-0.029 0.001 0.059
-0.031 -0.001 0.059
-0.033 -0.003 0.067
-0.011 0.017 0.067
-0.031 0.007 0.041
-0.025 0.003 0.055
-0.027 -0.001 0.063
-0.023 -0.001 0.065
-0.027 -0.003 0.069
-0.029 -0.001 0.073
-0.009 0.017 0.075
-0.017 0.013 0.075
-0.027 0.001 0.057
-0.017 0.013 0.069
-0.035 -0.025 0.087
-0.033 -0.005 0.085
-0.021 0.009 0.085
-0.021 0.009 0.079
-0.009 0.015 0.079
-0.031 -0.005 0.087
0.001 0.023 0.055
-0.017 0.001 0.035
-0.005 0.025 0.049
-0.013 0.017 0.065
-0.017 0.013 0.073
-0.015 0.015 0.069
-0.025 0.003 0.089
-0.013 0.003 0.093
-0.007 0.017 0.113
0.025 0.041 0.049
-0.003 0.025 0.051
0.005 0.021 0.059
0.011 0.031 0.063
0.017 0.037 0.067
0.023 0.037 0.067
0.005 0.037 0.037
0.005 0.035 0.041
0.027 0.041 0.041
0.019 0.049 0.039
0.005 0.027 0.073
0.007 0.029 0.069
0.003 0.025 0.077
0.005 0.031 0.085
0.001 0.033 0.099
0.015 0.037 0.093
0.029 0.043 0.095
0.015 0.035 0.069
0.011 0.033 0.075
0.023 0.039 0.097
0.001 0.033 0.107
0.025 0.031 0.105
0.005 0.035 0.105
0.033 0.041 0.101
-0.031 -0.015 0.089
-0.029 -0.035 0.063
-0.027 -0.039 0.057
-0.035 -0.009 0.039
-0.033 -0.005 0.047
-0.033 -0.027 0.087
-0.013 -0.023 0.065
-0.035 -0.013 0.077
-0.021 -0.013 0.089
-0.033 -0.027 0.087
-0.023 -0.019 0.083
-0.009 -0.005 0.087
-0.037 -0.011 0.075
-0.035 -0.009 0.083
-0.023 -0.009 0.093
-0.017 -0.005 0.091
-0.017 -0.001 0.095
0.009 -0.003 0.041
-0.009 -0.021 0.067
0.005 -0.017 0.037
0.005 -0.013 0.039
-0.003 -0.011 0.045
-0.003 0.031 0.037
-0.031 0.007 0.041
-0.029 -0.005 0.089
-0.027 0.007 0.045
-0.021 0.001 0.091
-0.033 -0.003 0.081
-0.021 0.005 0.089
-0.019 0.009 0.087
-0.023 0.003 0.091
-0.025 0.001 0.091
-0.015 0.003 0.095
-0.005 0.025 0.095
-0.005 0.027 0.103
-0.003 0.017 0.111
0.013 0.005 0.051
0.003 0.003 0.073
0.003 0.009 0.101
0.003 0.015 0.085
0.007 0.005 0.063
-0.009 -0.003 0.089
0.025 0.011 0.053
0.005 0.009 0.101
0.031 0.009 0.047
0.029 0.015 0.057
0.019 0.015 0.091
-0.007 0.027 0.089
-0.007 0.029 0.103
0.003 0.027 0.101
-0.003 0.029 0.103
0.007 0.025 0.115
0.015 0.021 0.105
0.015 0.027 0.105
-0.001 0.007 0.081
0.003 0.013 0.073
0.003 0.011 0.103
0.013 0.013 0.101
0.007 0.013 0.103
0.021 0.025 0.105
0.023 0.025 0.105
0.027 0.025 0.105
0.005 0.025 0.109
0.005 0.027 0.103
0.027 0.041 0.097
0.033 0.037 0.105
0.017 0.025 0.105
0.021 0.025 0.105
0.043 0.031 0.105
0.035 0.037 0.107
0.035 0.033 0.105
-0.017 -0.037 0.049
-0.027 -0.037 0.061
-0.017 -0.039 0.045
-0.021 -0.039 0.053
-0.009 -0.025 0.037
-0.001 -0.019 0.037
-0.003 -0.029 0.047
-0.003 -0.023 0.037
-0.003 -0.021 0.041
0.001 -0.009 0.039
0.003 -0.007 0.037
-0.029 -0.023 0.063
-0.009 -0.031 0.055
-0.005 -0.027 0.061
-0.003 -0.023 0.051
-0.015 -0.003 0.061
-0.019 -0.017 0.085
-0.029 -0.027 0.069
-0.011 -0.019 0.069
-0.001 -0.001 0.071
-0.003 -0.001 0.079
-0.013 -0.011 0.085
0.007 -0.015 0.033
-0.013 -0.005 0.059
0.003 0.001 0.069
0.001 0.001 0.075
-0.009 -0.007 0.081
-0.005 0.007 0.085
0.041 0.009 0.035
0.031 0.005 0.043
0.031 0.005 0.045
0.033 0.005 0.037
0.003 0.001 0.063
0.029 0.013 0.055
0.027 0.013 0.055
0.041 0.013 0.043
0.037 0.023 0.041
0.035 0.031 0.037
0.039 0.029 0.045
0.027 0.049 0.035
0.037 0.023 0.053
0.037 0.031 0.043
0.001 0.003 0.079
0.005 0.015 0.065
0.015 0.017 0.079
0.025 0.023 0.075
0.019 0.019 0.065
0.021 0.019 0.075
0.019 0.015 0.085
0.037 0.025 0.087
0.039 0.027 0.095
0.043 0.041 0.083
0.045 0.029 0.089
0.017 0.015 0.101
0.027 0.021 0.103
0.029 0.025 0.103
0.029 0.023 0.103
0.041 0.029 0.097
-0.035 -0.023 0.033
-0.035 -0.005 0.039
-0.031 -0.013 0.045
-0.027 -0.013 0.047
-0.035 0.003 0.039
-0.031 -0.009 0.049
-0.031 -0.007 0.051
-0.027 0.001 0.049
-0.031 -0.019 0.061
-0.033 -0.015 0.061
-0.029 -0.021 0.059
-0.029 -0.013 0.053
-0.037 -0.023 0.065
-0.033 -0.011 0.059
-0.035 -0.011 0.061
-0.025 -0.001 0.065
-0.033 -0.005 0.057
-0.031 -0.001 0.057
-0.039 -0.021 0.073
-0.041 -0.029 0.075
-0.035 -0.005 0.071
-0.035 -0.007 0.079
-0.039 -0.025 0.085
-0.035 -0.015 0.077
-0.037 -0.013 0.071
-0.033 -0.003 0.069
-0.033 -0.017 0.083
-0.031 -0.009 0.089
-0.027 -0.001 0.089
-0.033 -0.009 0.043
-0.025 0.005 0.049
-0.025 0.005 0.049
-0.033 0.007 0.041
-0.027 0.003 0.047
-0.035 0.003 0.039
-0.009 0.001 0.059
-0.009 0.019 0.051
-0.015 0.005 0.065
-0.019 0.009 0.087
-0.007 0.027 0.093
-0.031 0.009 0.041
0.001 0.009 0.033
-0.023 0.005 0.051
-0.027 0.007 0.045
-0.003 0.031 0.037
-0.013 0.013 0.057
0.013 0.031 0.061
-0.009 0.017 0.047
-0.009 0.013 0.049
-0.005 0.025 0.053
0.015 0.045 0.037
0.005 0.037 0.037
0.009 0.039 0.039
0.013 0.033 0.063
0.009 0.035 0.051
-0.021 0.005 0.073
-0.017 0.013 0.077
-0.007 0.017 0.069
0.001 0.025 0.085
0.001 0.033 0.091
0.001 0.033 0.091
0.001 0.011 0.103
0.003 0.015 0.097
0.003 0.023 0.103
0.005 0.035 0.103
0.003 0.033 0.105
0.027 0.041 0.097
-0.017 -0.035 0.033
-0.015 -0.037 0.037
-0.015 -0.037 0.043
-0.027 -0.039 0.057
-0.037 -0.031 0.063
-0.037 -0.031 0.063
-0.023 -0.041 0.049
-0.019 -0.039 0.047
-0.027 -0.041 0.051
-0.009 -0.025 0.041
-0.029 -0.037 0.041
-0.021 -0.041 0.041
-0.007 -0.025 0.041
-0.005 -0.025 0.041
-0.007 -0.031 0.049
-0.009 -0.029 0.047
-0.011 -0.027 0.049
-0.007 -0.031 0.053
-0.013 -0.009 0.059
-0.041 -0.035 0.085
-0.041 -0.033 0.077
-0.039 -0.031 0.073
-0.039 -0.035 0.085
-0.019 -0.019 0.079
-0.019 -0.019 0.071
-0.021 -0.019 0.071
-0.023 -0.021 0.075
-0.003 -0.027 0.043
-0.009 -0.029 0.047
-0.015 -0.013 0.057
-0.013 -0.025 0.063
-0.021 -0.019 0.083
-0.009 -0.003 0.089
-0.003 -0.029 0.049
0.009 0.005 0.059
-0.005 -0.029 0.059
0.039 0.007 0.043
0.033 0.005 0.041
-0.005 -0.029 0.047
0.013 -0.003 0.041
0.007 -0.001 0.043
0.009 -0.001 0.043
0.007 0.011 0.085
0.001 0.017 0.085
0.011 0.015 0.083
0.021 0.017 0.095
0.039 0.027 0.089
0.023 0.019 0.071
0.043 0.027 0.085
0.037 0.027 0.089
0.041 0.033 0.091
0.013 0.015 0.105
0.023 0.021 0.103
0.027 0.021 0.099
0.029 0.023 0.099
0.035 0.023 0.099
-0.001 0.009 0.097
0.021 0.021 0.105
0.039 0.025 0.101
-0.029 -0.041 0.047
-0.023 -0.041 0.051
-0.021 -0.041 0.045
-0.011 -0.029 0.033
-0.003 -0.023 0.037
-0.015 -0.037 0.039
-0.007 -0.023 0.037
-0.011 -0.031 0.055
-0.013 -0.027 0.059
-0.039 -0.033 0.081
-0.035 -0.033 0.065
-0.035 -0.031 0.083
-0.029 -0.021 0.073
-0.019 -0.019 0.075
-0.011 -0.025 0.065
-0.023 -0.021 0.067
-0.019 -0.039 0.041
-0.003 -0.017 0.047
-0.003 -0.011 0.043
-0.007 0.003 0.051
-0.005 -0.027 0.061
0.001 -0.001 0.057
-0.009 -0.021 0.067
-0.013 -0.007 0.075
-0.011 -0.001 0.067
-0.001 0.001 0.081
0.027 0.015 0.033
0.033 0.003 0.035
0.013 0.001 0.047
0.033 0.005 0.037
0.037 0.007 0.033
0.039 0.007 0.039
0.017 -0.001 0.039
0.011 -0.003 0.043
0.023 0.001 0.039
0.033 0.005 0.043
0.033 0.013 0.047
0.023 0.017 0.059
0.037 0.007 0.041
0.009 0.019 0.069
0.039 0.027 0.087
0.047 0.031 0.089
0.029 0.023 0.069
0.021 0.017 0.091
0.009 0.011 0.101
0.023 0.023 0.105
0.009 0.011 0.101
0.019 0.017 0.101
0.035 0.027 0.101
-0.015 -0.037 0.045
-0.017 -0.039 0.045
-0.013 -0.035 0.041
-0.005 -0.031 0.055
-0.003 -0.025 0.039
-0.003 -0.013 0.043
-0.005 -0.029 0.059
-0.005 -0.023 0.061
-0.009 -0.019 0.063
-0.023 -0.021 0.079
-0.035 -0.031 0.085
-0.037 -0.033 0.085
-0.017 -0.007 0.073
-0.017 -0.007 0.073
-0.015 -0.013 0.079
0.001 -0.001 0.061
0.025 0.009 0.051
-0.007 -0.013 0.051
0.013 -0.001 0.045
0.017 0.013 0.055
0.001 -0.001 0.057
-0.005 -0.001 0.065
-0.001 -0.001 0.063
-0.005 -0.003 0.071
-0.007 -0.003 0.087
0.005 0.019 0.109
0.031 0.007 0.047
0.029 0.005 0.043
0.033 0.005 0.041
0.025 0.013 0.055
0.015 0.009 0.053
0.003 0.001 0.057
0.009 0.009 0.059
0.023 0.017 0.061
0.035 0.011 0.045
0.043 0.011 0.039
0.031 0.019 0.059
0.039 0.029 0.047
0.037 0.027 0.047
0.039 0.031 0.049
0.039 0.031 0.049
0.023 0.021 0.077
0.029 0.019 0.085
0.003 0.009 0.095
0.013 0.013 0.091
0.033 0.021 0.085
0.033 0.021 0.097
0.035 0.023 0.085
0.047 0.029 0.087
0.031 0.035 0.065
0.037 0.025 0.101
0.041 0.029 0.089
0.013 0.015 0.103
0.017 0.015 0.105
0.025 0.021 0.103
0.043 0.035 0.103
-0.031 -0.015 0.031
-0.031 -0.031 0.043
-0.029 0.007 0.043
-0.019 0.005 0.045
-0.035 0.005 0.037
-0.035 0.005 0.037
-0.033 -0.005 0.045
-0.031 -0.003 0.047
-0.027 0.009 0.039
-0.021 -0.001 0.063
-0.031 -0.001 0.055
-0.039 -0.025 0.073
-0.035 -0.015 0.079
-0.037 -0.011 0.073
-0.041 -0.027 0.083
-0.035 -0.011 0.081
-0.023 -0.003 0.069
-0.023 -0.003 0.069
-0.005 -0.007 0.035
-0.011 0.011 0.051
-0.007 0.021 0.055
-0.025 0.003 0.089
-0.009 0.027 0.101
-0.003 0.033 0.035
0.005 0.035 0.041
0.011 0.029 0.053
0.015 0.035 0.059
0.027 0.041 0.043
0.009 0.039 0.045
0.029 0.041 0.055
0.019 0.033 0.075
0.003 0.033 0.093
0.011 0.035 0.089
0.007 0.033 0.085
0.017 0.037 0.087
0.021 0.037 0.089
-0.007 0.029 0.101
-0.001 0.031 0.099
0.001 0.033 0.109
0.009 0.027 0.109
0.015 0.035 0.103
0.029 0.041 0.099
0.033 0.039 0.103
0.039 0.045 0.101
