-0.033 -0.005 0.039
0.009 0.003 0.089
-0.019 -0.005 0.047
-0.021 0.001 0.037
-0.001 -0.017 0.081
-0.017 -0.015 0.095
-0.001 -0.021 0.109
-0.001 -0.023 0.109
0.001 -0.009 0.103
0.019 0.017 0.083
0.023 0.017 0.087
0.025 0.013 0.089
0.001 -0.021 0.085
0.013 0.025 0.063
0.019 0.017 0.057
0.017 0.017 0.069
0.013 0.011 0.055
0.029 0.029 0.069
0.043 0.035 0.085
0.015 0.007 0.091
0.037 0.031 0.089
-0.029 -0.045 0.035
-0.037 -0.013 0.043
-0.037 -0.029 0.059
-0.037 -0.033 0.041
-0.033 -0.019 0.053
-0.013 -0.035 0.085
-0.001 -0.033 0.101
-0.007 -0.027 0.107
0.003 -0.029 0.043
0.013 -0.017 0.067
0.001 -0.031 0.087
-0.033 -0.041 0.085
-0.027 -0.039 0.065
-0.021 -0.037 0.065
-0.019 -0.037 0.067
-0.029 -0.033 0.071
-0.019 -0.033 0.077
-0.013 -0.035 0.103
-0.013 -0.041 0.043
-0.015 -0.043 0.037
-0.009 -0.039 0.045
0.001 -0.025 0.045
-0.013 -0.027 0.057
-0.035 -0.041 0.083
-0.013 -0.033 0.065
-0.029 -0.041 0.093
-0.031 -0.041 0.083
-0.019 -0.035 0.073
-0.003 -0.025 0.075
-0.011 -0.035 0.091
-0.005 -0.035 0.099
-0.007 -0.035 0.103
0.005 -0.013 0.085
0.003 -0.021 0.109
0.009 -0.017 0.109
0.009 -0.017 0.113
0.035 -0.007 0.033
0.035 -0.007 0.033
0.035 -0.007 0.033
0.033 0.015 0.031
0.033 0.013 0.041
0.029 0.001 0.065
0.031 0.003 0.087
0.035 0.011 0.065
-0.043 -0.009 0.039
-0.029 -0.019 0.061
-0.021 -0.005 0.047
-0.009 -0.001 0.049
-0.025 -0.019 0.063
-0.023 -0.019 0.069
-0.025 -0.009 0.051
-0.043 -0.025 0.083
-0.043 -0.027 0.087
-0.033 -0.021 0.083
-0.033 -0.021 0.085
-0.023 -0.017 0.087
-0.027 -0.021 0.099
-0.005 -0.001 0.055
-0.003 -0.003 0.073
-0.001 -0.009 0.077
0.003 -0.001 0.083
0.007 -0.001 0.089
0.009 0.003 0.089
0.007 -0.007 0.089
0.015 0.001 0.093
-0.009 -0.021 0.107
0.003 0.015 0.043
0.007 0.013 0.051
0.015 0.037 0.045
0.023 0.035 0.057
0.025 0.017 0.087
0.023 0.021 0.079
0.035 0.031 0.081
0.035 0.031 0.085
-0.033 -0.027 0.063
-0.031 -0.021 0.061
-0.027 -0.043 0.037
-0.031 -0.041 0.045
-0.035 -0.035 0.061
-0.029 -0.013 0.055
-0.039 -0.037 0.105
-0.049 -0.031 0.085
-0.015 -0.017 0.107
-0.037 -0.035 0.107
-0.029 -0.033 0.103
-0.025 -0.023 0.105
-0.009 -0.027 0.111
-0.013 -0.013 0.107
-0.039 -0.027 0.089
-0.039 -0.029 0.089
-0.045 -0.035 0.093
-0.017 -0.017 0.105
-0.011 -0.013 0.109
0.005 0.011 0.049
0.009 0.017 0.053
0.013 0.011 0.051
-0.003 -0.001 0.069
0.005 0.001 0.083
0.007 0.025 0.063
0.007 0.027 0.061
0.017 0.017 0.071
0.013 0.011 0.087
0.033 0.025 0.087
0.029 0.015 0.089
0.033 0.027 0.083
-0.013 -0.019 0.067
0.013 0.023 0.065
-0.027 -0.019 0.087
-0.025 -0.019 0.091
-0.037 -0.025 0.083
0.003 0.001 0.079
0.009 0.007 0.085
0.003 0.003 0.075
-0.001 -0.009 0.093
-0.027 -0.021 0.099
-0.007 -0.021 0.103
-0.009 -0.015 0.105
0.001 -0.017 0.109
0.011 0.021 0.049
0.007 -0.025 0.095
0.009 -0.017 0.109
0.025 0.037 0.035
0.019 0.041 0.043
0.027 0.041 0.051
0.011 0.031 0.055
0.011 0.031 0.057
0.011 0.027 0.051
0.021 0.041 0.047
0.027 0.041 0.053
0.029 0.021 0.077
0.023 0.011 0.091
-0.007 -0.037 0.039
-0.009 -0.039 0.047
-0.015 -0.035 0.059
0.013 -0.013 0.083
-0.003 -0.031 0.043
-0.005 -0.019 0.063
0.021 -0.009 0.083
0.021 -0.007 0.087
-0.015 -0.037 0.101
0.001 -0.033 0.097
0.001 -0.025 0.097
-0.001 -0.023 0.077
0.007 -0.029 0.087
0.001 -0.019 0.083
-0.001 -0.017 0.091
-0.011 -0.031 0.105
0.001 -0.019 0.111
0.029 -0.003 0.045
0.007 -0.029 0.097
0.009 -0.027 0.095
0.015 -0.013 0.083
0.013 -0.005 0.093
0.025 -0.005 0.087
0.033 0.009 0.087
0.041 0.025 0.079
0.031 0.001 0.079
0.031 0.005 0.087
0.033 0.009 0.087
0.029 0.013 0.091
0.035 0.019 0.077
0.035 0.025 0.087
0.025 0.017 0.045
0.017 -0.011 0.071
0.007 -0.021 0.045
0.033 0.003 0.071
0.033 0.009 0.045
-0.001 -0.023 0.099
0.003 -0.025 0.095
0.027 0.003 0.091
0.001 -0.017 0.091
0.001 -0.009 0.097
-0.003 -0.025 0.101
0.001 -0.009 0.103
0.015 -0.015 0.069
0.017 -0.013 0.071
0.025 -0.005 0.087
0.031 0.031 0.037
0.033 0.033 0.047
0.035 0.031 0.055
0.027 0.037 0.059
0.043 0.033 0.077
0.031 0.017 0.089
0.039 0.027 0.073
-0.011 0.003 0.041
-0.013 -0.001 0.049
-0.013 -0.021 0.061
-0.045 -0.033 0.091
-0.017 -0.017 0.073
-0.021 -0.017 0.095
-0.025 -0.027 0.075
-0.003 -0.017 0.081
-0.025 -0.019 0.095
-0.005 -0.009 0.091
0.011 0.029 0.053
0.007 0.003 0.071
0.007 0.003 0.087
0.019 0.019 0.047
0.005 0.001 0.063
0.011 0.029 0.059
0.029 0.029 0.069
0.007 0.001 0.067
0.033 0.027 0.081
0.009 -0.005 0.051
-0.011 -0.027 0.063
0.023 -0.003 0.075
-0.007 -0.035 0.101
-0.001 -0.031 0.103
-0.009 -0.029 0.105
0.003 -0.013 0.037
0.017 -0.011 0.069
0.023 -0.007 0.087
0.033 0.007 0.041
0.031 0.001 0.049
0.033 0.001 0.043
0.027 0.015 0.045
0.029 0.017 0.043
0.025 0.023 0.043
0.027 0.027 0.045
0.021 0.023 0.047
0.031 0.029 0.041
0.033 0.017 0.087
0.035 0.009 0.071
0.037 0.011 0.071
0.035 0.009 0.083
0.039 0.025 0.083
0.005 -0.013 0.041
-0.001 -0.023 0.055
0.013 -0.015 0.063
-0.007 -0.035 0.093
-0.007 -0.031 0.077
0.011 -0.017 0.073
-0.001 -0.031 0.085
0.003 -0.031 0.091
0.005 -0.029 0.089
-0.009 -0.033 0.083
-0.001 -0.027 0.083
-0.003 -0.013 0.091
-0.027 -0.037 0.099
-0.019 -0.039 0.101
-0.013 -0.037 0.097
0.007 -0.029 0.097
0.003 -0.029 0.103
-0.003 -0.013 0.099
0.033 -0.007 0.039
0.005 -0.023 0.051
0.009 -0.015 0.079
0.027 -0.003 0.085
0.033 -0.003 0.041
0.031 0.025 0.043
0.025 -0.003 0.053
0.033 0.005 0.045
0.033 0.005 0.077
0.041 0.033 0.087
-0.015 -0.041 0.043
-0.007 -0.025 0.053
-0.011 -0.031 0.053
-0.025 -0.037 0.069
-0.011 -0.033 0.077
-0.025 -0.033 0.073
-0.005 -0.027 0.071
-0.009 -0.031 0.081
0.001 -0.023 0.083
-0.013 -0.035 0.103
-0.007 -0.035 0.105
-0.007 -0.027 0.109
0.017 -0.001 0.059
0.017 -0.013 0.071
0.033 -0.007 0.041
0.027 -0.001 0.061
0.029 -0.001 0.059
0.027 -0.003 0.085
0.027 0.003 0.091
-0.037 -0.021 0.045
-0.031 -0.041 0.045
-0.037 -0.023 0.041
-0.031 -0.023 0.065
-0.041 -0.037 0.103
-0.015 -0.025 0.105
-0.027 -0.019 0.067
-0.047 -0.029 0.085
-0.005 -0.009 0.069
-0.043 -0.029 0.089
-0.009 -0.011 0.101
0.007 0.013 0.051
0.005 0.007 0.045
0.005 0.013 0.049
0.005 0.021 0.055
0.015 0.013 0.057
0.013 0.035 0.039
-0.001 -0.005 0.079
0.031 0.027 0.071
-0.039 -0.011 0.031
-0.031 -0.031 0.033
-0.027 -0.049 0.035
-0.025 -0.045 0.039
-0.027 -0.043 0.039
-0.037 -0.033 0.049
-0.027 -0.039 0.065
-0.047 -0.029 0.085
-0.021 -0.017 0.067
-0.029 -0.019 0.085
-0.041 -0.039 0.103
-0.017 -0.015 0.099
-0.013 -0.003 0.045
-0.001 -0.003 0.079
-0.029 -0.021 0.095
0.001 -0.019 0.111
0.003 0.021 0.037
0.011 0.031 0.039
0.005 0.021 0.057
0.019 0.019 0.079
0.031 0.025 0.073
0.031 0.027 0.071
0.007 -0.021 0.061
-0.005 -0.017 0.099
0.013 0.007 0.091
-0.023 -0.033 0.105
-0.007 -0.021 0.109
0.001 -0.027 0.101
-0.017 -0.033 0.105
-0.023 -0.025 0.105
0.013 -0.015 0.113
0.001 -0.019 0.083
0.031 0.001 0.083
0.023 -0.005 0.051
0.019 -0.011 0.083
0.029 -0.001 0.085
0.029 -0.001 0.083
-0.013 0.003 0.043
0.013 0.019 0.073
0.011 0.019 0.071
0.035 0.029 0.087
0.033 0.001 0.041
0.041 0.025 0.081
0.025 0.041 0.051
0.043 0.037 0.081
0.033 0.023 0.081
0.029 0.007 0.091
-0.023 -0.023 0.105
-0.039 -0.013 0.043
-0.037 -0.011 0.045
-0.039 -0.031 0.105
-0.021 -0.031 0.105
-0.031 -0.033 0.103
-0.013 -0.013 0.093
-0.005 -0.013 0.069
-0.019 -0.019 0.103
-0.037 -0.033 0.107
-0.001 -0.033 0.109
-0.039 -0.031 0.105
-0.029 -0.027 0.103
0.009 0.001 0.089
0.001 -0.027 0.101
0.023 0.001 0.093
0.009 -0.015 0.113
-0.007 0.015 0.037
0.023 0.019 0.047
0.003 0.013 0.045
0.025 0.031 0.061
0.029 0.041 0.049
0.031 0.037 0.061
0.027 0.035 0.061
0.017 0.015 0.083
0.029 0.029 0.069
-0.025 -0.049 0.035
-0.007 -0.039 0.035
-0.037 -0.033 0.041
-0.029 -0.039 0.039
-0.007 -0.037 0.039
-0.027 -0.041 0.059
-0.019 -0.037 0.061
-0.035 -0.037 0.041
-0.037 -0.037 0.049
-0.033 -0.039 0.051
-0.007 -0.037 0.039
-0.003 -0.025 0.051
-0.031 -0.039 0.061
-0.011 -0.031 0.065
-0.041 -0.041 0.089
-0.003 -0.027 0.077
-0.027 -0.039 0.091
-0.035 -0.043 0.097
-0.031 -0.037 0.103
-0.013 -0.035 0.103
-0.003 -0.033 0.109
0.001 -0.029 0.043
0.007 -0.019 0.065
0.019 -0.011 0.081
-0.001 -0.027 0.045
0.007 -0.021 0.051
0.007 -0.021 0.053
0.009 -0.013 0.083
0.025 -0.003 0.089
-0.037 -0.035 0.055
-0.007 -0.037 0.047
-0.023 -0.041 0.045
-0.017 -0.035 0.033
-0.019 -0.051 0.037
-0.013 -0.037 0.093
-0.029 -0.039 0.083
-0.019 -0.037 0.089
0.001 -0.031 0.089
0.029 -0.001 0.083
0.007 -0.027 0.035
0.003 -0.029 0.039
0.011 -0.003 0.045
0.005 0.007 0.035
0.007 0.005 0.039
0.033 -0.007 0.035
0.015 0.001 0.059
0.019 -0.011 0.077
0.015 -0.005 0.065
-0.023 -0.001 0.037
-0.027 -0.043 0.035
-0.033 -0.017 0.053
-0.037 -0.025 0.039
-0.035 -0.005 0.035
-0.007 -0.015 0.063
-0.049 -0.031 0.087
-0.047 -0.033 0.089
-0.027 -0.019 0.095
-0.005 -0.013 0.067
-0.013 -0.015 0.075
-0.011 -0.013 0.085
-0.013 -0.015 0.105
-0.023 -0.005 0.045
-0.003 -0.013 0.071
-0.009 -0.011 0.093
-0.001 -0.017 0.109
-0.017 0.005 0.035
0.011 0.029 0.035
0.019 0.039 0.037
0.027 0.037 0.061
0.017 0.009 0.069
-0.001 0.001 0.071
0.035 0.015 0.079
0.027 0.031 0.065
0.033 0.035 0.063
0.025 0.017 0.085
-0.009 -0.017 0.103
-0.005 -0.019 0.105
-0.003 -0.021 0.101
0.027 0.013 0.091
0.025 0.007 0.095
0.025 0.009 0.095
0.023 0.013 0.089
-0.007 -0.011 0.085
-0.001 -0.011 0.087
0.007 -0.015 0.109
-0.025 -0.023 0.105
0.041 0.023 0.077
0.031 0.015 0.089
0.001 -0.009 0.103
0.023 0.039 0.053
0.031 0.011 0.047
0.033 0.007 0.057
0.037 0.029 0.065
0.035 0.013 0.037
0.023 0.041 0.049
0.021 0.041 0.045
0.033 0.033 0.049
0.019 0.017 0.083
0.043 0.037 0.079
0.039 0.027 0.085
-0.017 0.005 0.035
-0.039 -0.013 0.043
-0.033 -0.009 0.045
-0.029 -0.019 0.061
-0.025 -0.007 0.047
-0.023 -0.001 0.037
-0.013 -0.019 0.057
-0.031 -0.033 0.103
-0.029 -0.027 0.101
-0.011 -0.013 0.103
-0.009 -0.015 0.107
-0.015 -0.015 0.105
0.013 0.007 0.057
0.011 0.029 0.041
0.001 -0.005 0.081
0.007 0.029 0.045
0.011 0.029 0.051
0.005 0.029 0.047
0.019 0.039 0.045
0.025 0.017 0.053
0.003 0.027 0.053
0.003 0.025 0.055
0.017 0.011 0.075
0.017 0.017 0.075
0.013 0.009 0.089
0.033 0.033 0.065
