-0.035 -0.005 0.035
-0.017 -0.005 0.045
-0.013 0.003 0.041
-0.011 0.005 0.039
-0.035 -0.029 0.063
-0.017 -0.007 0.047
-0.011 -0.007 0.057
-0.019 -0.017 0.067
-0.035 -0.007 0.045
-0.037 -0.021 0.045
-0.033 -0.005 0.041
-0.027 -0.003 0.041
-0.007 -0.003 0.057
-0.029 -0.005 0.041
-0.025 -0.005 0.043
-0.023 -0.003 0.041
-0.031 -0.003 0.037
-0.019 0.001 0.037
-0.013 0.003 0.039
-0.029 -0.019 0.059
-0.017 -0.019 0.057
-0.019 -0.019 0.063
-0.003 -0.001 0.065
-0.029 -0.011 0.053
-0.009 -0.009 0.061
-0.007 -0.003 0.057
-0.005 -0.001 0.061
-0.045 -0.029 0.089
-0.043 -0.029 0.089
-0.045 -0.035 0.093
-0.025 -0.023 0.075
-0.017 -0.015 0.083
-0.029 -0.023 0.093
-0.023 -0.019 0.089
-0.029 -0.023 0.099
-0.023 -0.019 0.099
-0.023 -0.021 0.103
-0.021 -0.019 0.101
-0.005 -0.009 0.101
-0.047 -0.027 0.085
-0.033 -0.021 0.097
-0.009 -0.015 0.077
-0.011 -0.019 0.069
-0.015 -0.017 0.071
-0.007 -0.015 0.079
-0.025 -0.019 0.089
-0.023 -0.019 0.101
-0.021 -0.017 0.099
-0.005 -0.009 0.099
-0.005 -0.009 0.089
-0.035 -0.027 0.101
-0.035 -0.027 0.101
-0.039 -0.035 0.105
-0.035 -0.035 0.107
-0.031 -0.029 0.101
-0.001 -0.017 0.107
-0.007 -0.011 0.103
-0.005 -0.019 0.109
-0.013 -0.013 0.107
-0.003 -0.009 0.099
0.001 -0.003 0.043
0.001 -0.001 0.047
0.011 0.029 0.053
0.009 -0.001 0.061
0.009 0.021 0.067
0.013 -0.003 0.061
0.017 0.017 0.067
0.025 0.037 0.059
0.001 -0.001 0.079
0.003 -0.005 0.083
0.001 -0.007 0.081
0.011 0.009 0.085
0.011 0.009 0.087
0.011 0.007 0.089
0.017 0.017 0.079
0.021 0.017 0.085
0.001 -0.007 0.095
0.009 -0.005 0.091
0.021 0.011 0.091
0.007 -0.015 0.113
-0.001 0.017 0.037
0.011 0.025 0.045
0.009 0.027 0.037
0.009 0.031 0.051
0.019 0.033 0.053
0.019 0.037 0.051
0.025 0.041 0.051
0.007 0.023 0.037
0.005 0.029 0.047
0.013 0.035 0.043
0.029 0.037 0.041
0.025 0.039 0.055
0.017 0.033 0.049
0.023 0.039 0.053
0.011 0.025 0.063
0.019 0.015 0.051
0.009 0.031 0.057
0.009 0.031 0.057
0.013 0.027 0.057
0.017 0.033 0.049
0.027 0.031 0.065
0.029 0.033 0.065
0.025 0.039 0.057
0.033 0.029 0.035
0.035 0.033 0.063
0.027 0.041 0.045
0.009 0.007 0.081
0.011 0.009 0.081
0.017 0.017 0.069
0.029 0.031 0.067
0.019 0.019 0.077
0.029 0.021 0.079
0.021 0.005 0.095
0.021 0.011 0.091
0.017 0.013 0.089
0.033 0.027 0.073
0.035 0.027 0.075
0.003 -0.031 0.037
0.005 -0.029 0.035
0.005 -0.025 0.035
-0.015 -0.047 0.037
-0.015 -0.043 0.035
-0.023 -0.041 0.045
-0.025 -0.041 0.059
0.003 -0.025 0.045
-0.013 -0.033 0.061
-0.017 -0.037 0.063
-0.001 -0.009 0.035
0.001 -0.007 0.037
0.009 -0.015 0.047
-0.013 -0.031 0.055
-0.009 -0.027 0.053
-0.003 -0.023 0.055
0.001 -0.023 0.055
0.013 -0.015 0.059
0.015 -0.013 0.063
-0.037 -0.043 0.085
-0.037 -0.043 0.083
-0.027 -0.039 0.085
-0.015 -0.035 0.067
-0.013 -0.033 0.065
-0.013 -0.033 0.075
-0.023 -0.037 0.085
-0.019 -0.037 0.081
-0.005 -0.033 0.091
-0.005 -0.033 0.093
-0.011 -0.033 0.071
-0.005 -0.029 0.077
-0.011 -0.031 0.065
-0.007 -0.025 0.067
-0.003 -0.019 0.073
-0.001 -0.017 0.073
0.017 -0.013 0.075
-0.007 -0.033 0.085
0.005 -0.027 0.091
0.001 -0.029 0.085
-0.001 -0.023 0.081
0.001 -0.019 0.085
0.001 -0.017 0.091
-0.029 -0.043 0.097
-0.023 -0.039 0.103
-0.015 -0.035 0.105
-0.001 -0.033 0.107
-0.005 -0.035 0.097
-0.015 -0.037 0.101
0.003 -0.031 0.101
-0.005 -0.035 0.103
-0.003 -0.035 0.105
-0.003 -0.025 0.105
-0.005 -0.015 0.099
-0.005 -0.015 0.101
-0.001 -0.011 0.101
0.005 -0.029 0.037
0.001 -0.019 0.033
0.033 -0.007 0.041
0.005 -0.025 0.051
0.009 -0.007 0.051
0.019 -0.005 0.049
0.023 -0.005 0.051
0.023 -0.005 0.051
0.015 -0.015 0.071
0.013 -0.015 0.079
0.017 -0.013 0.075
0.007 -0.027 0.087
0.015 -0.007 0.089
0.005 -0.019 0.107
0.005 -0.011 0.039
0.027 0.009 0.033
0.035 0.015 0.031
0.027 -0.009 0.037
0.033 -0.005 0.039
0.033 -0.001 0.041
0.035 -0.001 0.035
0.033 0.009 0.041
0.035 0.011 0.037
0.035 0.013 0.035
0.031 0.011 0.047
0.033 0.009 0.045
0.031 0.009 0.049
0.031 0.029 0.045
0.031 0.003 0.051
0.031 0.007 0.053
0.035 0.013 0.063
0.033 0.011 0.059
0.033 0.025 0.059
0.035 0.009 0.063
0.033 0.017 0.063
0.033 0.037 0.051
0.033 0.033 0.047
0.033 0.003 0.067
0.023 0.003 0.071
0.035 0.011 0.067
0.035 0.021 0.065
0.033 0.007 0.085
0.029 0.011 0.091
0.041 0.023 0.079
0.033 0.007 0.085
0.041 0.029 0.085
-0.035 -0.029 0.035
-0.033 -0.003 0.033
-0.041 -0.009 0.037
-0.029 -0.045 0.035
-0.027 -0.043 0.037
-0.035 -0.037 0.047
-0.023 -0.045 0.041
-0.037 -0.027 0.041
-0.037 -0.031 0.047
-0.035 -0.029 0.035
-0.035 -0.021 0.039
-0.035 -0.013 0.045
-0.035 -0.021 0.051
-0.035 -0.027 0.061
-0.041 -0.015 0.039
-0.035 -0.023 0.049
-0.043 -0.009 0.039
-0.033 -0.005 0.039
-0.019 -0.001 0.041
-0.033 -0.021 0.059
-0.029 -0.019 0.061
-0.027 -0.017 0.059
-0.031 -0.015 0.051
-0.027 -0.009 0.049
-0.029 -0.011 0.053
-0.027 -0.035 0.093
-0.027 -0.035 0.093
-0.031 -0.035 0.095
-0.019 -0.031 0.093
-0.025 -0.019 0.071
-0.025 -0.031 0.075
-0.005 -0.003 0.065
-0.013 -0.015 0.077
-0.039 -0.025 0.085
-0.039 -0.029 0.095
-0.037 -0.023 0.097
-0.029 -0.023 0.093
-0.003 -0.009 0.087
-0.043 -0.031 0.101
-0.043 -0.029 0.101
-0.027 -0.019 0.097
-0.027 -0.027 0.105
-0.021 -0.019 0.103
-0.011 -0.025 0.111
-0.017 -0.015 0.099
-0.011 -0.013 0.103
-0.043 -0.011 0.041
-0.033 -0.007 0.045
-0.013 0.001 0.045
-0.003 -0.001 0.049
-0.013 -0.001 0.045
-0.007 -0.017 0.061
-0.013 -0.009 0.055
-0.005 -0.001 0.059
-0.013 -0.001 0.045
-0.013 0.003 0.043
-0.003 -0.017 0.071
-0.001 -0.015 0.073
-0.015 -0.015 0.075
-0.005 -0.003 0.067
0.001 -0.007 0.081
-0.021 -0.017 0.095
0.007 -0.001 0.089
-0.015 0.001 0.043
0.001 0.021 0.035
0.005 0.015 0.039
-0.001 0.019 0.035
0.003 0.021 0.037
0.011 0.031 0.039
0.003 0.023 0.043
0.003 0.021 0.045
-0.001 0.001 0.059
0.015 0.013 0.061
0.017 0.015 0.063
0.005 0.031 0.055
0.005 0.027 0.057
0.005 0.031 0.053
0.011 0.017 0.065
0.025 0.031 0.061
0.015 0.037 0.039
0.001 0.001 0.075
0.017 0.007 0.069
0.009 0.001 0.067
0.005 0.003 0.075
0.009 0.007 0.085
0.015 0.011 0.089
0.015 0.015 0.081
0.017 0.015 0.085
0.017 0.015 0.087
0.011 0.001 0.091
0.025 0.011 0.093
0.011 0.017 0.069
0.011 0.023 0.067
0.013 0.011 0.085
0.033 0.023 0.081
0.033 0.025 0.081
0.029 0.033 0.065
0.021 -0.007 0.087
0.019 -0.005 0.091
-0.007 -0.023 0.111
-0.005 -0.019 0.109
-0.001 -0.017 0.091
0.003 -0.025 0.087
-0.003 -0.025 0.107
-0.003 -0.015 0.095
-0.001 -0.009 0.103
-0.035 -0.011 0.045
-0.029 -0.013 0.055
-0.001 -0.011 0.095
0.015 -0.005 0.091
-0.027 -0.003 0.041
-0.011 -0.011 0.093
-0.001 -0.009 0.103
0.009 -0.013 0.083
0.015 0.007 0.091
-0.023 -0.027 0.105
-0.023 -0.033 0.105
-0.003 -0.025 0.107
-0.015 -0.027 0.105
-0.015 -0.033 0.105
-0.009 -0.033 0.105
-0.037 -0.027 0.101
-0.001 -0.013 0.095
-0.003 -0.009 0.103
-0.005 -0.013 0.103
0.001 -0.009 0.103
0.001 -0.007 0.081
0.009 -0.009 0.091
-0.007 -0.025 0.115
-0.015 -0.021 0.105
-0.009 -0.015 0.107
-0.011 -0.013 0.109
0.001 -0.019 0.111
0.005 -0.027 0.103
0.001 -0.009 0.103
-0.001 -0.011 0.103
-0.019 -0.033 0.105
-0.005 -0.033 0.107
-0.015 -0.037 0.101
-0.035 -0.031 0.105
-0.027 -0.031 0.105
-0.009 -0.023 0.111
0.001 -0.009 0.103
-0.007 -0.025 0.115
0.005 -0.029 0.041
0.025 0.007 0.095
0.023 -0.007 0.087
0.025 0.005 0.093
0.025 -0.003 0.057
0.023 0.003 0.093
0.005 -0.013 0.085
0.007 -0.007 0.089
0.009 0.001 0.089
0.025 -0.005 0.087
0.025 -0.003 0.089
0.019 -0.011 0.079
0.019 -0.011 0.081
0.005 -0.011 0.087
0.009 -0.009 0.091
0.011 -0.009 0.091
0.017 -0.009 0.087
0.011 0.021 0.069
0.033 0.013 0.085
0.031 0.013 0.089
0.031 0.015 0.043
0.039 0.021 0.079
0.013 0.025 0.063
0.035 0.025 0.087
0.027 0.015 0.089
0.027 0.015 0.089
0.035 0.019 0.081
0.009 0.029 0.059
0.013 0.019 0.065
0.013 0.025 0.061
0.039 0.023 0.083
0.037 0.033 0.085
0.031 0.039 0.057
0.035 0.035 0.055
0.031 0.039 0.057
0.025 0.041 0.051
0.025 0.035 0.061
0.029 0.033 0.065
0.009 0.003 0.089
0.029 0.003 0.089
0.025 0.013 0.089
0.013 0.021 0.071
0.025 0.021 0.079
0.033 0.021 0.081
0.039 0.025 0.085
0.039 0.031 0.087
0.025 0.015 0.089
0.043 0.029 0.081
0.041 0.031 0.085
0.037 0.029 0.089
-0.017 -0.035 0.033
-0.031 -0.039 0.039
-0.033 -0.039 0.053
-0.015 -0.049 0.035
-0.015 -0.033 0.033
-0.007 -0.039 0.037
-0.025 -0.041 0.053
-0.033 -0.037 0.039
-0.027 -0.049 0.035
-0.029 -0.041 0.043
-0.031 -0.039 0.041
-0.021 -0.049 0.039
-0.009 -0.037 0.033
-0.007 -0.037 0.033
-0.015 -0.047 0.039
-0.013 -0.041 0.041
-0.005 -0.037 0.035
-0.005 -0.037 0.035
-0.011 -0.039 0.053
-0.015 -0.041 0.055
-0.011 -0.035 0.053
-0.001 -0.025 0.053
-0.033 -0.039 0.081
-0.037 -0.041 0.087
-0.043 -0.043 0.087
-0.015 -0.035 0.067
-0.027 -0.041 0.093
-0.009 -0.035 0.095
-0.029 -0.039 0.085
-0.023 -0.039 0.065
-0.015 -0.035 0.069
-0.017 -0.033 0.077
-0.009 -0.031 0.067
-0.005 -0.029 0.079
-0.003 -0.029 0.079
-0.021 -0.037 0.083
-0.015 -0.035 0.083
-0.019 -0.037 0.089
0.001 -0.031 0.085
-0.001 -0.033 0.093
-0.035 -0.043 0.099
-0.023 -0.039 0.097
-0.017 -0.037 0.097
-0.025 -0.037 0.099
-0.013 -0.037 0.097
-0.017 -0.037 0.103
-0.009 -0.027 0.111
-0.001 -0.031 0.105
-0.007 -0.035 0.103
-0.009 -0.035 0.101
0.005 -0.029 0.035
0.015 -0.013 0.063
0.023 -0.003 0.059
0.019 -0.011 0.079
0.021 -0.005 0.073
0.001 -0.031 0.087
0.003 -0.031 0.089
0.015 -0.011 0.085
0.021 0.003 0.031
0.035 -0.007 0.033
0.013 0.003 0.031
0.019 -0.005 0.047
0.029 -0.009 0.039
0.031 -0.007 0.037
0.005 0.007 0.039
0.017 -0.001 0.035
0.009 0.001 0.043
0.009 -0.015 0.047
0.005 -0.021 0.057
0.017 -0.001 0.059
0.031 0.003 0.053
0.031 0.003 0.057
0.011 -0.009 0.051
0.011 -0.017 0.055
0.031 0.001 0.057
0.037 -0.005 0.035
0.035 0.003 0.041
0.035 0.027 0.059
0.029 -0.009 0.039
0.033 0.001 0.043
0.025 -0.003 0.051
0.027 -0.003 0.053
0.013 -0.017 0.067
0.017 -0.013 0.071
0.019 0.003 0.067
0.015 -0.011 0.085
0.019 -0.009 0.087
0.019 -0.001 0.095
0.029 0.001 0.079
0.033 0.003 0.065
0.033 0.003 0.067
0.035 0.005 0.073
0.037 0.011 0.075
0.037 0.011 0.073
0.037 0.013 0.071
0.037 0.023 0.065
0.037 0.011 0.073
0.039 0.021 0.075
0.035 0.009 0.083
0.043 0.031 0.083
