-0.039 -0.017 0.039
-0.039 -0.017 0.041
-0.019 -0.043 0.051
-0.017 -0.043 0.051
-0.015 -0.043 0.051
-0.027 -0.039 0.065
-0.027 -0.039 0.065
-0.037 -0.031 0.059
-0.037 -0.031 0.059
-0.035 -0.029 0.063
-0.033 -0.037 0.063
-0.029 -0.037 0.067
-0.035 -0.037 0.047
-0.035 -0.039 0.049
-0.037 -0.037 0.049
-0.033 -0.039 0.053
-0.025 -0.049 0.037
-0.019 -0.049 0.039
-0.029 -0.045 0.035
-0.025 -0.047 0.039
-0.023 -0.045 0.041
-0.031 -0.041 0.045
-0.027 -0.041 0.045
-0.031 -0.041 0.049
-0.019 -0.043 0.049
-0.023 -0.041 0.047
-0.019 -0.041 0.045
-0.017 -0.043 0.051
-0.011 -0.041 0.049
-0.015 -0.043 0.051
-0.017 -0.043 0.051
-0.029 -0.041 0.053
-0.025 -0.041 0.059
-0.027 -0.041 0.059
-0.025 -0.039 0.061
-0.029 -0.039 0.063
-0.013 -0.041 0.053
-0.013 -0.041 0.053
-0.021 -0.039 0.063
-0.013 -0.037 0.055
-0.017 -0.037 0.067
-0.019 -0.037 0.069
-0.037 -0.033 0.043
-0.037 -0.033 0.045
-0.039 -0.029 0.051
-0.039 -0.029 0.051
-0.041 -0.013 0.043
-0.039 -0.013 0.043
-0.041 -0.011 0.043
-0.039 -0.015 0.043
-0.035 -0.015 0.045
-0.037 -0.031 0.051
-0.037 -0.033 0.057
-0.037 -0.025 0.055
-0.037 -0.027 0.059
-0.035 -0.025 0.057
-0.037 -0.031 0.059
-0.037 -0.027 0.059
-0.035 -0.031 0.063
-0.035 -0.025 0.061
-0.045 -0.041 0.085
-0.039 -0.031 0.049
-0.037 -0.035 0.055
-0.023 -0.041 0.051
-0.021 -0.041 0.053
-0.015 -0.039 0.055
-0.019 -0.039 0.059
-0.023 -0.039 0.065
-0.005 -0.029 0.047
-0.009 -0.033 0.051
-0.037 -0.031 0.059
-0.031 -0.013 0.049
-0.035 -0.023 0.057
-0.029 -0.009 0.047
-0.049 -0.039 0.091
-0.047 -0.039 0.093
-0.025 -0.035 0.071
-0.045 -0.043 0.085
-0.041 -0.043 0.101
-0.039 -0.043 0.103
-0.045 -0.041 0.087
-0.045 -0.039 0.089
-0.043 -0.041 0.089
-0.043 -0.041 0.089
-0.041 -0.041 0.089
-0.021 -0.037 0.069
-0.021 -0.037 0.069
-0.011 -0.035 0.053
-0.037 -0.041 0.089
-0.033 -0.039 0.087
-0.033 -0.043 0.095
-0.027 -0.039 0.085
-0.019 -0.037 0.081
-0.019 -0.037 0.083
-0.033 -0.043 0.095
-0.017 -0.037 0.083
-0.043 -0.039 0.091
-0.043 -0.039 0.091
-0.041 -0.041 0.089
-0.039 -0.033 0.089
-0.041 -0.041 0.101
-0.041 -0.043 0.103
-0.039 -0.043 0.103
-0.033 -0.043 0.097
-0.039 -0.043 0.103
-0.035 -0.039 0.105
-0.043 -0.043 0.087
-0.041 -0.041 0.089
-0.045 -0.041 0.087
-0.049 -0.039 0.091
-0.037 -0.043 0.085
-0.039 -0.043 0.087
-0.049 -0.039 0.093
-0.049 -0.037 0.093
-0.047 -0.037 0.093
-0.037 -0.037 0.089
-0.037 -0.035 0.089
-0.039 -0.045 0.101
-0.039 -0.045 0.101
-0.031 -0.035 0.067
-0.025 -0.037 0.069
-0.033 -0.041 0.083
-0.019 -0.037 0.069
-0.017 -0.035 0.073
-0.015 -0.035 0.073
-0.029 -0.039 0.085
-0.033 -0.043 0.095
-0.021 -0.037 0.085
-0.029 -0.043 0.097
-0.027 -0.041 0.097
-0.031 -0.043 0.099
-0.027 -0.041 0.097
-0.031 -0.041 0.099
-0.023 -0.041 0.095
-0.021 -0.039 0.095
-0.025 -0.039 0.097
-0.011 -0.035 0.087
-0.013 -0.037 0.093
-0.017 -0.037 0.095
-0.015 -0.037 0.097
-0.013 -0.037 0.097
-0.013 -0.037 0.099
-0.007 -0.035 0.097
-0.049 -0.033 0.087
-0.047 -0.033 0.089
-0.047 -0.031 0.089
-0.045 -0.039 0.093
-0.037 -0.029 0.089
-0.041 -0.031 0.097
-0.041 -0.043 0.087
-0.043 -0.041 0.089
-0.041 -0.039 0.091
-0.041 -0.039 0.091
-0.041 -0.041 0.103
-0.041 -0.043 0.103
-0.037 -0.037 0.089
-0.041 -0.041 0.101
-0.039 -0.041 0.105
-0.039 -0.043 0.103
-0.025 -0.039 0.085
-0.033 -0.043 0.099
-0.023 -0.041 0.095
-0.013 -0.035 0.085
-0.011 -0.035 0.087
-0.025 -0.037 0.101
-0.023 -0.039 0.101
-0.023 -0.039 0.103
-0.031 -0.039 0.101
-0.031 -0.037 0.103
-0.029 -0.037 0.101
-0.029 -0.031 0.105
-0.027 -0.035 0.101
-0.025 -0.037 0.103
-0.025 -0.037 0.103
-0.023 -0.037 0.103
-0.025 -0.033 0.105
-0.027 -0.033 0.105
-0.041 -0.037 0.101
-0.039 -0.041 0.105
-0.035 -0.043 0.101
-0.037 -0.041 0.103
-0.035 -0.029 0.089
-0.041 -0.037 0.101
-0.037 -0.037 0.107
-0.037 -0.035 0.107
-0.039 -0.041 0.105
-0.035 -0.035 0.107
-0.025 -0.037 0.103
-0.035 -0.035 0.107
-0.027 -0.029 0.105
-0.019 -0.039 0.093
-0.013 -0.037 0.097
-0.031 -0.035 0.103
-0.017 -0.033 0.105
-0.011 -0.029 0.105
-0.027 -0.025 0.105
-0.025 -0.029 0.105
-0.023 -0.027 0.105
-0.023 -0.023 0.105
-0.019 -0.025 0.105
-0.017 -0.023 0.105
-0.041 -0.043 0.103
-0.039 -0.043 0.103
-0.039 -0.041 0.105
-0.041 -0.039 0.105
-0.035 -0.039 0.105
-0.041 -0.039 0.105
-0.037 -0.037 0.107
-0.035 -0.041 0.101
-0.013 -0.037 0.099
-0.015 -0.035 0.105
-0.007 -0.035 0.105
-0.005 -0.035 0.105
-0.003 -0.035 0.107
-0.043 -0.035 0.105
-0.041 -0.039 0.105
-0.043 -0.033 0.105
-0.039 -0.033 0.105
-0.039 -0.031 0.105
-0.033 -0.023 0.099
-0.043 -0.031 0.105
-0.027 -0.027 0.105
-0.029 -0.025 0.101
-0.029 -0.025 0.103
-0.027 -0.025 0.105
-0.027 -0.025 0.105
-0.027 -0.027 0.105
-0.021 -0.025 0.105
-0.019 -0.027 0.105
-0.025 -0.023 0.105
-0.009 -0.029 0.105
-0.009 -0.027 0.109
-0.003 -0.033 0.109
-0.013 -0.019 0.105
-0.009 -0.025 0.113
-0.007 -0.025 0.113
-0.007 -0.025 0.115
-0.021 -0.023 0.105
-0.017 -0.019 0.105
-0.009 -0.017 0.103
-0.011 -0.017 0.107
-0.011 -0.017 0.107
-0.005 -0.013 0.103
-0.013 -0.013 0.107
-0.005 -0.025 0.115
-0.011 -0.041 0.051
-0.019 -0.037 0.063
0.003 -0.027 0.043
-0.005 -0.027 0.051
0.001 -0.025 0.049
0.003 -0.025 0.051
-0.019 -0.037 0.069
-0.015 -0.035 0.073
-0.025 -0.039 0.085
-0.029 -0.039 0.085
0.027 -0.009 0.039
-0.017 -0.037 0.083
0.005 -0.021 0.063
0.025 -0.009 0.043
0.009 -0.019 0.063
-0.003 -0.031 0.083
-0.001 -0.025 0.053
0.003 -0.023 0.055
0.005 -0.021 0.057
0.003 -0.021 0.061
0.005 -0.021 0.059
-0.013 -0.035 0.085
-0.023 -0.041 0.093
-0.019 -0.039 0.095
-0.023 -0.039 0.101
-0.015 -0.037 0.097
-0.011 -0.037 0.095
-0.011 -0.037 0.095
-0.025 -0.037 0.101
-0.021 -0.037 0.103
-0.019 -0.037 0.103
-0.019 -0.039 0.095
-0.011 -0.037 0.095
-0.019 -0.039 0.101
-0.009 -0.035 0.097
-0.011 -0.035 0.103
-0.013 -0.035 0.103
-0.011 -0.035 0.103
0.027 -0.009 0.039
0.027 -0.007 0.045
-0.019 -0.039 0.095
-0.019 -0.039 0.095
-0.013 -0.037 0.093
-0.013 -0.037 0.099
-0.011 -0.035 0.101
-0.023 -0.033 0.105
-0.023 -0.033 0.105
-0.015 -0.035 0.105
-0.019 -0.035 0.103
-0.009 -0.035 0.099
-0.011 -0.035 0.103
-0.005 -0.035 0.105
-0.007 -0.035 0.097
-0.001 -0.033 0.093
-0.017 -0.035 0.103
-0.005 -0.035 0.099
-0.001 -0.033 0.099
-0.009 -0.033 0.105
-0.015 -0.029 0.105
-0.011 -0.029 0.105
-0.019 -0.025 0.105
-0.017 -0.023 0.105
-0.011 -0.023 0.111
-0.009 -0.027 0.111
-0.007 -0.027 0.111
-0.009 -0.025 0.113
-0.007 -0.025 0.115
0.001 -0.023 0.107
0.007 -0.019 0.109
-0.007 -0.035 0.105
-0.007 -0.033 0.105
-0.005 -0.033 0.107
-0.003 -0.035 0.107
0.003 -0.021 0.109
-0.005 -0.025 0.115
-0.005 -0.023 0.115
0.003 -0.017 0.111
0.007 -0.017 0.113
0.005 -0.015 0.111
0.009 -0.015 0.113
-0.033 -0.021 0.059
-0.031 -0.015 0.055
-0.047 -0.039 0.093
-0.035 -0.031 0.089
-0.043 -0.031 0.091
-0.045 -0.037 0.093
-0.041 -0.033 0.091
-0.037 -0.025 0.087
-0.033 -0.043 0.099
-0.029 -0.041 0.099
-0.041 -0.035 0.105
-0.039 -0.033 0.105
-0.025 -0.037 0.101
-0.025 -0.037 0.103
-0.037 -0.033 0.107
-0.029 -0.033 0.103
-0.021 -0.039 0.101
-0.031 -0.025 0.099
-0.041 -0.043 0.101
-0.039 -0.045 0.101
-0.037 -0.043 0.103
-0.033 -0.043 0.099
-0.039 -0.041 0.105
-0.033 -0.039 0.103
-0.037 -0.043 0.103
-0.039 -0.043 0.103
-0.033 -0.039 0.103
-0.033 -0.039 0.103
-0.033 -0.041 0.101
-0.013 -0.035 0.085
-0.011 -0.035 0.085
-0.011 -0.035 0.087
-0.011 -0.035 0.089
0.009 -0.019 0.065
-0.013 -0.037 0.093
-0.019 -0.037 0.097
-0.005 -0.033 0.087
-0.043 -0.035 0.105
-0.041 -0.035 0.105
-0.039 -0.033 0.105
-0.039 -0.031 0.105
-0.041 -0.035 0.105
-0.039 -0.031 0.105
-0.039 -0.033 0.105
-0.037 -0.033 0.107
-0.033 -0.023 0.099
-0.029 -0.027 0.103
-0.029 -0.029 0.103
-0.029 -0.031 0.105
-0.029 -0.029 0.103
-0.037 -0.027 0.101
0.003 0.023 0.049
0.003 0.023 0.051
0.005 0.021 0.051
0.005 0.021 0.053
-0.027 -0.019 0.097
-0.033 -0.037 0.105
-0.029 -0.037 0.101
-0.035 -0.037 0.107
-0.035 -0.035 0.107
-0.031 -0.029 0.101
-0.025 -0.029 0.105
-0.021 -0.027 0.105
-0.027 -0.033 0.105
-0.027 -0.031 0.105
-0.023 -0.031 0.105
-0.021 -0.031 0.105
-0.021 -0.025 0.105
0.007 0.021 0.059
-0.019 -0.027 0.105
-0.019 -0.023 0.105
-0.017 -0.023 0.105
-0.025 -0.037 0.101
-0.025 -0.035 0.103
-0.029 -0.027 0.103
-0.033 -0.035 0.105
-0.029 -0.029 0.103
-0.027 -0.033 0.105
-0.029 -0.033 0.103
-0.021 -0.033 0.105
-0.009 -0.035 0.101
-0.015 -0.035 0.105
-0.009 -0.033 0.105
-0.013 -0.029 0.105
-0.007 -0.033 0.105
-0.009 -0.033 0.105
-0.005 -0.035 0.105
-0.017 -0.023 0.105
-0.007 -0.031 0.105
-0.009 -0.027 0.107
-0.029 -0.023 0.103
-0.027 -0.021 0.103
0.005 0.023 0.057
0.003 0.029 0.055
0.009 0.019 0.061
-0.025 -0.021 0.103
0.009 0.019 0.061
0.011 0.019 0.067
0.007 0.025 0.063
0.009 0.021 0.067
-0.015 -0.027 0.105
-0.019 -0.017 0.103
-0.013 -0.019 0.105
-0.011 -0.017 0.105
-0.017 -0.023 0.105
-0.015 -0.021 0.105
-0.011 -0.023 0.111
-0.011 -0.013 0.109
0.025 -0.007 0.045
-0.017 -0.035 0.103
-0.019 -0.033 0.105
-0.023 -0.033 0.105
-0.019 -0.031 0.105
-0.011 -0.017 0.107
-0.005 -0.013 0.103
0.001 -0.009 0.101
-0.027 -0.021 0.099
-0.027 -0.025 0.105
0.005 0.023 0.059
0.005 0.023 0.061
0.005 0.023 0.061
0.007 0.023 0.061
-0.019 -0.019 0.103
-0.017 -0.015 0.105
0.009 0.021 0.067
0.009 0.021 0.063
0.009 0.019 0.065
0.009 0.021 0.067
0.011 0.019 0.071
0.011 0.021 0.071
0.013 0.019 0.073
0.025 0.035 0.061
0.027 0.031 0.065
-0.011 -0.015 0.109
-0.027 -0.031 0.105
-0.021 -0.027 0.105
-0.017 -0.027 0.105
-0.015 -0.023 0.105
-0.013 -0.025 0.107
0.017 -0.009 0.087
0.017 -0.009 0.087
-0.009 -0.027 0.107
0.021 -0.005 0.089
0.011 0.007 0.089
0.013 0.011 0.087
-0.003 -0.009 0.103
0.013 0.003 0.091
-0.015 -0.017 0.107
-0.013 -0.017 0.107
-0.001 -0.009 0.103
0.011 0.007 0.089
0.023 -0.005 0.089
0.017 0.001 0.095
0.007 -0.017 0.113
0.021 0.003 0.095
0.023 0.007 0.095
0.007 -0.017 0.113
0.021 0.005 0.095
0.025 0.015 0.089
0.029 0.011 0.093
0.015 0.009 0.091
0.019 0.011 0.091
0.003 -0.019 0.111
-0.007 -0.023 0.115
0.015 0.001 0.093
0.015 -0.001 0.095
0.015 0.007 0.091
0.017 0.001 0.095
0.019 0.001 0.095
0.021 0.003 0.095
0.021 0.003 0.095
0.021 0.011 0.091
0.025 0.015 0.089
0.033 0.025 0.081
0.023 0.007 0.095
0.007 -0.019 0.111
0.023 0.007 0.095
0.033 0.025 0.083
0.033 0.025 0.085
0.033 0.027 0.087
0.039 0.025 0.085
0.039 0.027 0.087
0.039 0.029 0.087
0.037 0.031 0.089
0.037 0.025 0.085
0.033 0.025 0.087
0.035 0.031 0.087
