-0.041 -0.013 0.033
-0.039 -0.009 0.033
-0.039 -0.017 0.035
-0.035 -0.025 0.037
-0.035 -0.021 0.037
-0.037 -0.025 0.039
-0.035 -0.023 0.037
-0.039 -0.011 0.033
-0.033 -0.003 0.035
-0.039 -0.007 0.037
-0.037 -0.007 0.037
-0.037 -0.033 0.039
-0.035 -0.035 0.039
-0.033 -0.039 0.043
-0.033 -0.039 0.057
-0.035 -0.037 0.057
-0.025 -0.049 0.033
-0.025 -0.049 0.037
-0.025 -0.047 0.037
-0.027 -0.045 0.037
-0.027 -0.043 0.037
-0.027 -0.043 0.039
-0.031 -0.037 0.037
-0.037 -0.033 0.039
-0.035 -0.033 0.037
-0.037 -0.033 0.039
-0.035 -0.039 0.049
-0.037 -0.035 0.049
-0.023 -0.045 0.041
-0.033 -0.039 0.043
-0.035 -0.029 0.037
-0.037 -0.031 0.039
-0.037 -0.031 0.039
-0.035 -0.037 0.047
-0.037 -0.033 0.049
-0.037 -0.027 0.051
-0.031 -0.041 0.055
-0.035 -0.039 0.053
-0.035 -0.039 0.053
-0.031 -0.039 0.059
-0.031 -0.039 0.063
-0.033 -0.037 0.063
-0.035 -0.037 0.053
-0.037 -0.029 0.055
-0.037 -0.029 0.055
-0.037 -0.031 0.039
-0.039 -0.017 0.035
-0.035 -0.021 0.037
-0.037 -0.021 0.043
-0.035 -0.023 0.043
-0.037 -0.021 0.043
-0.035 -0.021 0.047
-0.035 -0.019 0.047
-0.043 -0.009 0.039
-0.041 -0.015 0.033
-0.039 -0.007 0.037
-0.041 -0.007 0.041
-0.041 -0.007 0.041
-0.043 -0.011 0.043
-0.043 -0.009 0.043
-0.039 -0.015 0.043
-0.041 -0.013 0.043
-0.043 -0.009 0.043
-0.043 -0.011 0.043
-0.037 -0.011 0.045
-0.039 -0.009 0.045
-0.037 -0.031 0.055
-0.033 -0.019 0.049
-0.033 -0.017 0.051
-0.037 -0.029 0.059
-0.035 -0.025 0.059
-0.035 -0.029 0.063
-0.033 -0.021 0.057
-0.035 -0.023 0.037
-0.041 -0.013 0.039
-0.037 -0.025 0.051
-0.043 -0.009 0.041
-0.043 -0.009 0.039
-0.043 -0.009 0.039
-0.031 -0.009 0.047
-0.041 -0.007 0.043
-0.031 -0.005 0.045
-0.027 -0.003 0.041
-0.035 -0.007 0.045
-0.031 -0.007 0.047
-0.023 -0.005 0.047
-0.043 -0.011 0.039
-0.043 -0.009 0.039
-0.039 -0.007 0.039
-0.033 -0.005 0.039
-0.033 -0.005 0.039
-0.033 -0.005 0.041
-0.013 -0.003 0.045
-0.033 -0.025 0.063
-0.027 -0.019 0.063
-0.029 -0.019 0.061
-0.023 -0.017 0.061
-0.033 -0.021 0.055
-0.035 -0.023 0.055
-0.035 -0.023 0.055
-0.031 -0.017 0.057
-0.011 -0.017 0.057
-0.029 -0.019 0.061
-0.027 -0.019 0.061
-0.027 -0.019 0.061
-0.009 -0.017 0.059
-0.007 -0.017 0.063
-0.005 -0.019 0.063
-0.031 -0.013 0.053
-0.029 -0.013 0.055
-0.029 -0.015 0.057
-0.027 -0.011 0.053
-0.017 -0.013 0.055
-0.013 -0.005 0.049
-0.013 -0.007 0.053
-0.011 -0.005 0.053
-0.009 -0.007 0.059
-0.005 -0.003 0.063
-0.005 -0.001 0.061
-0.045 -0.043 0.085
-0.045 -0.041 0.087
-0.047 -0.039 0.087
-0.047 -0.035 0.085
-0.049 -0.033 0.085
-0.049 -0.033 0.085
-0.047 -0.033 0.089
-0.049 -0.037 0.093
-0.047 -0.033 0.089
-0.029 -0.035 0.069
-0.027 -0.037 0.069
-0.023 -0.035 0.073
-0.019 -0.033 0.077
-0.033 -0.037 0.081
-0.047 -0.033 0.089
-0.045 -0.029 0.089
-0.049 -0.031 0.085
-0.047 -0.031 0.083
-0.047 -0.029 0.083
-0.047 -0.031 0.089
-0.033 -0.037 0.095
-0.033 -0.039 0.093
-0.043 -0.031 0.091
-0.033 -0.031 0.089
-0.033 -0.037 0.093
-0.041 -0.031 0.097
-0.047 -0.029 0.087
-0.033 -0.029 0.065
-0.047 -0.029 0.083
-0.047 -0.027 0.083
-0.047 -0.027 0.083
-0.047 -0.029 0.087
-0.043 -0.025 0.083
-0.041 -0.025 0.085
-0.037 -0.025 0.087
-0.035 -0.023 0.083
-0.039 -0.027 0.095
-0.033 -0.029 0.067
-0.029 -0.031 0.071
-0.031 -0.025 0.069
-0.027 -0.021 0.071
-0.027 -0.019 0.067
-0.021 -0.017 0.069
-0.025 -0.029 0.075
-0.025 -0.027 0.075
-0.025 -0.031 0.075
-0.023 -0.029 0.077
-0.023 -0.025 0.077
-0.023 -0.021 0.075
-0.023 -0.019 0.073
-0.021 -0.019 0.075
-0.017 -0.017 0.079
-0.027 -0.019 0.067
-0.005 -0.017 0.065
-0.025 -0.019 0.071
-0.013 -0.017 0.071
-0.023 -0.025 0.077
-0.019 -0.025 0.081
-0.019 -0.017 0.075
-0.013 -0.015 0.081
-0.007 -0.011 0.065
-0.005 -0.007 0.069
-0.003 -0.003 0.069
-0.013 -0.015 0.079
-0.013 -0.015 0.079
-0.033 -0.023 0.087
-0.029 -0.019 0.083
-0.033 -0.021 0.085
-0.025 -0.017 0.085
-0.033 -0.025 0.089
-0.025 -0.029 0.091
-0.039 -0.029 0.095
-0.019 -0.029 0.093
-0.037 -0.025 0.095
-0.027 -0.023 0.091
-0.021 -0.017 0.089
-0.043 -0.025 0.083
-0.035 -0.023 0.083
-0.021 -0.017 0.083
-0.025 -0.019 0.083
-0.029 -0.019 0.085
-0.017 -0.015 0.089
-0.023 -0.019 0.095
-0.017 -0.015 0.095
-0.017 -0.015 0.083
-0.013 -0.015 0.081
-0.013 -0.013 0.091
-0.017 -0.015 0.089
-0.013 -0.013 0.089
-0.011 -0.011 0.089
-0.011 -0.011 0.093
-0.005 -0.009 0.093
-0.039 -0.039 0.097
-0.041 -0.033 0.099
-0.037 -0.035 0.099
-0.041 -0.039 0.103
-0.041 -0.035 0.101
-0.043 -0.033 0.103
-0.041 -0.039 0.105
-0.043 -0.035 0.105
-0.043 -0.035 0.105
-0.039 -0.039 0.097
-0.041 -0.033 0.099
-0.041 -0.037 0.101
-0.041 -0.035 0.101
-0.043 -0.035 0.103
-0.043 -0.033 0.101
-0.043 -0.033 0.101
-0.043 -0.033 0.103
-0.043 -0.029 0.103
-0.041 -0.027 0.099
-0.041 -0.027 0.101
-0.029 -0.029 0.103
-0.003 -0.035 0.107
-0.005 -0.033 0.107
-0.043 -0.031 0.101
-0.041 -0.031 0.097
-0.039 -0.027 0.097
-0.041 -0.027 0.099
-0.039 -0.025 0.099
-0.039 -0.025 0.101
-0.039 -0.025 0.101
-0.033 -0.021 0.097
-0.021 -0.019 0.103
-0.019 -0.017 0.103
-0.027 -0.027 0.105
-0.027 -0.027 0.105
-0.027 -0.021 0.099
-0.029 -0.027 0.103
-0.029 -0.025 0.103
-0.019 -0.017 0.103
-0.019 -0.017 0.101
-0.025 -0.019 0.099
-0.019 -0.017 0.099
-0.021 -0.017 0.099
-0.013 -0.027 0.107
-0.011 -0.025 0.111
-0.005 -0.031 0.107
-0.013 -0.023 0.107
-0.017 -0.019 0.105
-0.017 -0.017 0.105
-0.015 -0.017 0.107
-0.017 -0.017 0.105
-0.013 -0.013 0.099
-0.015 -0.015 0.107
-0.011 -0.015 0.109
-0.007 -0.025 0.115
-0.037 -0.027 0.039
-0.037 -0.027 0.043
-0.039 -0.015 0.043
-0.035 -0.013 0.045
-0.037 -0.023 0.047
-0.041 -0.007 0.043
-0.035 -0.007 0.045
-0.015 0.001 0.043
-0.015 -0.001 0.043
-0.031 -0.011 0.047
-0.031 -0.007 0.047
-0.013 -0.005 0.049
-0.013 0.001 0.045
-0.013 0.001 0.045
-0.021 -0.005 0.047
-0.019 -0.005 0.045
-0.015 0.001 0.043
-0.013 0.003 0.043
-0.015 -0.001 0.043
-0.013 -0.003 0.047
-0.013 0.001 0.045
-0.013 -0.001 0.047
-0.013 -0.001 0.049
-0.013 -0.003 0.049
-0.027 -0.017 0.059
-0.027 -0.017 0.059
-0.027 -0.015 0.057
-0.017 -0.013 0.055
-0.013 -0.007 0.055
-0.011 -0.013 0.057
-0.011 -0.005 0.053
-0.009 -0.011 0.061
-0.005 -0.001 0.059
-0.009 -0.005 0.059
-0.003 -0.001 0.059
-0.005 -0.003 0.063
-0.001 0.001 0.057
-0.003 -0.001 0.063
-0.001 0.001 0.063
-0.017 -0.003 0.043
-0.013 -0.003 0.047
-0.005 -0.013 0.069
-0.003 -0.001 0.069
-0.001 -0.015 0.077
-0.001 -0.001 0.077
0.001 0.001 0.073
-0.001 -0.011 0.075
-0.001 -0.001 0.075
-0.037 -0.025 0.087
-0.031 -0.023 0.089
-0.027 -0.023 0.091
-0.037 -0.025 0.095
-0.033 -0.021 0.097
-0.031 -0.021 0.095
-0.029 -0.021 0.097
0.001 -0.009 0.081
0.003 -0.009 0.083
-0.003 -0.009 0.087
0.003 -0.013 0.083
0.003 -0.011 0.083
0.003 -0.011 0.083
-0.005 -0.009 0.089
0.005 -0.005 0.087
0.007 -0.001 0.089
0.013 -0.003 0.093
0.003 -0.007 0.083
0.005 -0.009 0.087
0.005 -0.003 0.085
0.007 -0.007 0.087
0.005 -0.003 0.085
0.005 -0.001 0.085
0.009 -0.005 0.091
0.005 -0.015 0.111
-0.021 0.001 0.035
-0.019 0.003 0.035
-0.017 0.005 0.033
-0.013 0.005 0.037
-0.003 0.007 0.035
-0.007 0.011 0.035
-0.007 0.015 0.035
-0.003 0.009 0.039
-0.013 0.005 0.037
-0.009 0.013 0.035
-0.007 0.013 0.037
0.013 0.031 0.033
0.011 0.027 0.033
0.013 0.033 0.033
-0.013 0.003 0.039
-0.003 0.007 0.037
-0.015 0.003 0.039
-0.015 0.003 0.041
0.009 0.003 0.041
0.003 0.011 0.041
0.003 0.011 0.045
0.005 0.009 0.047
-0.007 0.013 0.037
-0.001 0.017 0.037
0.005 0.015 0.049
0.003 0.017 0.047
-0.001 0.019 0.035
0.003 0.023 0.035
-0.003 0.017 0.037
0.003 0.017 0.039
0.003 0.021 0.039
0.013 0.031 0.035
0.005 0.017 0.043
0.003 0.017 0.047
0.003 0.021 0.045
0.005 0.021 0.047
0.003 0.025 0.045
0.011 0.029 0.041
0.005 0.029 0.045
0.003 0.025 0.047
-0.005 0.017 0.037
0.003 0.023 0.037
0.003 0.021 0.037
0.013 0.031 0.035
0.011 0.029 0.035
0.011 0.031 0.039
0.011 0.029 0.037
0.011 0.031 0.039
0.003 0.025 0.043
0.011 0.031 0.041
0.003 0.017 0.047
0.005 0.021 0.047
0.003 0.019 0.047
0.003 0.019 0.047
0.003 0.027 0.047
0.003 0.029 0.049
0.009 0.007 0.049
0.011 0.007 0.053
0.005 0.015 0.051
0.017 0.015 0.053
0.005 0.015 0.051
0.001 0.001 0.063
0.015 0.013 0.059
0.003 0.023 0.051
0.005 0.021 0.049
0.005 0.021 0.055
0.005 0.019 0.051
0.005 0.021 0.053
0.005 0.023 0.057
0.005 0.031 0.051
0.003 0.025 0.051
0.003 0.029 0.053
0.009 0.019 0.061
0.005 0.025 0.057
0.007 0.025 0.063
0.005 0.029 0.061
0.003 0.029 0.055
0.005 0.031 0.055
0.017 0.017 0.061
0.017 0.017 0.061
0.007 0.021 0.061
0.011 0.017 0.065
0.005 0.027 0.061
0.007 0.025 0.063
0.005 0.029 0.061
0.007 0.025 0.063
0.005 0.007 0.041
0.003 0.017 0.039
0.011 0.007 0.051
0.003 0.023 0.041
0.005 0.019 0.043
0.003 0.021 0.043
0.029 0.027 0.065
0.027 0.031 0.063
0.013 0.035 0.039
0.015 0.033 0.047
0.013 0.033 0.035
0.015 0.035 0.035
0.017 0.037 0.035
0.017 0.037 0.047
0.017 0.039 0.045
0.015 0.035 0.047
0.017 0.035 0.049
0.021 0.039 0.051
0.021 0.039 0.053
0.021 0.039 0.053
0.025 0.039 0.057
0.023 0.041 0.051
0.025 0.039 0.057
0.025 0.037 0.059
0.025 0.037 0.059
0.025 0.033 0.061
0.027 0.033 0.063
0.019 0.033 0.051
0.021 0.035 0.055
0.023 0.033 0.057
0.023 0.035 0.057
-0.001 0.001 0.067
0.003 0.003 0.075
0.013 0.011 0.079
0.011 0.003 0.071
0.017 0.013 0.071
0.005 0.003 0.075
0.017 0.015 0.077
0.011 0.017 0.065
0.009 0.021 0.067
0.009 0.025 0.065
0.011 0.017 0.065
0.029 0.029 0.067
0.019 0.019 0.075
0.019 0.019 0.077
0.017 0.017 0.079
0.023 0.021 0.075
0.021 0.019 0.081
0.007 0.003 0.087
0.009 0.007 0.085
0.009 0.005 0.087
0.009 0.007 0.087
0.011 0.009 0.083
0.007 0.001 0.089
0.009 0.003 0.089
0.015 0.011 0.089
0.005 0.003 0.083
0.013 0.009 0.089
0.019 0.005 0.093
0.013 0.005 0.091
0.011 0.007 0.089
0.017 0.013 0.089
0.015 0.009 0.091
0.015 0.011 0.089
0.019 0.017 0.083
0.021 0.019 0.083
0.017 0.009 0.069
0.017 0.013 0.067
0.017 0.011 0.071
0.017 0.013 0.073
0.011 0.017 0.069
0.031 0.023 0.067
0.023 0.021 0.079
0.029 0.021 0.079
0.031 0.027 0.073
0.033 0.025 0.075
0.033 0.025 0.079
0.035 0.031 0.081
0.009 0.007 0.085
0.013 0.011 0.085
0.013 0.011 0.087
0.035 0.031 0.085
0.035 0.031 0.087
0.029 0.033 0.065
0.043 0.035 0.077
0.041 0.035 0.079
0.039 0.033 0.087
