-0.017 -0.005 0.045
-0.033 -0.005 0.041
-0.027 -0.003 0.041
0.001 -0.001 0.079
-0.013 -0.001 0.049
-0.005 -0.019 0.109
-0.001 -0.009 0.089
-0.011 -0.015 0.075
-0.011 -0.015 0.077
-0.003 -0.009 0.103
0.007 -0.003 0.051
0.025 0.021 0.079
0.037 0.025 0.085
0.027 0.009 0.093
0.025 -0.001 0.091
-0.013 0.003 0.043
0.013 0.023 0.047
0.013 0.023 0.047
0.029 0.033 0.065
0.017 0.015 0.057
0.043 0.037 0.081
0.029 0.041 0.047
0.037 0.031 0.089
-0.031 -0.035 0.035
-0.021 -0.047 0.039
-0.029 -0.041 0.055
-0.017 -0.043 0.049
-0.041 -0.015 0.035
-0.031 -0.039 0.063
-0.035 -0.041 0.087
-0.047 -0.039 0.093
-0.043 -0.039 0.091
-0.033 -0.029 0.067
-0.033 -0.033 0.089
-0.025 -0.037 0.103
-0.017 -0.027 0.105
0.001 -0.025 0.051
-0.003 -0.031 0.085
-0.037 -0.033 0.049
-0.037 -0.035 0.055
-0.037 -0.029 0.055
-0.023 -0.039 0.065
-0.033 -0.037 0.063
-0.021 -0.033 0.075
0.011 -0.017 0.067
-0.029 -0.029 0.073
-0.045 -0.043 0.083
-0.019 -0.037 0.103
-0.003 -0.033 0.087
-0.017 -0.037 0.095
-0.015 -0.037 0.101
-0.021 -0.049 0.039
-0.025 -0.041 0.059
-0.023 -0.041 0.055
-0.003 -0.035 0.035
-0.007 -0.039 0.035
0.005 -0.029 0.035
0.007 -0.023 0.041
-0.003 -0.023 0.055
-0.003 -0.025 0.053
-0.003 -0.023 0.055
-0.047 -0.039 0.091
-0.019 -0.039 0.095
-0.003 -0.029 0.079
-0.001 -0.023 0.109
0.005 -0.007 0.043
0.001 -0.021 0.083
0.007 -0.029 0.089
0.033 0.011 0.033
0.025 -0.003 0.055
0.033 0.013 0.059
0.031 0.001 0.079
0.035 0.007 0.067
-0.033 -0.035 0.063
-0.031 -0.035 0.065
-0.031 -0.035 0.067
-0.037 -0.027 0.059
-0.035 -0.013 0.045
-0.047 -0.035 0.093
-0.035 -0.027 0.101
-0.031 -0.023 0.089
-0.025 -0.019 0.091
-0.011 -0.011 0.093
-0.017 -0.015 0.097
-0.007 -0.005 0.061
-0.005 -0.009 0.071
-0.011 -0.011 0.089
-0.005 -0.009 0.091
-0.003 -0.009 0.087
-0.017 0.001 0.039
0.003 0.025 0.045
0.005 0.031 0.055
0.009 0.023 0.063
0.015 0.037 0.037
0.027 0.033 0.063
0.013 0.019 0.073
0.029 0.029 0.067
0.017 0.017 0.077
0.007 0.003 0.087
0.007 0.001 0.089
0.023 0.019 0.081
-0.039 -0.017 0.039
-0.039 -0.031 0.049
-0.035 -0.029 0.063
-0.035 -0.039 0.053
-0.025 -0.043 0.039
-0.035 -0.037 0.057
-0.033 -0.039 0.045
-0.043 -0.031 0.091
-0.017 -0.009 0.053
-0.039 -0.039 0.105
-0.043 -0.031 0.105
-0.027 -0.021 0.101
-0.023 -0.019 0.101
-0.017 -0.017 0.105
-0.015 -0.021 0.105
-0.009 -0.027 0.111
-0.009 -0.025 0.113
-0.039 -0.029 0.089
-0.005 -0.007 0.071
-0.001 -0.009 0.077
-0.013 -0.013 0.091
0.009 -0.005 0.091
0.003 0.011 0.041
0.015 0.007 0.063
0.003 0.023 0.049
0.029 0.025 0.061
0.015 0.037 0.045
0.019 0.039 0.049
0.023 0.033 0.059
0.025 0.029 0.061
0.027 0.035 0.061
0.029 0.029 0.069
0.017 0.015 0.085
0.011 0.025 0.047
0.005 0.031 0.053
0.007 0.029 0.061
0.009 0.031 0.057
-0.019 0.003 0.035
0.005 0.029 0.057
-0.009 -0.003 0.053
-0.041 -0.037 0.091
-0.029 -0.021 0.097
-0.001 -0.009 0.097
-0.029 -0.019 0.085
-0.017 -0.015 0.083
-0.025 -0.019 0.099
-0.025 -0.021 0.101
-0.015 -0.015 0.103
0.025 0.021 0.073
0.005 -0.015 0.109
-0.005 0.017 0.035
0.001 0.001 0.065
0.013 0.035 0.039
0.029 0.041 0.047
0.029 0.031 0.035
0.027 0.041 0.053
0.027 0.039 0.055
0.033 0.033 0.065
0.021 0.041 0.049
0.025 0.039 0.055
0.013 0.007 0.091
0.041 0.031 0.073
0.041 0.035 0.083
0.041 0.035 0.083
-0.017 -0.039 0.057
-0.003 -0.035 0.039
-0.007 -0.037 0.045
-0.013 -0.037 0.055
-0.011 -0.035 0.053
0.015 -0.013 0.061
-0.001 -0.025 0.053
0.017 -0.011 0.085
-0.031 -0.043 0.099
-0.023 -0.035 0.103
0.003 -0.031 0.099
-0.025 -0.031 0.105
0.015 -0.007 0.089
-0.007 -0.027 0.111
0.001 -0.019 0.093
-0.029 -0.031 0.105
-0.037 -0.025 0.101
-0.007 -0.023 0.115
0.019 -0.009 0.087
0.033 0.005 0.049
0.031 0.001 0.059
0.031 0.003 0.067
0.031 0.001 0.047
0.035 0.009 0.079
0.035 0.009 0.067
0.033 0.029 0.037
0.027 0.021 0.041
0.039 0.023 0.069
0.007 -0.021 0.053
-0.015 -0.045 0.035
-0.013 -0.035 0.055
0.031 0.019 0.061
0.029 0.011 0.051
0.033 0.005 0.045
-0.001 -0.019 0.095
0.001 -0.019 0.093
0.001 -0.007 0.095
0.005 -0.027 0.101
0.009 -0.027 0.101
0.033 0.009 0.043
0.031 0.003 0.049
0.029 -0.007 0.043
0.007 -0.019 0.049
0.035 0.009 0.073
0.005 -0.027 0.089
0.031 0.027 0.043
0.033 0.023 0.039
0.033 0.031 0.047
0.035 0.033 0.055
0.023 0.021 0.045
0.029 0.015 0.055
0.037 0.025 0.067
0.033 0.021 0.037
0.037 0.029 0.061
0.037 0.031 0.063
0.031 0.039 0.051
0.035 0.015 0.079
0.043 0.031 0.079
0.041 0.025 0.081
-0.027 -0.005 0.045
-0.005 -0.001 0.061
-0.019 -0.017 0.057
-0.021 -0.009 0.051
-0.037 -0.033 0.089
-0.031 -0.029 0.069
-0.027 -0.021 0.093
-0.025 -0.021 0.093
-0.003 -0.009 0.103
-0.035 -0.027 0.087
-0.005 -0.005 0.069
-0.005 -0.009 0.095
-0.035 -0.031 0.105
-0.007 -0.021 0.105
0.017 0.017 0.061
0.007 -0.025 0.095
0.023 0.007 0.095
0.007 -0.027 0.101
0.007 0.029 0.047
0.021 0.037 0.055
0.005 0.029 0.061
0.025 0.021 0.069
0.023 0.035 0.059
0.031 0.037 0.043
0.025 0.021 0.079
0.031 0.027 0.071
0.037 0.033 0.083
-0.015 -0.043 0.041
-0.015 -0.043 0.041
0.007 -0.025 0.039
0.007 -0.027 0.037
0.007 -0.027 0.037
0.001 -0.015 0.035
0.011 -0.017 0.061
-0.031 -0.035 0.089
-0.019 -0.037 0.089
-0.011 -0.035 0.085
0.013 -0.017 0.071
-0.001 -0.033 0.089
-0.025 -0.039 0.097
-0.029 -0.039 0.099
-0.003 -0.033 0.105
-0.003 -0.033 0.105
-0.001 -0.023 0.105
-0.001 -0.011 0.099
0.033 -0.005 0.037
0.001 -0.023 0.057
0.013 -0.011 0.059
0.037 -0.005 0.037
-0.011 -0.001 0.031
0.031 -0.009 0.039
0.033 -0.005 0.041
0.033 -0.001 0.041
0.033 0.011 0.043
0.031 0.027 0.055
0.033 0.009 0.041
0.033 0.029 0.037
0.033 0.033 0.043
0.035 0.035 0.057
0.025 -0.001 0.075
0.031 0.003 0.079
0.033 0.003 0.077
0.037 0.025 0.067
0.025 -0.001 0.091
-0.037 -0.033 0.041
-0.033 -0.039 0.045
-0.031 -0.041 0.053
-0.025 -0.039 0.061
-0.037 -0.031 0.051
-0.037 -0.009 0.045
-0.013 -0.001 0.045
-0.027 -0.011 0.053
-0.033 -0.023 0.059
-0.031 -0.029 0.069
-0.045 -0.033 0.091
-0.047 -0.035 0.087
-0.047 -0.027 0.083
-0.045 -0.039 0.091
-0.043 -0.031 0.091
-0.047 -0.035 0.091
-0.023 -0.039 0.103
-0.017 -0.027 0.105
-0.037 -0.037 0.049
-0.033 -0.025 0.065
-0.031 -0.025 0.067
-0.031 -0.023 0.067
-0.025 -0.029 0.075
-0.043 -0.035 0.105
-0.041 -0.027 0.099
0.005 0.019 0.043
0.007 0.013 0.051
0.003 0.027 0.043
0.013 0.013 0.051
0.003 0.025 0.055
0.015 0.037 0.045
0.017 0.017 0.081
0.005 -0.003 0.085
-0.035 -0.031 0.037
-0.037 -0.033 0.041
-0.035 -0.039 0.051
-0.031 -0.041 0.053
-0.033 -0.005 0.041
-0.047 -0.033 0.089
-0.043 -0.031 0.091
-0.027 -0.035 0.093
-0.003 -0.003 0.071
-0.023 -0.017 0.097
-0.027 -0.027 0.105
-0.033 -0.013 0.047
-0.017 -0.009 0.053
-0.011 -0.011 0.057
0.003 -0.003 0.083
0.007 -0.001 0.089
0.015 -0.001 0.093
0.003 0.025 0.049
0.015 0.013 0.055
0.015 0.011 0.057
0.011 0.017 0.065
-0.001 0.001 0.071
0.007 0.005 0.075
0.017 0.011 0.067
0.033 0.025 0.087
0.033 0.027 0.085
-0.031 -0.013 0.051
-0.021 -0.017 0.099
-0.021 -0.023 0.105
-0.017 -0.025 0.105
-0.003 -0.009 0.103
-0.031 -0.003 0.037
-0.027 -0.005 0.045
-0.017 -0.011 0.053
-0.015 -0.007 0.051
-0.015 -0.027 0.105
-0.033 -0.027 0.099
-0.023 -0.019 0.101
-0.017 -0.015 0.101
-0.033 -0.031 0.103
-0.027 -0.033 0.105
-0.015 -0.027 0.105
-0.001 -0.007 0.079
0.001 -0.007 0.095
0.011 0.005 0.089
0.005 0.003 0.081
0.011 -0.011 0.085
0.021 -0.005 0.089
0.027 0.001 0.089
0.001 0.013 0.037
0.005 0.015 0.051
0.021 0.007 0.093
0.027 0.007 0.093
0.031 0.021 0.075
0.035 0.031 0.087
0.005 0.005 0.077
0.013 0.005 0.091
0.037 0.027 0.087
-0.029 -0.037 0.035
-0.021 -0.047 0.039
-0.001 -0.027 0.049
-0.035 -0.037 0.045
-0.007 -0.037 0.039
-0.023 -0.039 0.059
-0.027 -0.037 0.087
-0.029 -0.043 0.095
-0.023 -0.041 0.093
-0.011 -0.031 0.067
-0.011 -0.033 0.069
-0.007 -0.033 0.089
-0.031 -0.037 0.103
-0.001 -0.033 0.101
-0.005 -0.035 0.097
-0.017 -0.037 0.099
0.017 -0.001 0.035
0.001 -0.031 0.095
0.005 -0.025 0.045
0.003 -0.025 0.049
-0.001 -0.025 0.051
0.029 -0.001 0.055
0.023 -0.003 0.055
0.001 -0.019 0.067
0.027 0.001 0.065
0.021 -0.005 0.051
0.027 -0.001 0.089
0.025 -0.005 0.083
-0.033 -0.039 0.041
-0.021 -0.051 0.037
-0.015 -0.049 0.035
-0.019 -0.049 0.039
-0.029 -0.041 0.049
-0.001 -0.029 0.041
-0.013 -0.041 0.047
-0.001 -0.027 0.043
0.001 -0.023 0.053
-0.039 -0.041 0.089
-0.023 -0.041 0.093
-0.021 -0.035 0.073
-0.003 -0.017 0.067
-0.039 -0.043 0.103
-0.033 -0.039 0.103
-0.033 -0.043 0.099
-0.007 -0.027 0.109
-0.005 -0.035 0.105
0.007 -0.023 0.043
0.027 -0.003 0.051
0.019 -0.009 0.071
0.017 -0.013 0.079
0.003 -0.031 0.091
0.017 -0.011 0.085
-0.003 -0.035 0.037
0.015 0.001 0.033
0.035 -0.005 0.037
0.035 0.007 0.063
0.025 -0.003 0.077
0.015 -0.011 0.065
0.015 -0.011 0.085
0.033 0.005 0.085
-0.033 -0.021 0.055
-0.029 -0.021 0.065
-0.033 -0.005 0.039
-0.033 -0.013 0.047
-0.029 -0.013 0.055
-0.031 -0.013 0.049
-0.047 -0.035 0.089
-0.037 -0.025 0.085
-0.023 -0.017 0.097
-0.039 -0.027 0.089
-0.019 -0.017 0.069
-0.007 -0.009 0.065
-0.005 -0.013 0.069
-0.027 -0.023 0.091
-0.015 -0.015 0.083
-0.011 -0.013 0.095
-0.015 -0.015 0.101
0.007 0.005 0.039
0.011 0.003 0.051
0.005 0.017 0.043
0.003 0.025 0.051
0.017 0.039 0.041
0.015 0.013 0.057
0.009 0.027 0.039
0.019 0.039 0.047
0.021 0.019 0.077
0.025 0.021 0.067
0.031 0.019 0.081
-0.039 -0.029 0.045
-0.031 -0.015 0.053
-0.033 -0.005 0.039
-0.035 -0.025 0.059
-0.033 -0.025 0.063
-0.039 -0.007 0.039
-0.039 -0.007 0.037
-0.035 -0.005 0.035
-0.023 -0.001 0.035
-0.027 -0.021 0.071
-0.047 -0.027 0.083
-0.045 -0.029 0.087
-0.005 -0.007 0.071
-0.003 -0.005 0.075
-0.025 -0.017 0.085
-0.029 -0.019 0.085
-0.003 -0.009 0.087
-0.009 -0.011 0.099
-0.011 -0.013 0.103
-0.013 -0.013 0.099
-0.013 -0.003 0.047
-0.001 -0.001 0.051
-0.005 -0.003 0.063
0.001 -0.001 0.055
0.005 0.003 0.079
0.009 0.005 0.073
-0.005 -0.009 0.089
0.001 -0.011 0.081
0.009 0.007 0.087
0.017 0.003 0.093
0.011 -0.013 0.113
0.011 0.029 0.033
0.007 0.023 0.037
0.001 0.019 0.037
0.015 0.035 0.035
0.005 0.031 0.051
0.005 0.029 0.061
0.019 0.033 0.053
0.027 0.041 0.053
0.001 0.001 0.077
0.009 0.021 0.067
0.013 0.017 0.073
0.013 0.009 0.089
0.021 0.005 0.095
0.035 0.027 0.075
