-0.013 0.003 0.041
0.013 0.031 0.045
-0.017 0.005 0.033
-0.007 0.015 0.037
-0.025 -0.007 0.049
-0.025 -0.009 0.051
-0.023 -0.015 0.055
-0.029 -0.011 0.053
-0.027 -0.017 0.059
-0.025 -0.019 0.065
-0.009 -0.001 0.051
-0.007 -0.001 0.049
0.005 0.029 0.057
0.005 0.029 0.059
-0.007 -0.001 0.051
0.005 0.029 0.061
0.007 0.029 0.059
0.009 0.029 0.061
-0.013 -0.001 0.049
-0.011 -0.001 0.049
-0.007 -0.001 0.049
0.005 0.029 0.057
-0.011 0.001 0.047
0.005 0.031 0.053
0.005 0.029 0.061
0.011 0.029 0.059
0.007 0.031 0.055
0.009 0.031 0.055
0.011 0.021 0.049
0.011 0.027 0.051
0.013 0.027 0.057
0.013 0.027 0.055
0.009 0.029 0.061
-0.015 -0.013 0.055
-0.019 -0.019 0.061
-0.003 -0.001 0.059
-0.023 -0.017 0.061
-0.015 -0.021 0.059
-0.013 -0.021 0.059
-0.019 -0.019 0.063
-0.021 -0.019 0.063
-0.015 -0.021 0.061
-0.007 -0.007 0.065
-0.015 -0.021 0.065
0.001 0.001 0.059
-0.003 -0.001 0.069
-0.025 -0.005 0.043
-0.027 -0.009 0.049
-0.035 -0.005 0.037
-0.039 -0.007 0.041
-0.033 -0.005 0.043
-0.035 -0.007 0.043
-0.033 -0.007 0.045
-0.033 -0.005 0.043
-0.031 -0.007 0.047
-0.031 -0.005 0.041
-0.029 -0.011 0.053
-0.031 -0.017 0.057
-0.021 0.001 0.037
0.011 0.029 0.051
0.017 0.033 0.049
0.013 0.027 0.059
0.011 0.009 0.051
0.013 0.027 0.061
0.013 0.027 0.061
-0.019 -0.001 0.041
-0.017 0.003 0.037
-0.015 0.003 0.039
-0.011 0.005 0.037
-0.029 -0.005 0.033
-0.031 -0.005 0.039
-0.021 -0.001 0.039
-0.023 -0.001 0.039
-0.019 0.001 0.037
-0.021 -0.001 0.039
-0.015 0.003 0.041
-0.027 -0.009 0.047
-0.029 -0.005 0.043
-0.025 -0.005 0.043
-0.031 -0.007 0.047
-0.015 -0.005 0.045
0.003 0.029 0.047
0.007 0.029 0.047
-0.009 0.003 0.037
0.009 0.027 0.045
0.003 0.027 0.043
-0.003 0.011 0.039
0.003 0.029 0.049
0.007 0.029 0.045
-0.011 0.003 0.043
-0.011 0.001 0.047
0.005 0.031 0.053
0.005 0.031 0.055
0.007 0.031 0.057
-0.029 -0.021 0.063
0.011 0.025 0.065
-0.005 -0.003 0.063
-0.003 -0.001 0.065
-0.003 -0.001 0.067
0.011 0.021 0.069
-0.029 -0.011 0.051
-0.013 -0.007 0.055
-0.019 -0.007 0.049
-0.007 -0.001 0.053
-0.009 -0.003 0.053
0.003 0.025 0.055
-0.005 -0.001 0.055
-0.005 -0.003 0.063
0.001 0.001 0.067
-0.005 -0.001 0.057
-0.003 -0.001 0.059
0.007 0.025 0.063
-0.047 -0.035 0.093
-0.029 -0.021 0.087
-0.031 -0.021 0.087
-0.029 -0.019 0.085
-0.037 -0.033 0.089
-0.027 -0.019 0.097
-0.041 -0.033 0.091
-0.041 -0.037 0.091
-0.043 -0.029 0.089
-0.043 -0.031 0.091
-0.035 -0.029 0.089
-0.025 -0.019 0.095
-0.027 -0.019 0.097
-0.025 -0.019 0.071
-0.019 -0.017 0.073
-0.003 -0.003 0.073
-0.021 -0.017 0.087
-0.017 -0.015 0.087
-0.019 -0.015 0.091
-0.015 -0.015 0.085
-0.013 -0.013 0.087
-0.009 -0.011 0.087
-0.013 -0.013 0.089
-0.011 -0.011 0.089
-0.017 -0.015 0.095
-0.019 -0.015 0.091
-0.021 -0.017 0.097
-0.019 -0.017 0.095
-0.017 -0.015 0.095
-0.013 -0.013 0.095
-0.011 -0.013 0.095
-0.015 -0.015 0.097
-0.007 -0.011 0.085
-0.001 -0.009 0.089
-0.003 -0.009 0.091
-0.039 -0.025 0.083
-0.043 -0.027 0.085
-0.045 -0.027 0.085
-0.033 -0.021 0.085
-0.029 -0.019 0.085
-0.029 -0.019 0.085
-0.035 -0.025 0.087
-0.033 -0.021 0.083
-0.045 -0.029 0.089
-0.043 -0.029 0.089
-0.037 -0.027 0.089
-0.027 -0.019 0.065
-0.025 -0.019 0.069
-0.019 -0.017 0.069
-0.015 -0.017 0.073
-0.001 0.001 0.071
0.001 0.001 0.073
0.001 0.001 0.073
0.003 0.003 0.075
-0.001 0.001 0.071
-0.001 -0.001 0.073
-0.003 -0.003 0.073
0.001 -0.003 0.081
0.003 -0.001 0.083
-0.009 -0.015 0.077
0.005 0.003 0.079
0.009 0.007 0.081
0.007 0.005 0.083
0.009 0.007 0.083
-0.001 0.001 0.069
-0.001 -0.001 0.073
0.003 0.003 0.073
0.001 0.001 0.071
-0.011 -0.015 0.075
-0.027 -0.019 0.083
-0.017 -0.015 0.087
-0.023 -0.017 0.097
-0.017 -0.015 0.091
-0.015 -0.015 0.097
-0.009 -0.011 0.095
-0.013 -0.013 0.097
-0.017 -0.015 0.097
-0.017 -0.015 0.097
-0.025 -0.019 0.091
-0.025 -0.019 0.095
-0.019 -0.017 0.093
-0.017 -0.015 0.093
-0.007 -0.011 0.087
0.007 0.001 0.089
0.003 -0.019 0.091
0.001 -0.017 0.089
-0.017 -0.015 0.089
-0.011 -0.013 0.095
-0.001 -0.007 0.095
-0.033 -0.031 0.103
-0.025 -0.021 0.103
-0.035 -0.027 0.101
-0.035 -0.023 0.099
-0.035 -0.027 0.101
-0.037 -0.031 0.105
-0.033 -0.033 0.105
-0.023 -0.019 0.101
-0.017 -0.015 0.105
-0.025 -0.021 0.103
-0.011 -0.015 0.105
-0.009 -0.015 0.105
-0.003 -0.009 0.103
-0.009 -0.021 0.105
0.001 -0.017 0.107
-0.039 -0.025 0.101
-0.029 -0.021 0.097
-0.031 -0.023 0.099
-0.033 -0.023 0.099
-0.033 -0.029 0.101
-0.033 -0.031 0.103
-0.043 -0.031 0.105
-0.021 -0.017 0.099
-0.025 -0.021 0.101
-0.015 -0.015 0.101
-0.015 -0.015 0.105
-0.005 -0.021 0.103
-0.003 -0.025 0.101
-0.007 -0.011 0.103
0.001 -0.019 0.097
0.001 -0.009 0.101
-0.001 -0.011 0.099
-0.003 -0.011 0.103
-0.009 -0.021 0.105
-0.009 -0.015 0.107
-0.009 -0.015 0.109
-0.007 -0.023 0.111
0.003 -0.017 0.107
-0.009 -0.015 0.107
-0.007 -0.021 0.105
-0.001 -0.017 0.109
-0.015 -0.015 0.097
-0.007 -0.011 0.099
-0.005 -0.009 0.099
-0.003 -0.009 0.103
0.023 0.039 0.053
0.023 0.039 0.053
0.023 0.037 0.055
0.023 0.039 0.053
0.015 0.013 0.051
0.023 0.031 0.059
0.019 0.017 0.057
0.011 0.025 0.047
0.023 0.035 0.059
0.011 0.021 0.051
0.011 0.023 0.051
0.023 0.037 0.057
0.031 0.039 0.053
0.035 0.009 0.039
0.031 0.015 0.043
0.035 0.009 0.039
0.033 0.011 0.043
0.035 0.035 0.055
0.031 0.039 0.057
0.033 0.037 0.055
0.033 0.009 0.045
0.035 0.031 0.055
0.017 0.017 0.061
0.019 0.019 0.065
0.019 0.017 0.059
0.013 0.025 0.059
0.011 0.027 0.061
0.025 0.035 0.061
0.019 0.017 0.059
0.025 0.031 0.061
0.023 0.021 0.071
0.023 0.021 0.069
0.023 0.021 0.069
0.013 0.021 0.067
0.015 0.013 0.061
0.023 0.021 0.067
0.021 0.019 0.067
0.035 0.033 0.065
0.023 0.021 0.065
0.035 0.033 0.065
0.033 0.031 0.069
0.013 0.007 0.075
0.019 0.019 0.075
0.025 0.021 0.077
0.019 0.017 0.081
0.013 0.021 0.069
0.011 0.001 0.067
0.019 0.019 0.071
0.007 0.005 0.083
0.013 0.011 0.083
0.023 0.019 0.081
0.027 0.021 0.077
0.023 0.021 0.075
0.027 0.019 0.081
0.029 0.019 0.081
0.027 0.017 0.085
0.011 0.001 0.091
0.013 0.003 0.091
0.017 0.003 0.093
0.009 -0.027 0.095
0.009 -0.027 0.095
0.015 0.013 0.087
0.011 0.009 0.087
0.007 0.005 0.085
0.011 0.009 0.087
0.009 0.003 0.089
0.009 0.007 0.087
0.001 -0.007 0.095
0.019 0.009 0.091
0.019 0.007 0.093
0.025 0.017 0.087
0.033 0.027 0.087
0.029 0.017 0.087
0.029 0.013 0.091
0.027 0.013 0.091
0.019 0.003 0.095
0.009 -0.027 0.103
0.005 -0.017 0.107
-0.017 0.005 0.035
-0.017 0.003 0.037
-0.015 0.003 0.037
0.003 0.025 0.039
-0.005 0.017 0.033
0.003 0.023 0.037
-0.005 0.013 0.039
-0.001 0.017 0.037
0.003 0.025 0.039
-0.013 0.003 0.043
-0.011 0.001 0.045
0.023 0.041 0.043
0.025 0.041 0.043
0.019 0.039 0.041
0.031 0.035 0.041
0.027 0.037 0.039
0.031 0.031 0.037
0.019 0.039 0.037
0.021 0.037 0.035
0.023 0.035 0.033
0.029 0.027 0.031
0.031 0.027 0.031
0.009 0.025 0.041
0.025 0.041 0.047
0.019 0.041 0.043
0.021 0.041 0.047
0.023 0.041 0.047
0.021 0.041 0.049
0.007 0.025 0.041
0.005 0.025 0.039
0.007 0.029 0.045
0.015 0.037 0.045
0.023 0.041 0.045
0.023 0.039 0.053
0.009 0.027 0.045
0.021 0.039 0.053
0.029 0.039 0.045
0.033 0.033 0.043
0.033 0.019 0.039
0.029 0.039 0.045
0.031 0.035 0.041
0.031 0.033 0.039
0.031 0.039 0.053
0.013 0.035 0.039
0.009 0.027 0.037
0.007 0.025 0.041
0.017 0.039 0.039
0.019 0.041 0.043
0.015 0.033 0.033
0.019 0.037 0.035
0.007 0.031 0.051
0.009 0.031 0.051
0.007 0.031 0.049
0.019 0.039 0.049
0.009 0.025 0.041
0.025 0.039 0.039
0.031 0.037 0.045
0.033 0.025 0.039
0.033 0.027 0.039
0.021 0.037 0.035
0.031 0.031 0.035
0.027 0.041 0.051
0.031 0.039 0.047
0.033 0.033 0.043
0.033 0.033 0.045
0.015 0.013 0.055
0.019 0.017 0.059
0.015 0.013 0.053
0.015 0.013 0.055
0.031 0.009 0.049
0.035 0.035 0.059
0.033 0.037 0.059
0.031 0.009 0.049
0.031 0.039 0.057
0.029 0.031 0.067
0.031 0.029 0.069
0.033 0.031 0.069
0.035 0.033 0.063
0.011 0.031 0.057
0.007 0.029 0.061
0.009 0.029 0.061
0.013 0.025 0.063
0.033 0.037 0.055
0.021 0.017 0.059
0.031 0.037 0.061
0.033 0.035 0.061
0.033 0.033 0.067
0.025 0.037 0.059
0.031 0.037 0.059
0.029 0.037 0.061
0.035 0.009 0.039
0.035 0.003 0.037
0.035 0.007 0.039
0.035 0.019 0.037
0.035 0.019 0.037
0.033 0.005 0.043
0.033 0.009 0.043
0.037 0.023 0.065
0.037 0.023 0.067
0.035 0.011 0.063
0.035 0.035 0.061
0.035 0.035 0.059
0.017 0.035 0.033
0.015 0.037 0.039
0.017 0.037 0.037
0.015 0.037 0.043
0.025 0.033 0.033
0.031 0.035 0.041
0.027 0.039 0.041
0.029 0.039 0.043
0.029 0.039 0.043
0.033 0.033 0.045
0.023 0.041 0.041
0.025 0.041 0.049
0.025 0.039 0.053
0.029 0.039 0.055
0.031 0.039 0.053
0.025 0.041 0.051
0.027 0.041 0.053
0.029 0.037 0.061
0.035 0.035 0.057
0.033 0.037 0.057
0.035 0.033 0.061
0.035 0.035 0.061
0.003 0.003 0.073
0.005 0.003 0.075
0.007 0.003 0.073
0.017 0.017 0.079
0.029 0.021 0.075
0.035 0.029 0.071
0.031 0.027 0.073
0.021 0.019 0.067
0.021 0.019 0.069
0.021 0.019 0.071
0.019 0.019 0.071
0.021 0.019 0.075
0.019 0.019 0.077
0.013 0.021 0.069
0.033 0.033 0.067
0.029 0.027 0.069
0.027 0.021 0.071
0.021 0.019 0.079
0.029 0.021 0.079
0.011 0.009 0.081
0.013 0.011 0.081
0.015 0.013 0.083
0.013 0.007 0.091
0.017 0.009 0.091
0.041 0.037 0.087
0.031 0.013 0.089
0.019 0.017 0.083
0.021 0.017 0.087
0.029 0.017 0.087
0.023 0.009 0.093
0.021 0.005 0.095
0.023 0.007 0.095
0.031 0.013 0.089
0.029 0.011 0.093
0.027 0.013 0.091
0.031 0.013 0.089
0.029 0.019 0.081
0.027 0.019 0.083
0.025 0.017 0.085
0.029 0.017 0.085
0.033 0.027 0.087
0.041 0.035 0.075
0.037 0.025 0.067
0.043 0.037 0.081
0.041 0.035 0.079
0.041 0.035 0.083
0.041 0.035 0.081
0.037 0.023 0.067
0.039 0.025 0.069
0.035 0.031 0.067
0.033 0.029 0.071
0.043 0.035 0.077
0.039 0.033 0.081
0.039 0.033 0.081
0.037 0.033 0.081
0.039 0.031 0.073
0.041 0.037 0.087
0.041 0.035 0.085
0.043 0.035 0.085
0.039 0.035 0.083
0.039 0.037 0.087
0.043 0.035 0.085
0.039 0.033 0.081
0.043 0.033 0.083
