-0.039 -0.017 0.033
-0.023 -0.049 0.035
-0.029 -0.037 0.035
-0.025 -0.049 0.037
-0.003 -0.035 0.033
-0.017 -0.051 0.037
-0.037 -0.035 0.043
-0.035 -0.037 0.055
-0.033 -0.039 0.057
-0.033 -0.037 0.061
-0.021 -0.051 0.035
-0.021 -0.051 0.037
-0.023 -0.047 0.041
-0.027 -0.043 0.037
-0.029 -0.037 0.035
-0.027 -0.041 0.037
-0.023 -0.049 0.037
-0.021 -0.051 0.037
-0.019 -0.049 0.039
-0.017 -0.043 0.041
-0.021 -0.039 0.043
-0.019 -0.043 0.041
-0.017 -0.041 0.043
-0.023 -0.041 0.047
-0.005 -0.037 0.037
-0.001 -0.035 0.037
-0.007 -0.039 0.037
-0.009 -0.039 0.045
-0.009 -0.039 0.047
-0.031 -0.041 0.051
-0.031 -0.041 0.053
-0.031 -0.041 0.055
-0.017 -0.043 0.051
-0.017 -0.039 0.057
-0.021 -0.039 0.061
-0.015 -0.043 0.049
-0.017 -0.039 0.057
-0.015 -0.035 0.059
-0.037 -0.025 0.039
-0.037 -0.035 0.043
-0.037 -0.035 0.047
-0.037 -0.037 0.049
-0.037 -0.037 0.049
-0.041 -0.015 0.035
-0.043 -0.011 0.039
-0.037 -0.025 0.039
-0.039 -0.029 0.047
-0.035 -0.037 0.055
-0.035 -0.037 0.057
-0.035 -0.033 0.063
-0.033 -0.033 0.065
-0.035 -0.033 0.063
-0.033 -0.033 0.035
-0.033 -0.037 0.039
-0.031 -0.039 0.041
-0.035 -0.035 0.039
-0.029 -0.041 0.045
-0.033 -0.039 0.043
-0.031 -0.041 0.045
-0.025 -0.041 0.039
-0.025 -0.041 0.045
-0.031 -0.041 0.053
-0.035 -0.037 0.047
-0.031 -0.041 0.047
-0.035 -0.039 0.051
-0.035 -0.039 0.051
-0.035 -0.039 0.051
-0.023 -0.041 0.051
-0.021 -0.049 0.039
-0.013 -0.043 0.039
-0.007 -0.037 0.043
-0.019 -0.041 0.041
-0.017 -0.041 0.053
-0.013 -0.041 0.053
-0.023 -0.039 0.059
-0.031 -0.039 0.061
-0.027 -0.039 0.061
-0.011 -0.039 0.053
-0.015 -0.041 0.055
-0.009 -0.039 0.051
-0.007 -0.023 0.055
-0.001 -0.023 0.055
-0.015 -0.035 0.059
-0.019 -0.039 0.059
-0.019 -0.037 0.063
-0.015 -0.035 0.065
-0.005 -0.021 0.059
-0.005 -0.019 0.063
-0.035 -0.039 0.053
-0.035 -0.037 0.055
-0.021 -0.041 0.055
-0.021 -0.039 0.057
-0.019 -0.039 0.057
-0.015 -0.035 0.057
-0.011 -0.029 0.061
-0.013 -0.033 0.063
-0.007 -0.019 0.059
-0.049 -0.033 0.085
-0.041 -0.043 0.087
-0.047 -0.039 0.087
-0.039 -0.043 0.083
-0.035 -0.041 0.081
-0.039 -0.043 0.085
-0.041 -0.043 0.085
-0.035 -0.041 0.087
-0.043 -0.039 0.091
-0.041 -0.039 0.091
-0.041 -0.041 0.089
-0.033 -0.043 0.095
-0.027 -0.037 0.067
-0.031 -0.035 0.067
-0.019 -0.037 0.067
-0.023 -0.035 0.073
-0.019 -0.033 0.075
-0.015 -0.035 0.065
-0.013 -0.033 0.069
-0.013 -0.033 0.073
-0.025 -0.039 0.083
-0.031 -0.039 0.085
-0.017 -0.037 0.085
-0.025 -0.039 0.091
-0.023 -0.039 0.091
-0.021 -0.037 0.091
-0.017 -0.035 0.089
-0.021 -0.039 0.095
-0.009 -0.033 0.085
-0.011 -0.035 0.087
-0.013 -0.037 0.093
-0.009 -0.035 0.093
-0.001 -0.033 0.093
-0.047 -0.031 0.083
-0.047 -0.037 0.085
-0.047 -0.039 0.087
-0.045 -0.041 0.087
-0.039 -0.043 0.085
-0.035 -0.041 0.089
-0.039 -0.041 0.089
-0.037 -0.041 0.087
-0.043 -0.041 0.089
-0.037 -0.041 0.089
-0.027 -0.031 0.073
-0.023 -0.037 0.067
-0.023 -0.037 0.069
-0.025 -0.033 0.073
-0.023 -0.029 0.077
-0.023 -0.029 0.077
-0.013 -0.033 0.065
-0.009 -0.031 0.067
-0.019 -0.035 0.071
-0.009 -0.031 0.071
-0.007 -0.029 0.073
-0.013 -0.033 0.077
-0.009 -0.031 0.079
-0.015 -0.033 0.075
-0.019 -0.037 0.081
-0.003 -0.029 0.079
-0.003 -0.029 0.081
-0.009 -0.031 0.073
-0.013 -0.031 0.079
-0.005 -0.029 0.079
-0.007 -0.031 0.077
-0.007 -0.031 0.081
-0.007 -0.031 0.079
-0.007 -0.031 0.081
-0.021 -0.037 0.081
-0.019 -0.037 0.085
-0.031 -0.039 0.085
-0.029 -0.033 0.089
-0.033 -0.039 0.087
-0.027 -0.033 0.089
-0.027 -0.039 0.085
-0.033 -0.043 0.097
-0.033 -0.043 0.097
-0.025 -0.041 0.093
-0.019 -0.039 0.093
-0.019 -0.039 0.093
-0.029 -0.033 0.089
-0.031 -0.041 0.093
-0.027 -0.041 0.095
-0.007 -0.031 0.081
-0.003 -0.031 0.083
-0.003 -0.031 0.083
-0.003 -0.031 0.085
-0.007 -0.031 0.083
-0.003 -0.033 0.095
-0.005 -0.033 0.091
-0.003 -0.033 0.095
-0.007 -0.035 0.095
-0.017 -0.037 0.087
-0.017 -0.035 0.089
-0.017 -0.035 0.089
-0.013 -0.035 0.087
-0.011 -0.035 0.083
-0.011 -0.035 0.087
-0.009 -0.033 0.087
-0.009 -0.033 0.089
-0.019 -0.039 0.093
-0.017 -0.039 0.093
-0.009 -0.033 0.091
-0.011 -0.037 0.095
-0.011 -0.035 0.097
-0.039 -0.043 0.099
-0.035 -0.043 0.099
-0.039 -0.045 0.101
-0.041 -0.043 0.101
-0.033 -0.039 0.103
-0.041 -0.043 0.101
-0.043 -0.035 0.105
-0.027 -0.041 0.097
-0.031 -0.043 0.097
-0.027 -0.041 0.097
-0.025 -0.039 0.097
-0.019 -0.039 0.101
-0.023 -0.033 0.105
-0.011 -0.035 0.103
-0.001 -0.033 0.099
-0.007 -0.035 0.105
-0.041 -0.033 0.099
-0.043 -0.033 0.101
-0.037 -0.043 0.097
-0.031 -0.043 0.099
-0.033 -0.041 0.101
-0.031 -0.039 0.101
-0.035 -0.043 0.097
-0.031 -0.043 0.099
-0.027 -0.037 0.099
-0.025 -0.037 0.103
-0.027 -0.035 0.101
-0.023 -0.039 0.103
-0.021 -0.033 0.105
-0.025 -0.033 0.105
-0.025 -0.033 0.105
-0.023 -0.033 0.105
-0.011 -0.035 0.103
-0.007 -0.035 0.103
-0.009 -0.035 0.103
-0.011 -0.027 0.109
-0.007 -0.035 0.105
-0.009 -0.033 0.105
-0.005 -0.033 0.107
-0.007 -0.027 0.111
-0.015 -0.035 0.105
-0.015 -0.035 0.105
-0.009 -0.035 0.099
0.003 -0.033 0.033
-0.001 -0.035 0.033
0.003 -0.029 0.041
0.001 -0.031 0.041
0.005 -0.029 0.041
0.007 -0.027 0.041
0.007 -0.023 0.047
0.005 -0.025 0.049
-0.001 -0.029 0.041
-0.005 -0.035 0.043
0.015 -0.003 0.037
0.015 -0.005 0.041
0.001 -0.025 0.049
0.007 -0.021 0.049
-0.003 -0.027 0.049
-0.001 -0.027 0.049
0.001 -0.025 0.051
-0.005 -0.027 0.051
0.015 -0.005 0.045
0.015 -0.005 0.047
0.017 -0.005 0.041
0.023 -0.003 0.037
0.029 -0.009 0.037
0.027 -0.009 0.039
0.023 -0.007 0.043
0.023 -0.007 0.043
0.025 -0.007 0.045
0.005 -0.025 0.051
0.005 -0.025 0.053
0.007 -0.021 0.053
0.009 -0.019 0.057
0.003 -0.023 0.053
-0.005 -0.023 0.055
-0.001 -0.025 0.053
0.003 -0.023 0.055
-0.001 -0.023 0.057
0.011 -0.017 0.061
0.013 -0.017 0.065
0.013 -0.017 0.065
0.005 -0.019 0.065
0.021 -0.005 0.053
0.033 -0.005 0.037
0.005 -0.019 0.067
0.013 -0.017 0.065
0.013 -0.017 0.071
0.003 -0.017 0.073
-0.003 -0.027 0.077
0.007 -0.015 0.077
0.015 -0.015 0.073
0.011 -0.015 0.079
0.013 -0.015 0.079
0.013 -0.017 0.071
0.015 -0.015 0.073
0.015 -0.015 0.073
0.017 -0.013 0.075
0.017 -0.013 0.077
0.025 -0.003 0.077
-0.001 -0.031 0.087
0.001 -0.031 0.091
0.003 -0.031 0.091
0.003 -0.031 0.095
0.007 -0.029 0.093
-0.001 -0.033 0.093
-0.003 -0.033 0.091
-0.003 -0.031 0.083
0.005 -0.013 0.081
-0.003 -0.031 0.083
0.001 -0.031 0.089
-0.003 -0.033 0.089
0.003 -0.031 0.091
0.001 -0.031 0.091
0.021 -0.009 0.081
0.029 -0.001 0.081
0.021 -0.003 0.091
0.007 -0.029 0.097
-0.003 -0.035 0.105
0.011 -0.015 0.111
0.009 -0.017 0.113
-0.025 -0.047 0.039
-0.021 -0.039 0.043
-0.013 -0.041 0.047
-0.017 -0.041 0.043
-0.015 -0.041 0.043
-0.021 -0.041 0.049
-0.021 -0.041 0.051
-0.019 -0.043 0.051
-0.015 -0.041 0.047
-0.009 -0.031 0.073
0.021 -0.001 0.033
0.017 -0.001 0.033
0.021 -0.001 0.035
-0.003 -0.033 0.041
0.017 -0.001 0.035
0.019 -0.001 0.035
0.021 -0.001 0.035
0.017 -0.003 0.037
0.003 -0.029 0.041
0.001 -0.031 0.041
-0.007 -0.037 0.047
-0.009 -0.039 0.047
0.001 -0.031 0.041
-0.007 -0.037 0.043
-0.011 -0.041 0.047
-0.001 -0.029 0.041
0.001 -0.031 0.041
-0.001 -0.029 0.041
-0.003 -0.033 0.043
-0.001 -0.027 0.043
-0.003 -0.027 0.049
-0.003 -0.025 0.051
0.021 -0.001 0.033
0.027 -0.007 0.041
0.017 -0.003 0.037
0.021 -0.003 0.037
0.025 -0.009 0.043
-0.013 -0.041 0.045
-0.009 -0.039 0.045
-0.005 -0.035 0.043
-0.003 -0.033 0.043
-0.011 -0.041 0.051
-0.011 -0.039 0.053
0.001 -0.025 0.051
0.001 -0.023 0.053
0.005 -0.025 0.051
-0.003 -0.025 0.053
-0.013 -0.041 0.053
-0.003 -0.025 0.051
-0.003 -0.027 0.049
-0.001 -0.025 0.051
-0.003 -0.025 0.053
0.001 -0.023 0.053
0.005 -0.027 0.043
0.005 -0.025 0.053
0.017 -0.005 0.047
0.009 -0.019 0.053
0.003 -0.023 0.055
0.019 -0.005 0.049
0.021 -0.005 0.047
0.019 -0.005 0.049
0.019 -0.005 0.053
0.005 -0.025 0.053
-0.003 -0.021 0.057
0.007 -0.021 0.055
0.007 -0.021 0.055
-0.001 -0.019 0.063
0.009 -0.019 0.063
0.029 -0.001 0.051
0.029 -0.001 0.055
0.015 -0.003 0.053
0.007 -0.021 0.059
0.025 -0.003 0.055
0.025 -0.003 0.057
0.021 0.001 0.063
0.031 0.001 0.059
0.031 0.001 0.063
-0.005 -0.019 0.061
-0.003 -0.019 0.061
0.001 -0.023 0.055
-0.001 -0.021 0.059
0.001 -0.021 0.059
-0.007 -0.019 0.061
-0.003 -0.023 0.055
-0.003 -0.021 0.057
0.001 -0.019 0.065
0.001 -0.019 0.067
0.011 -0.017 0.053
0.009 -0.019 0.057
0.029 -0.009 0.037
0.029 -0.007 0.045
0.031 0.001 0.049
0.027 -0.009 0.039
0.023 -0.009 0.041
0.025 -0.007 0.041
0.027 -0.007 0.039
0.023 -0.009 0.041
0.031 0.001 0.061
0.027 -0.001 0.059
0.027 0.001 0.065
0.027 0.001 0.063
0.025 -0.001 0.061
0.025 0.001 0.065
0.001 -0.025 0.045
0.003 -0.025 0.047
0.007 -0.023 0.047
0.003 -0.023 0.053
0.003 -0.023 0.055
0.003 -0.023 0.055
0.017 -0.005 0.049
0.009 -0.019 0.053
0.003 -0.021 0.057
0.005 -0.021 0.061
0.019 -0.003 0.057
0.009 -0.019 0.057
0.023 -0.005 0.049
0.023 -0.003 0.057
0.025 -0.003 0.057
0.023 -0.003 0.059
0.025 -0.001 0.061
0.003 -0.017 0.071
0.007 -0.017 0.071
-0.003 -0.027 0.075
-0.001 -0.027 0.081
0.005 -0.013 0.081
0.009 -0.019 0.067
0.013 -0.015 0.075
0.027 0.001 0.073
-0.001 -0.017 0.071
0.005 -0.017 0.075
0.011 -0.017 0.069
0.009 -0.017 0.075
0.017 -0.013 0.075
0.017 -0.013 0.069
0.023 0.003 0.069
0.013 -0.015 0.079
0.009 -0.015 0.079
0.023 -0.005 0.075
0.019 -0.011 0.079
0.001 -0.031 0.087
0.009 -0.011 0.085
0.001 -0.031 0.091
0.005 -0.029 0.093
0.005 -0.027 0.091
0.029 -0.001 0.083
0.031 0.001 0.085
0.005 -0.029 0.089
0.015 -0.009 0.087
0.019 -0.001 0.093
0.019 -0.001 0.095
0.017 -0.003 0.093
0.019 -0.001 0.093
0.025 -0.001 0.091
0.021 0.001 0.093
0.013 -0.013 0.083
0.013 -0.011 0.085
0.015 -0.011 0.085
0.033 0.003 0.071
0.033 0.003 0.073
0.033 0.005 0.079
0.029 -0.001 0.081
0.027 0.001 0.067
0.029 0.003 0.071
0.027 0.001 0.073
0.031 0.003 0.073
0.031 0.003 0.071
0.033 0.003 0.071
0.029 0.001 0.075
0.029 -0.001 0.081
0.027 -0.003 0.079
0.027 -0.003 0.081
0.023 -0.005 0.077
0.029 0.001 0.077
0.031 0.003 0.075
0.023 -0.007 0.079
0.023 -0.007 0.081
0.027 -0.003 0.081
0.033 0.005 0.075
0.029 -0.001 0.085
0.027 -0.003 0.087
0.023 -0.007 0.083
0.027 -0.003 0.085
0.033 0.007 0.087
0.029 0.001 0.087
0.037 0.029 0.089
0.029 0.007 0.091
0.015 -0.015 0.069
0.031 0.001 0.081
0.029 0.003 0.089
0.031 0.003 0.087
