-0.015 -0.035 0.057
-0.019 -0.025 0.105
-0.017 -0.023 0.105
-0.005 -0.035 0.105
-0.005 -0.035 0.099
-0.011 -0.033 0.103
-0.011 -0.031 0.105
-0.009 -0.029 0.105
0.007 -0.029 0.103
0.003 -0.023 0.055
-0.005 -0.027 0.103
-0.005 -0.015 0.101
0.001 -0.019 0.067
0.005 -0.017 0.111
-0.021 -0.039 0.095
-0.023 -0.041 0.093
-0.025 -0.037 0.099
-0.019 -0.051 0.037
-0.017 -0.049 0.039
-0.023 -0.043 0.039
-0.027 -0.043 0.039
-0.017 -0.043 0.051
-0.021 -0.045 0.041
-0.015 -0.037 0.055
-0.023 -0.041 0.053
-0.023 -0.047 0.041
-0.019 -0.043 0.041
-0.019 -0.041 0.055
-0.025 -0.039 0.065
-0.027 -0.041 0.059
-0.021 -0.041 0.055
-0.019 -0.041 0.055
-0.013 -0.043 0.039
-0.011 -0.041 0.051
-0.009 -0.035 0.051
-0.007 -0.035 0.049
-0.009 -0.037 0.051
-0.011 -0.041 0.051
-0.003 -0.033 0.043
-0.011 -0.041 0.047
-0.013 -0.041 0.049
-0.011 -0.041 0.051
-0.007 -0.035 0.049
-0.029 -0.041 0.057
-0.023 -0.041 0.057
-0.019 -0.041 0.055
-0.027 -0.039 0.063
-0.031 -0.039 0.063
-0.027 -0.039 0.065
-0.021 -0.039 0.063
-0.015 -0.043 0.051
-0.007 -0.035 0.049
-0.017 -0.037 0.103
-0.019 -0.039 0.101
-0.019 -0.027 0.105
-0.021 -0.027 0.105
-0.021 -0.035 0.103
-0.019 -0.029 0.105
-0.021 -0.027 0.105
-0.023 -0.023 0.105
-0.019 -0.023 0.105
-0.019 -0.021 0.105
-0.021 -0.021 0.105
-0.021 -0.021 0.105
-0.019 -0.017 0.103
-0.021 -0.017 0.099
-0.023 -0.035 0.103
-0.023 -0.031 0.105
-0.021 -0.031 0.105
-0.021 -0.031 0.105
-0.001 -0.031 0.039
-0.005 -0.029 0.049
-0.007 -0.031 0.049
-0.013 -0.023 0.107
-0.005 -0.025 0.113
-0.003 -0.023 0.109
-0.001 -0.023 0.109
-0.011 -0.017 0.107
-0.013 -0.017 0.107
-0.013 -0.017 0.107
-0.013 -0.017 0.107
-0.009 -0.013 0.103
-0.007 -0.015 0.103
-0.011 -0.017 0.107
-0.011 -0.017 0.107
-0.015 -0.017 0.107
-0.005 -0.015 0.101
-0.009 -0.017 0.103
-0.007 -0.015 0.103
-0.005 -0.019 0.109
-0.001 -0.025 0.099
0.001 -0.023 0.091
0.005 -0.015 0.077
0.007 -0.019 0.109
-0.001 -0.017 0.109
-0.003 -0.013 0.099
-0.001 -0.011 0.093
-0.001 -0.011 0.103
-0.019 -0.031 0.105
-0.017 -0.027 0.105
-0.009 -0.025 0.113
-0.007 -0.025 0.115
-0.007 -0.027 0.111
-0.003 -0.033 0.093
-0.003 -0.033 0.105
-0.005 -0.029 0.049
-0.003 -0.035 0.107
-0.005 -0.027 0.103
-0.001 -0.023 0.093
0.001 -0.025 0.097
-0.013 -0.019 0.105
-0.007 -0.023 0.115
-0.007 -0.025 0.115
-0.001 -0.023 0.109
-0.003 -0.021 0.109
-0.001 -0.011 0.099
0.005 -0.015 0.111
0.005 -0.015 0.111
0.001 -0.021 0.109
-0.001 -0.021 0.109
0.001 -0.019 0.111
0.001 -0.019 0.111
0.001 -0.021 0.095
-0.001 -0.011 0.093
-0.001 -0.005 0.079
-0.043 -0.035 0.105
-0.037 -0.045 0.101
-0.031 -0.043 0.099
-0.029 -0.039 0.099
-0.029 -0.037 0.101
-0.039 -0.037 0.105
-0.035 -0.041 0.101
-0.031 -0.039 0.101
-0.021 -0.037 0.103
-0.019 -0.037 0.103
-0.011 -0.033 0.073
-0.021 -0.037 0.103
-0.029 -0.039 0.099
-0.015 -0.037 0.101
-0.025 -0.041 0.095
-0.025 -0.035 0.103
-0.023 -0.039 0.101
-0.019 -0.039 0.095
-0.015 -0.035 0.105
-0.009 -0.035 0.103
-0.001 -0.033 0.095
-0.023 -0.035 0.103
-0.037 -0.035 0.107
-0.033 -0.035 0.105
-0.035 -0.027 0.101
-0.039 -0.031 0.105
-0.035 -0.029 0.101
-0.039 -0.033 0.105
-0.033 -0.031 0.103
-0.035 -0.029 0.101
-0.019 -0.035 0.103
-0.021 -0.031 0.105
-0.021 -0.029 0.105
-0.015 -0.025 0.105
-0.017 -0.025 0.105
-0.013 -0.025 0.107
-0.015 -0.035 0.105
-0.015 -0.031 0.105
-0.013 -0.035 0.103
-0.011 -0.023 0.111
-0.005 -0.035 0.103
-0.001 -0.031 0.105
-0.005 -0.025 0.111
-0.005 -0.025 0.115
-0.003 -0.035 0.107
-0.003 -0.033 0.095
0.003 -0.029 0.103
-0.001 -0.033 0.101
0.001 -0.027 0.101
-0.001 -0.023 0.109
0.003 -0.017 0.111
-0.001 -0.011 0.089
0.001 -0.007 0.081
-0.001 -0.013 0.095
-0.007 -0.023 0.115
0.007 -0.017 0.113
-0.001 -0.005 0.079
-0.025 -0.033 0.105
-0.021 -0.035 0.103
-0.013 -0.031 0.105
-0.013 -0.033 0.103
-0.025 -0.027 0.105
-0.017 -0.021 0.105
-0.015 -0.021 0.105
-0.027 -0.033 0.105
-0.023 -0.029 0.105
-0.021 -0.029 0.105
-0.019 -0.033 0.105
-0.021 -0.027 0.105
-0.021 -0.025 0.105
-0.017 -0.025 0.105
-0.017 -0.023 0.105
-0.017 -0.021 0.105
-0.009 -0.033 0.105
-0.001 -0.033 0.099
-0.001 -0.025 0.099
-0.015 -0.017 0.107
-0.003 -0.021 0.109
-0.005 -0.013 0.103
0.001 -0.019 0.111
-0.001 -0.019 0.109
-0.007 -0.015 0.103
-0.009 -0.015 0.109
-0.001 -0.011 0.103
-0.001 -0.011 0.099
-0.037 -0.043 0.103
-0.033 -0.043 0.099
-0.033 -0.041 0.101
-0.033 -0.041 0.101
-0.041 -0.037 0.105
-0.037 -0.039 0.105
-0.035 -0.037 0.107
-0.035 -0.037 0.107
-0.039 -0.039 0.105
-0.035 -0.039 0.105
-0.037 -0.033 0.107
-0.039 -0.041 0.105
-0.017 -0.037 0.103
-0.009 -0.035 0.103
-0.005 -0.035 0.105
-0.001 -0.033 0.101
-0.001 -0.033 0.109
-0.041 -0.029 0.103
-0.039 -0.027 0.101
-0.027 -0.029 0.105
-0.027 -0.027 0.105
-0.029 -0.023 0.103
-0.027 -0.021 0.103
-0.021 -0.019 0.103
-0.025 -0.025 0.105
-0.021 -0.031 0.105
-0.021 -0.027 0.105
-0.021 -0.023 0.105
-0.001 -0.025 0.099
-0.001 -0.029 0.103
-0.013 -0.017 0.107
-0.005 -0.019 0.109
-0.003 -0.023 0.109
-0.003 -0.025 0.107
-0.007 -0.031 0.105
-0.003 -0.025 0.107
-0.007 -0.027 0.111
-0.011 -0.017 0.107
-0.001 -0.023 0.109
-0.005 -0.023 0.115
-0.001 -0.023 0.109
-0.001 -0.019 0.109
-0.005 -0.025 0.115
0.001 -0.033 0.037
0.005 -0.027 0.043
0.005 -0.021 0.063
0.001 -0.027 0.043
0.003 -0.027 0.043
0.005 -0.025 0.047
0.007 -0.021 0.051
0.007 -0.023 0.047
0.007 -0.019 0.067
0.019 -0.011 0.083
0.011 -0.017 0.073
0.019 -0.011 0.077
0.019 -0.011 0.083
0.023 -0.005 0.053
0.029 -0.007 0.045
0.027 -0.007 0.045
0.025 -0.005 0.049
0.027 -0.003 0.055
0.005 -0.023 0.053
0.009 -0.019 0.055
0.007 -0.021 0.061
0.009 -0.019 0.063
0.009 -0.019 0.067
0.013 -0.013 0.083
0.013 -0.011 0.087
0.015 -0.013 0.083
0.015 -0.013 0.083
0.019 -0.007 0.089
0.013 -0.017 0.063
0.013 -0.007 0.093
0.017 -0.011 0.085
0.013 -0.009 0.089
0.019 -0.005 0.053
0.027 -0.003 0.055
0.029 -0.001 0.055
0.033 -0.007 0.039
0.033 -0.007 0.041
0.003 -0.019 0.067
0.005 -0.019 0.069
0.003 -0.017 0.073
0.017 -0.013 0.079
0.011 -0.007 0.091
0.007 -0.019 0.111
0.011 -0.015 0.079
0.003 -0.003 0.083
0.017 -0.013 0.075
0.019 -0.011 0.083
0.019 -0.011 0.083
0.017 -0.013 0.079
0.005 -0.029 0.093
0.001 -0.023 0.089
0.005 -0.031 0.097
0.007 -0.029 0.095
0.005 -0.029 0.103
0.005 -0.029 0.103
0.005 -0.029 0.099
0.007 -0.029 0.101
0.001 -0.021 0.093
0.005 -0.021 0.109
0.007 -0.019 0.109
0.007 -0.019 0.111
0.011 -0.015 0.113
0.003 -0.007 0.083
0.015 -0.005 0.091
0.015 -0.003 0.095
0.019 -0.009 0.085
0.017 -0.011 0.085
0.023 -0.007 0.087
0.019 -0.007 0.089
0.027 -0.003 0.087
0.003 -0.029 0.103
0.003 -0.031 0.101
0.001 -0.027 0.101
0.009 -0.027 0.103
0.001 -0.023 0.107
0.005 -0.019 0.111
0.007 -0.019 0.111
0.005 -0.017 0.111
0.001 -0.009 0.103
0.007 -0.015 0.113
-0.005 -0.011 0.101
-0.005 -0.011 0.101
-0.003 -0.009 0.103
-0.001 -0.011 0.103
0.001 -0.009 0.095
0.007 -0.003 0.089
-0.003 -0.011 0.103
-0.001 -0.011 0.103
0.001 -0.009 0.097
-0.003 0.017 0.037
-0.003 0.017 0.037
0.007 0.005 0.085
0.003 -0.005 0.083
0.003 -0.003 0.083
0.019 -0.001 0.095
0.021 0.001 0.095
0.023 0.001 0.093
0.029 0.001 0.063
0.019 0.003 0.095
0.019 0.003 0.095
0.029 0.013 0.091
0.013 -0.009 0.089
0.015 -0.005 0.091
0.013 -0.005 0.093
0.019 -0.007 0.089
0.017 -0.007 0.089
0.013 -0.003 0.093
0.017 0.001 0.095
0.017 -0.003 0.093
0.021 0.001 0.093
0.013 -0.005 0.093
0.017 -0.007 0.089
0.017 -0.005 0.091
0.027 -0.001 0.061
0.031 0.001 0.061
0.029 -0.001 0.059
0.029 0.001 0.075
0.031 0.001 0.085
0.035 0.005 0.073
0.035 0.005 0.073
0.033 0.005 0.075
0.015 0.005 0.091
0.013 0.007 0.091
0.023 0.005 0.095
0.017 0.007 0.091
0.023 0.007 0.095
0.019 0.007 0.093
0.021 0.017 0.087
0.019 0.013 0.089
0.013 0.005 0.091
0.021 0.005 0.095
0.017 0.011 0.089
0.021 0.009 0.091
0.019 0.011 0.091
0.015 0.013 0.087
0.011 0.023 0.067
0.017 0.013 0.089
0.017 0.013 0.089
0.019 0.015 0.087
0.027 0.009 0.093
0.033 0.015 0.087
0.023 0.007 0.095
0.029 0.007 0.091
0.029 0.011 0.093
0.029 0.013 0.091
0.031 0.017 0.089
0.017 -0.003 0.093
0.017 -0.003 0.093
0.011 0.005 0.089
0.017 -0.001 0.095
0.017 0.001 0.095
0.015 0.003 0.091
0.019 -0.003 0.091
0.019 0.001 0.095
0.019 0.003 0.095
0.023 0.005 0.095
0.029 0.005 0.089
0.033 0.003 0.069
0.033 0.003 0.077
0.029 0.001 0.065
0.031 0.001 0.063
0.021 0.007 0.093
0.033 0.007 0.087
0.009 0.021 0.067
0.017 0.011 0.089
0.005 0.023 0.061
0.007 0.029 0.061
0.009 0.027 0.063
0.007 0.029 0.061
0.013 0.021 0.071
0.013 0.021 0.071
0.013 0.025 0.063
0.013 0.023 0.067
0.023 0.019 0.083
0.017 0.031 0.049
0.035 0.021 0.081
0.033 0.021 0.081
0.031 0.011 0.089
0.031 0.013 0.089
0.033 0.017 0.087
0.025 0.029 0.061
0.027 0.029 0.065
0.033 0.003 0.043
0.033 0.009 0.043
0.033 0.005 0.049
0.035 0.007 0.073
0.037 0.013 0.075
0.033 0.027 0.039
0.035 0.021 0.065
0.033 0.003 0.067
0.035 0.009 0.067
0.039 0.025 0.085
0.037 0.021 0.081
0.039 0.025 0.085
0.015 0.031 0.047
0.021 0.029 0.051
0.033 0.021 0.081
0.033 0.021 0.081
0.017 0.037 0.049
0.033 0.025 0.087
0.033 0.027 0.087
0.021 0.037 0.055
0.025 0.033 0.061
0.033 0.027 0.087
0.027 0.033 0.063
0.033 0.025 0.087
0.027 0.037 0.061
0.005 -0.005 0.087
0.019 -0.005 0.091
0.017 -0.003 0.093
0.019 0.001 0.095
0.009 0.001 0.089
0.013 -0.001 0.091
0.017 -0.001 0.095
0.015 -0.001 0.095
0.019 -0.001 0.095
0.011 0.003 0.091
0.015 0.007 0.091
0.023 -0.001 0.091
0.023 0.001 0.093
0.025 -0.001 0.091
0.021 0.001 0.095
0.027 -0.001 0.087
0.017 0.013 0.089
0.011 0.021 0.071
0.031 0.015 0.089
0.033 0.017 0.087
0.033 0.019 0.085
0.033 0.023 0.081
0.025 0.015 0.089
0.023 0.015 0.089
0.031 0.005 0.087
0.021 0.001 0.095
0.021 0.003 0.095
0.027 0.003 0.091
0.027 0.007 0.093
0.029 0.007 0.091
0.025 0.009 0.095
0.033 0.005 0.075
0.033 0.003 0.077
0.035 0.007 0.075
0.035 0.009 0.077
0.033 0.003 0.081
0.035 0.009 0.081
0.035 0.013 0.083
0.035 0.015 0.081
0.035 0.017 0.077
0.035 0.023 0.085
0.037 0.027 0.087
0.037 0.027 0.087
0.043 0.029 0.081
0.041 0.027 0.081
0.035 0.013 0.083
0.035 0.023 0.085
0.039 0.023 0.083
0.035 0.025 0.087
0.037 0.027 0.087
0.043 0.031 0.083
0.041 0.033 0.087
