-0.041 -0.013 0.043
-0.043 -0.011 0.043
-0.041 -0.007 0.041
-0.031 -0.011 0.047
-0.031 -0.011 0.047
-0.029 -0.019 0.061
-0.037 -0.011 0.045
-0.031 -0.009 0.047
-0.023 -0.003 0.041
-0.021 0.001 0.037
-0.021 0.001 0.037
-0.017 -0.007 0.047
-0.019 -0.001 0.041
-0.019 0.001 0.037
-0.039 -0.031 0.049
-0.037 -0.037 0.049
-0.047 -0.027 0.083
-0.047 -0.027 0.085
-0.035 -0.033 0.059
-0.037 -0.027 0.049
-0.037 -0.025 0.055
-0.033 -0.027 0.063
-0.031 -0.021 0.063
-0.033 -0.027 0.067
-0.031 -0.025 0.069
-0.035 -0.033 0.063
-0.035 -0.037 0.055
-0.037 -0.025 0.085
-0.037 -0.031 0.059
-0.037 -0.031 0.057
-0.037 -0.033 0.057
-0.035 -0.033 0.059
-0.029 -0.023 0.071
-0.033 -0.021 0.083
-0.027 -0.021 0.069
-0.027 -0.023 0.073
-0.023 -0.019 0.073
-0.035 -0.023 0.085
-0.031 -0.021 0.087
-0.043 -0.027 0.087
-0.043 -0.027 0.087
-0.043 -0.027 0.087
-0.043 -0.027 0.087
-0.033 -0.025 0.089
-0.037 -0.023 0.099
-0.031 -0.021 0.087
-0.031 -0.021 0.095
-0.039 -0.029 0.045
-0.039 -0.029 0.047
-0.039 -0.015 0.043
-0.037 -0.015 0.043
-0.035 -0.023 0.049
-0.043 -0.009 0.039
-0.043 -0.009 0.043
-0.041 -0.007 0.041
-0.033 -0.011 0.045
-0.041 -0.007 0.043
-0.037 -0.025 0.051
-0.037 -0.027 0.053
-0.037 -0.029 0.057
-0.033 -0.021 0.057
-0.033 -0.017 0.055
-0.035 -0.025 0.059
-0.033 -0.029 0.065
-0.033 -0.025 0.063
-0.033 -0.025 0.065
-0.033 -0.021 0.059
-0.033 -0.017 0.055
-0.035 -0.013 0.045
-0.031 -0.015 0.053
-0.031 -0.015 0.055
-0.031 -0.013 0.053
-0.029 -0.011 0.053
-0.019 -0.017 0.075
-0.019 -0.017 0.077
-0.035 -0.007 0.045
-0.031 -0.009 0.047
-0.027 -0.009 0.051
-0.027 -0.009 0.047
-0.033 -0.005 0.043
-0.031 -0.005 0.039
-0.033 -0.005 0.043
-0.029 -0.005 0.045
-0.023 -0.001 0.039
-0.033 -0.007 0.045
-0.029 -0.005 0.045
-0.021 -0.007 0.049
-0.023 -0.005 0.047
-0.013 -0.003 0.049
-0.007 -0.001 0.053
-0.015 -0.003 0.043
-0.007 -0.001 0.053
-0.009 -0.001 0.051
-0.007 -0.001 0.051
-0.005 -0.001 0.049
-0.031 -0.017 0.057
-0.019 -0.017 0.057
-0.033 -0.021 0.059
-0.031 -0.021 0.063
-0.031 -0.017 0.057
-0.027 -0.019 0.065
-0.023 -0.019 0.063
-0.021 -0.017 0.073
-0.029 -0.019 0.085
-0.015 -0.015 0.077
-0.019 -0.017 0.077
-0.013 -0.019 0.057
-0.027 -0.019 0.087
-0.021 -0.017 0.073
-0.009 -0.017 0.059
-0.017 -0.017 0.077
-0.007 -0.017 0.063
-0.031 -0.013 0.051
-0.031 -0.013 0.053
-0.027 -0.013 0.055
-0.025 -0.011 0.053
-0.017 -0.009 0.053
-0.017 -0.011 0.053
-0.017 -0.007 0.049
-0.013 -0.009 0.055
-0.011 -0.015 0.057
-0.005 -0.001 0.059
-0.007 -0.007 0.065
-0.045 -0.037 0.093
-0.047 -0.039 0.093
-0.047 -0.037 0.093
-0.043 -0.037 0.093
-0.043 -0.033 0.103
-0.043 -0.029 0.103
-0.035 -0.023 0.099
-0.031 -0.021 0.097
-0.027 -0.021 0.103
-0.035 -0.029 0.101
-0.033 -0.029 0.101
-0.029 -0.027 0.103
-0.031 -0.027 0.099
-0.031 -0.027 0.099
-0.029 -0.029 0.103
-0.025 -0.039 0.097
-0.033 -0.031 0.103
-0.035 -0.027 0.101
-0.023 -0.029 0.105
-0.019 -0.031 0.105
-0.017 -0.027 0.105
-0.049 -0.031 0.087
-0.047 -0.027 0.085
-0.043 -0.025 0.083
-0.035 -0.025 0.087
-0.035 -0.023 0.085
-0.039 -0.025 0.101
-0.037 -0.023 0.099
-0.031 -0.025 0.067
-0.033 -0.021 0.085
-0.025 -0.021 0.073
-0.025 -0.019 0.071
-0.021 -0.017 0.069
-0.029 -0.021 0.097
-0.027 -0.019 0.089
-0.019 -0.017 0.077
-0.027 -0.019 0.087
-0.023 -0.017 0.087
-0.019 -0.017 0.077
-0.023 -0.017 0.087
-0.027 -0.019 0.097
-0.025 -0.019 0.099
-0.019 -0.017 0.093
-0.023 -0.017 0.097
-0.021 -0.017 0.095
-0.023 -0.019 0.101
-0.021 -0.017 0.099
-0.019 -0.019 0.103
-0.019 -0.017 0.103
-0.017 -0.015 0.101
-0.015 -0.013 0.095
-0.013 -0.013 0.087
-0.011 -0.011 0.089
-0.013 -0.013 0.095
-0.005 -0.009 0.069
-0.005 -0.005 0.069
-0.001 -0.001 0.073
-0.001 -0.005 0.079
-0.001 -0.001 0.077
-0.035 -0.023 0.099
-0.033 -0.023 0.099
-0.027 -0.021 0.101
-0.033 -0.021 0.085
-0.031 -0.023 0.089
-0.029 -0.019 0.085
-0.025 -0.019 0.087
-0.029 -0.025 0.103
-0.025 -0.023 0.105
-0.027 -0.021 0.103
-0.027 -0.025 0.105
-0.025 -0.021 0.103
-0.033 -0.021 0.097
-0.029 -0.021 0.097
-0.027 -0.019 0.097
-0.027 -0.021 0.101
-0.027 -0.019 0.097
-0.023 -0.019 0.091
-0.027 -0.021 0.099
-0.025 -0.019 0.099
-0.023 -0.017 0.097
-0.019 -0.017 0.097
-0.017 -0.017 0.105
-0.017 -0.015 0.091
-0.009 -0.011 0.099
-0.011 -0.013 0.101
-0.013 -0.013 0.089
-0.011 -0.011 0.093
-0.041 -0.037 0.105
-0.041 -0.039 0.105
-0.037 -0.035 0.107
-0.039 -0.033 0.105
-0.043 -0.035 0.105
-0.039 -0.037 0.105
-0.037 -0.035 0.107
-0.031 -0.035 0.103
-0.025 -0.033 0.105
-0.023 -0.033 0.105
-0.019 -0.037 0.103
-0.017 -0.037 0.103
-0.013 -0.029 0.105
-0.011 -0.027 0.109
-0.005 -0.035 0.105
-0.041 -0.029 0.103
-0.043 -0.031 0.105
-0.029 -0.029 0.103
-0.023 -0.021 0.103
-0.021 -0.025 0.105
-0.019 -0.025 0.105
-0.009 -0.027 0.111
-0.011 -0.023 0.111
-0.013 -0.015 0.107
-0.005 -0.019 0.107
-0.011 -0.013 0.109
-0.007 -0.021 0.103
-0.011 -0.023 0.111
-0.015 -0.019 0.105
-0.015 -0.017 0.107
-0.007 -0.021 0.107
-0.003 -0.019 0.109
-0.009 -0.013 0.103
-0.003 -0.009 0.099
-0.009 -0.013 0.103
-0.011 -0.013 0.109
-0.013 -0.013 0.107
-0.013 -0.019 0.057
-0.011 -0.015 0.057
-0.019 -0.017 0.077
-0.011 -0.015 0.057
-0.013 -0.015 0.077
-0.013 -0.015 0.077
-0.005 -0.013 0.069
-0.007 -0.005 0.063
-0.007 -0.007 0.065
-0.005 -0.005 0.069
-0.003 -0.001 0.057
0.005 0.003 0.073
0.005 0.005 0.077
0.003 0.003 0.073
0.005 0.003 0.071
0.005 0.003 0.073
0.005 0.005 0.077
0.007 0.005 0.081
0.007 0.005 0.077
-0.015 -0.015 0.077
-0.003 -0.015 0.071
-0.003 -0.013 0.073
-0.003 -0.009 0.075
-0.009 -0.015 0.077
-0.003 -0.005 0.075
-0.001 -0.001 0.051
-0.001 0.001 0.059
-0.001 0.001 0.065
-0.001 0.001 0.069
-0.001 -0.007 0.079
0.003 -0.003 0.083
-0.001 0.001 0.071
0.001 0.001 0.077
0.001 0.001 0.077
0.001 -0.001 0.081
0.007 0.005 0.081
0.007 0.005 0.085
0.009 0.007 0.085
0.009 0.007 0.085
0.009 0.007 0.087
0.009 0.007 0.087
0.007 0.005 0.081
0.009 0.007 0.079
-0.007 -0.011 0.091
-0.009 -0.011 0.089
-0.005 -0.009 0.095
-0.005 -0.009 0.095
0.005 0.003 0.083
-0.007 -0.011 0.091
0.011 0.001 0.091
0.011 0.001 0.091
-0.011 -0.023 0.107
-0.009 -0.021 0.109
-0.009 -0.019 0.103
-0.007 -0.021 0.105
-0.009 -0.023 0.113
-0.007 -0.021 0.109
-0.007 -0.011 0.103
-0.009 -0.015 0.109
-0.005 -0.009 0.097
-0.003 -0.009 0.089
-0.001 -0.007 0.095
0.005 -0.009 0.087
0.001 -0.009 0.097
0.007 -0.007 0.089
0.001 -0.009 0.097
0.011 -0.005 0.093
0.011 -0.005 0.093
0.011 -0.003 0.091
0.015 -0.001 0.093
0.011 -0.005 0.093
0.013 -0.003 0.093
0.015 -0.003 0.095
0.017 0.001 0.095
-0.005 -0.021 0.109
-0.007 -0.025 0.115
-0.001 -0.019 0.099
-0.001 -0.017 0.109
0.001 -0.019 0.111
0.007 -0.019 0.111
-0.017 0.003 0.037
-0.017 0.005 0.035
-0.015 0.003 0.041
-0.017 0.005 0.035
-0.013 0.003 0.043
-0.015 0.005 0.035
-0.015 0.001 0.041
-0.005 0.011 0.037
-0.005 0.013 0.039
-0.009 0.013 0.035
-0.007 0.015 0.037
-0.001 0.001 0.061
0.007 0.011 0.049
0.003 0.029 0.055
0.009 0.027 0.063
0.011 0.027 0.061
0.011 0.031 0.041
0.013 0.035 0.043
0.011 0.025 0.065
0.005 0.009 0.047
0.003 0.013 0.045
0.005 0.005 0.043
0.007 0.007 0.047
0.007 0.005 0.047
0.007 0.005 0.047
0.003 0.017 0.047
0.007 0.017 0.053
0.011 0.009 0.053
0.015 0.013 0.059
0.015 0.009 0.061
0.005 0.021 0.057
0.009 0.023 0.065
0.011 0.009 0.079
0.013 0.019 0.073
0.013 0.019 0.073
0.003 0.019 0.041
0.003 0.023 0.041
0.003 0.021 0.045
0.003 0.025 0.049
0.003 0.025 0.051
0.013 0.033 0.039
0.003 0.029 0.049
0.003 0.029 0.051
0.003 0.019 0.047
0.003 0.019 0.047
0.005 0.023 0.061
0.003 0.029 0.051
0.003 0.029 0.053
0.003 0.027 0.055
0.005 0.023 0.061
0.007 0.023 0.061
0.009 0.025 0.065
0.009 0.025 0.065
0.013 0.027 0.061
0.023 0.029 0.053
0.019 0.035 0.051
0.021 0.033 0.055
0.009 0.025 0.065
0.013 0.027 0.061
0.009 0.025 0.065
0.011 0.025 0.065
0.013 0.027 0.061
0.021 0.027 0.049
0.013 0.027 0.059
0.021 0.027 0.049
0.021 0.029 0.051
0.023 0.029 0.053
0.011 0.003 0.053
0.005 0.013 0.049
0.007 0.015 0.051
0.015 0.013 0.057
-0.001 0.001 0.063
-0.001 0.001 0.067
0.017 0.011 0.073
0.017 0.013 0.071
0.009 0.019 0.065
0.013 0.017 0.073
0.017 0.017 0.071
0.009 0.007 0.079
0.019 0.019 0.079
0.005 0.019 0.051
0.005 0.021 0.057
0.009 0.019 0.055
0.007 0.021 0.059
0.005 0.023 0.061
0.003 0.025 0.055
0.005 0.029 0.057
0.005 0.029 0.061
0.007 0.021 0.061
0.005 0.023 0.061
0.009 0.025 0.065
0.009 0.021 0.065
0.007 0.025 0.063
0.009 0.027 0.063
0.009 0.025 0.065
0.011 0.021 0.071
0.019 0.029 0.049
0.023 0.021 0.069
0.023 0.021 0.073
0.023 0.021 0.069
0.025 0.021 0.071
0.029 0.025 0.067
0.027 0.025 0.059
0.025 0.029 0.059
0.027 0.027 0.063
0.015 0.009 0.065
0.015 0.009 0.065
0.011 0.019 0.071
0.013 0.023 0.067
0.017 0.015 0.069
0.015 0.013 0.077
0.029 0.019 0.041
0.029 0.023 0.043
0.023 0.027 0.051
0.031 0.017 0.041
0.019 0.015 0.087
0.029 0.029 0.067
0.033 0.031 0.069
0.017 0.037 0.049
0.021 0.037 0.055
0.025 0.039 0.055
0.027 0.041 0.053
0.021 0.041 0.049
0.023 0.041 0.049
0.019 0.037 0.051
0.033 0.033 0.067
-0.001 0.001 0.069
0.003 0.003 0.075
0.003 0.003 0.077
0.007 0.005 0.081
0.009 0.007 0.085
0.013 0.009 0.089
0.015 0.011 0.089
0.011 0.007 0.089
0.013 0.011 0.085
0.019 0.005 0.093
0.019 0.005 0.093
0.015 0.013 0.079
0.013 0.019 0.073
0.017 0.017 0.071
0.019 0.019 0.077
0.019 0.019 0.079
0.019 0.019 0.079
0.027 0.019 0.083
0.027 0.021 0.079
0.027 0.021 0.079
0.031 0.025 0.073
0.009 0.005 0.087
0.013 0.011 0.083
0.011 0.009 0.087
0.013 0.001 0.091
0.021 0.005 0.095
0.017 0.005 0.091
0.017 0.001 0.095
0.021 0.005 0.095
0.023 0.011 0.091
0.023 0.009 0.093
0.027 0.013 0.091
0.021 0.017 0.087
0.023 0.017 0.087
0.027 0.017 0.087
0.017 0.009 0.091
0.023 0.009 0.093
0.025 0.015 0.089
0.027 0.017 0.085
0.033 0.025 0.081
0.033 0.031 0.069
0.035 0.029 0.071
0.031 0.019 0.081
0.037 0.029 0.075
0.037 0.033 0.085
0.031 0.017 0.089
0.029 0.013 0.091
0.033 0.023 0.081
0.033 0.027 0.087
0.035 0.027 0.087
0.037 0.033 0.085
0.037 0.031 0.089
0.037 0.031 0.089
0.037 0.027 0.087
0.037 0.031 0.089
0.037 0.029 0.089
0.033 0.033 0.067
0.039 0.035 0.087
0.039 0.035 0.087
