-0.005 -0.037 0.037
-0.037 -0.043 0.083
-0.035 -0.041 0.083
-0.015 -0.041 0.055
-0.009 -0.033 0.051
-0.031 -0.035 0.067
-0.019 -0.037 0.069
-0.017 -0.039 0.093
-0.037 -0.037 0.049
-0.035 -0.039 0.049
-0.037 -0.035 0.053
-0.037 -0.035 0.055
-0.037 -0.035 0.055
-0.035 -0.037 0.059
-0.021 -0.051 0.037
-0.023 -0.049 0.037
-0.021 -0.051 0.037
-0.025 -0.043 0.039
-0.027 -0.043 0.039
-0.019 -0.047 0.039
-0.023 -0.045 0.041
-0.019 -0.043 0.041
-0.021 -0.041 0.049
-0.019 -0.043 0.051
-0.017 -0.043 0.051
-0.017 -0.041 0.043
-0.023 -0.041 0.049
-0.015 -0.045 0.039
-0.013 -0.043 0.039
-0.013 -0.041 0.045
-0.009 -0.039 0.039
-0.015 -0.043 0.051
-0.005 -0.037 0.037
-0.007 -0.037 0.039
-0.009 -0.039 0.049
-0.011 -0.041 0.051
-0.009 -0.039 0.049
-0.005 -0.035 0.045
-0.003 -0.033 0.043
-0.007 -0.037 0.049
-0.005 -0.033 0.045
-0.029 -0.041 0.055
-0.023 -0.041 0.053
-0.017 -0.043 0.051
-0.029 -0.039 0.059
-0.027 -0.039 0.061
-0.031 -0.039 0.063
-0.017 -0.037 0.065
-0.011 -0.041 0.051
-0.009 -0.039 0.051
-0.011 -0.035 0.053
-0.013 -0.039 0.053
-0.007 -0.037 0.049
-0.015 -0.035 0.061
-0.015 -0.035 0.065
-0.033 -0.039 0.055
-0.037 -0.035 0.055
-0.035 -0.035 0.061
-0.037 -0.035 0.053
-0.035 -0.031 0.063
-0.037 -0.041 0.087
-0.033 -0.043 0.095
-0.033 -0.043 0.097
-0.041 -0.041 0.089
-0.035 -0.043 0.101
-0.037 -0.033 0.057
-0.033 -0.041 0.085
-0.031 -0.043 0.095
-0.035 -0.041 0.085
-0.033 -0.041 0.085
-0.031 -0.043 0.095
-0.035 -0.041 0.081
-0.033 -0.041 0.085
-0.029 -0.041 0.057
-0.031 -0.039 0.061
-0.013 -0.041 0.053
-0.005 -0.035 0.045
-0.001 -0.031 0.039
-0.011 -0.031 0.053
-0.005 -0.029 0.049
-0.029 -0.039 0.085
-0.019 -0.035 0.073
-0.023 -0.037 0.085
-0.029 -0.043 0.095
-0.025 -0.041 0.095
-0.029 -0.043 0.097
-0.025 -0.041 0.095
-0.029 -0.043 0.097
-0.027 -0.041 0.097
-0.027 -0.041 0.097
-0.029 -0.041 0.099
-0.011 -0.027 0.053
-0.003 -0.025 0.053
-0.003 -0.021 0.057
-0.003 -0.023 0.055
-0.011 -0.035 0.085
-0.005 -0.031 0.083
-0.015 -0.037 0.097
-0.017 -0.037 0.097
-0.015 -0.037 0.101
-0.023 -0.041 0.095
-0.017 -0.037 0.087
-0.029 -0.043 0.097
-0.013 -0.033 0.065
-0.005 -0.027 0.051
-0.013 -0.035 0.083
-0.001 -0.023 0.057
-0.013 -0.033 0.071
-0.011 -0.033 0.075
-0.013 -0.035 0.085
-0.015 -0.035 0.087
-0.001 -0.021 0.061
-0.009 -0.033 0.089
-0.029 -0.043 0.097
-0.021 -0.039 0.093
-0.021 -0.039 0.095
-0.015 -0.035 0.089
-0.013 -0.037 0.095
-0.013 -0.037 0.099
-0.015 -0.037 0.101
-0.011 -0.035 0.103
-0.005 -0.035 0.103
-0.007 -0.035 0.105
-0.011 -0.035 0.097
-0.009 -0.035 0.099
-0.009 -0.035 0.103
-0.005 -0.033 0.107
-0.005 -0.033 0.107
-0.043 -0.043 0.087
-0.039 -0.043 0.087
-0.035 -0.041 0.085
-0.039 -0.045 0.101
-0.047 -0.039 0.087
-0.045 -0.039 0.089
-0.047 -0.039 0.093
-0.047 -0.037 0.093
-0.039 -0.043 0.087
-0.039 -0.043 0.103
-0.043 -0.033 0.091
-0.047 -0.037 0.093
-0.043 -0.037 0.093
-0.033 -0.043 0.097
-0.037 -0.043 0.103
-0.035 -0.043 0.101
-0.025 -0.037 0.069
-0.023 -0.037 0.067
-0.013 -0.033 0.075
-0.015 -0.033 0.077
-0.011 -0.033 0.077
-0.031 -0.043 0.095
-0.021 -0.037 0.087
-0.023 -0.041 0.095
-0.019 -0.037 0.087
-0.017 -0.037 0.087
-0.021 -0.039 0.095
-0.017 -0.039 0.093
-0.029 -0.041 0.099
-0.017 -0.037 0.095
-0.017 -0.037 0.097
-0.023 -0.039 0.103
-0.015 -0.035 0.087
-0.005 -0.033 0.089
-0.015 -0.037 0.093
-0.013 -0.037 0.093
-0.011 -0.037 0.095
-0.039 -0.043 0.103
-0.045 -0.035 0.093
-0.033 -0.041 0.101
-0.033 -0.039 0.103
-0.029 -0.043 0.097
-0.021 -0.039 0.101
-0.019 -0.037 0.087
-0.027 -0.039 0.097
-0.019 -0.037 0.103
-0.009 -0.031 0.073
-0.007 -0.033 0.085
-0.011 -0.037 0.095
-0.011 -0.037 0.095
-0.007 -0.033 0.087
-0.009 -0.035 0.097
-0.003 -0.033 0.097
-0.015 -0.035 0.085
-0.011 -0.035 0.087
-0.005 -0.029 0.079
-0.007 -0.033 0.087
-0.005 -0.033 0.087
-0.001 -0.033 0.093
-0.011 -0.035 0.103
-0.003 -0.033 0.099
-0.005 -0.035 0.105
-0.003 -0.025 0.107
-0.011 -0.033 0.103
-0.003 -0.035 0.105
-0.003 -0.035 0.107
-0.003 -0.035 0.107
-0.005 -0.027 0.103
-0.031 -0.037 0.103
-0.025 -0.031 0.105
-0.021 -0.037 0.103
-0.023 -0.033 0.105
-0.023 -0.033 0.105
-0.023 -0.033 0.105
-0.029 -0.033 0.103
-0.019 -0.033 0.105
-0.025 -0.027 0.105
-0.021 -0.031 0.105
-0.023 -0.029 0.105
-0.021 -0.025 0.105
-0.013 -0.037 0.093
-0.005 -0.033 0.087
-0.001 -0.033 0.089
-0.001 -0.033 0.099
-0.001 -0.033 0.097
-0.003 -0.033 0.101
-0.003 -0.033 0.099
-0.003 -0.033 0.109
-0.001 -0.023 0.099
-0.001 -0.025 0.099
-0.015 -0.029 0.105
-0.013 -0.029 0.105
-0.011 -0.029 0.105
-0.009 -0.027 0.109
-0.013 -0.025 0.107
-0.011 -0.025 0.111
-0.005 -0.025 0.113
-0.003 -0.021 0.109
-0.033 -0.043 0.099
-0.043 -0.035 0.105
-0.035 -0.041 0.101
-0.037 -0.037 0.107
-0.031 -0.033 0.103
-0.025 -0.035 0.103
-0.023 -0.039 0.103
-0.023 -0.035 0.103
-0.015 -0.037 0.101
-0.005 -0.035 0.099
-0.005 -0.035 0.099
-0.001 -0.033 0.099
-0.003 -0.033 0.099
-0.003 -0.035 0.107
-0.001 -0.033 0.107
-0.043 -0.035 0.105
-0.043 -0.031 0.105
-0.035 -0.037 0.107
-0.037 -0.033 0.107
-0.035 -0.031 0.105
-0.029 -0.031 0.105
-0.021 -0.021 0.105
-0.023 -0.023 0.105
-0.017 -0.017 0.105
-0.001 -0.033 0.107
-0.005 -0.031 0.107
-0.005 -0.027 0.103
-0.001 -0.023 0.099
-0.011 -0.025 0.111
0.003 -0.031 0.037
0.003 -0.031 0.037
0.005 -0.029 0.041
0.005 -0.029 0.041
0.005 -0.027 0.043
0.001 -0.025 0.051
0.005 -0.025 0.045
0.005 -0.027 0.043
0.003 -0.025 0.049
0.001 -0.021 0.059
0.003 -0.021 0.061
0.005 -0.021 0.059
-0.001 -0.033 0.091
0.011 -0.017 0.065
0.007 -0.029 0.089
0.019 -0.005 0.041
0.031 -0.009 0.041
0.023 -0.009 0.043
0.019 -0.005 0.047
0.025 -0.009 0.043
0.027 -0.007 0.045
0.025 -0.005 0.049
0.005 -0.025 0.053
0.005 -0.025 0.053
0.005 -0.025 0.053
0.009 -0.019 0.057
0.007 -0.021 0.061
0.007 -0.019 0.067
-0.001 -0.033 0.099
0.005 -0.029 0.089
0.013 -0.017 0.071
0.005 -0.031 0.097
0.013 -0.015 0.077
0.013 -0.017 0.067
0.011 -0.017 0.071
0.013 -0.017 0.071
0.013 -0.017 0.071
0.015 -0.015 0.071
0.013 -0.015 0.073
0.011 -0.017 0.073
0.019 -0.005 0.053
0.015 -0.015 0.075
0.027 -0.003 0.053
0.029 -0.001 0.055
0.015 -0.013 0.077
0.023 -0.001 0.061
0.029 -0.001 0.059
0.027 -0.001 0.061
0.031 -0.009 0.041
0.035 -0.003 0.039
0.033 -0.007 0.041
0.033 -0.001 0.041
0.005 -0.019 0.069
0.009 -0.027 0.103
0.013 -0.015 0.079
0.015 -0.013 0.081
0.017 -0.013 0.071
0.017 -0.011 0.085
0.017 -0.013 0.079
0.021 -0.009 0.083
0.021 -0.007 0.087
0.005 -0.029 0.089
0.007 -0.029 0.089
-0.001 -0.033 0.101
0.003 -0.031 0.093
0.007 -0.029 0.095
-0.001 -0.033 0.109
0.009 -0.027 0.103
0.011 -0.011 0.085
0.013 -0.011 0.087
0.005 -0.011 0.087
0.003 -0.021 0.109
0.003 -0.019 0.111
0.011 -0.017 0.113
0.023 -0.007 0.087
0.023 -0.005 0.089
0.023 -0.003 0.091
0.005 -0.031 0.097
0.001 -0.029 0.101
0.005 -0.029 0.103
0.001 -0.021 0.109
0.003 -0.021 0.109
0.009 -0.017 0.113
-0.015 -0.037 0.093
-0.019 -0.037 0.097
-0.019 -0.039 0.101
-0.011 -0.035 0.103
-0.007 -0.031 0.105
0.011 -0.017 0.073
0.007 -0.029 0.093
0.003 -0.031 0.101
0.005 -0.029 0.103
0.015 -0.013 0.077
0.013 -0.011 0.087
0.031 0.001 0.059
0.031 0.001 0.063
-0.003 -0.033 0.091
-0.001 -0.033 0.093
-0.003 -0.035 0.107
-0.003 -0.033 0.109
-0.001 -0.033 0.109
0.003 -0.031 0.097
0.009 -0.027 0.095
0.001 -0.031 0.101
0.007 -0.029 0.089
0.005 -0.031 0.097
0.021 -0.005 0.047
0.023 -0.005 0.045
0.029 -0.007 0.045
0.029 -0.005 0.045
0.027 -0.003 0.049
0.029 -0.001 0.053
0.023 -0.005 0.075
-0.005 -0.033 0.107
-0.001 -0.033 0.109
0.007 -0.011 0.085
0.003 -0.021 0.109
0.001 -0.019 0.097
-0.001 -0.023 0.109
-0.001 -0.023 0.107
0.009 -0.009 0.091
0.009 -0.009 0.091
-0.001 -0.021 0.109
-0.003 -0.021 0.109
0.005 -0.021 0.109
0.007 -0.019 0.109
0.013 -0.015 0.079
0.015 -0.013 0.081
0.013 -0.013 0.083
0.027 0.001 0.067
0.015 -0.009 0.087
0.017 -0.009 0.087
0.025 -0.005 0.083
0.015 -0.011 0.085
0.013 -0.005 0.093
0.005 -0.029 0.101
0.007 -0.029 0.103
0.003 -0.019 0.091
0.003 -0.029 0.103
0.005 -0.027 0.103
0.011 -0.009 0.087
-0.003 -0.033 0.109
-0.003 -0.033 0.109
-0.001 -0.033 0.109
0.001 -0.021 0.095
0.013 -0.015 0.079
0.013 -0.013 0.083
0.013 -0.011 0.085
0.011 -0.009 0.091
0.029 0.001 0.063
0.015 -0.009 0.087
0.029 0.001 0.061
0.027 0.001 0.067
0.015 -0.013 0.081
0.015 -0.013 0.083
0.017 -0.011 0.085
0.031 0.001 0.063
0.031 0.001 0.063
0.007 -0.019 0.111
0.001 -0.019 0.111
0.007 -0.017 0.113
0.005 -0.015 0.111
0.009 0.005 0.087
0.009 0.023 0.065
0.003 -0.019 0.111
0.003 -0.019 0.111
0.007 -0.017 0.113
0.005 -0.019 0.111
0.001 -0.009 0.103
0.007 -0.017 0.113
0.009 0.025 0.065
0.007 -0.015 0.113
0.011 -0.017 0.113
0.025 -0.001 0.091
0.023 0.001 0.093
0.023 0.003 0.095
0.025 0.001 0.091
0.021 0.003 0.095
0.021 0.005 0.095
0.035 0.007 0.039
0.025 -0.005 0.083
0.033 0.003 0.067
0.027 0.003 0.091
0.007 -0.019 0.109
0.013 -0.007 0.093
0.013 -0.005 0.093
0.009 -0.015 0.113
0.021 -0.003 0.091
0.019 -0.001 0.095
0.023 0.001 0.093
0.021 0.001 0.095
0.015 0.007 0.091
0.017 0.007 0.091
0.021 0.005 0.095
0.025 0.007 0.095
0.019 0.007 0.093
0.025 0.007 0.095
0.027 0.007 0.093
-0.001 -0.023 0.105
0.009 -0.011 0.085
-0.001 -0.023 0.109
0.001 -0.021 0.109
0.003 -0.019 0.111
0.011 -0.009 0.091
0.023 -0.007 0.087
0.031 0.003 0.073
0.017 -0.007 0.089
0.015 -0.005 0.091
0.023 -0.007 0.085
0.013 -0.015 0.113
0.005 -0.017 0.111
0.007 -0.017 0.113
0.011 0.003 0.091
0.009 0.007 0.087
0.017 -0.001 0.095
0.027 0.009 0.093
0.027 0.007 0.093
0.021 0.005 0.095
0.025 0.007 0.095
0.027 0.007 0.093
0.003 -0.019 0.111
0.003 -0.019 0.111
0.007 -0.017 0.113
0.011 0.003 0.091
0.011 -0.013 0.113
0.013 -0.015 0.113
0.031 0.003 0.087
0.019 0.007 0.093
0.025 0.009 0.095
0.031 0.013 0.089
0.021 0.001 0.093
0.019 0.003 0.095
0.027 0.003 0.091
0.023 0.007 0.095
0.029 0.009 0.091
0.029 0.011 0.093
0.029 0.011 0.093
0.025 0.009 0.095
0.025 0.009 0.095
0.031 0.007 0.089
0.029 0.003 0.089
0.031 0.013 0.089
0.031 0.015 0.089
0.041 0.023 0.079
0.043 0.029 0.081
0.033 0.003 0.081
0.033 0.009 0.087
0.033 0.015 0.087
0.035 0.023 0.085
0.035 0.027 0.087
0.039 0.029 0.087
0.041 0.027 0.083
0.043 0.029 0.081
0.039 0.025 0.085
0.043 0.029 0.081
0.043 0.031 0.083
0.041 0.031 0.085
