-0.037 -0.015 0.043
-0.041 -0.035 0.091
-0.037 -0.039 0.105
-0.035 -0.039 0.105
-0.033 -0.039 0.103
-0.035 -0.035 0.107
-0.039 -0.033 0.105
-0.033 -0.017 0.049
-0.033 -0.017 0.051
-0.023 -0.009 0.051
-0.017 -0.009 0.053
-0.019 -0.007 0.049
-0.041 -0.043 0.087
-0.023 -0.049 0.039
-0.019 -0.051 0.037
-0.027 -0.045 0.037
-0.025 -0.047 0.039
-0.017 -0.045 0.039
-0.041 -0.043 0.103
-0.041 -0.043 0.103
-0.039 -0.043 0.103
-0.039 -0.045 0.101
-0.037 -0.045 0.101
-0.039 -0.041 0.105
-0.035 -0.041 0.101
-0.033 -0.041 0.101
-0.031 -0.041 0.053
-0.039 -0.045 0.101
-0.019 -0.041 0.055
-0.033 -0.043 0.099
-0.009 -0.037 0.051
-0.001 -0.035 0.037
-0.019 -0.039 0.101
-0.023 -0.041 0.093
-0.019 -0.039 0.095
-0.039 -0.043 0.103
-0.029 -0.041 0.099
-0.027 -0.041 0.097
-0.015 -0.041 0.055
-0.013 -0.041 0.053
-0.025 -0.039 0.097
-0.025 -0.037 0.103
-0.023 -0.039 0.101
-0.045 -0.033 0.091
-0.045 -0.027 0.085
-0.043 -0.027 0.087
-0.037 -0.021 0.045
-0.037 -0.019 0.043
-0.045 -0.037 0.093
-0.043 -0.027 0.087
-0.037 -0.019 0.043
-0.041 -0.025 0.085
-0.039 -0.011 0.043
-0.039 -0.009 0.045
-0.041 -0.011 0.043
-0.039 -0.009 0.045
-0.037 -0.007 0.045
-0.039 -0.025 0.085
-0.043 -0.035 0.091
-0.043 -0.031 0.105
-0.043 -0.035 0.105
-0.043 -0.035 0.105
-0.041 -0.029 0.103
-0.043 -0.033 0.091
-0.043 -0.029 0.101
-0.029 -0.029 0.103
-0.021 -0.031 0.105
-0.019 -0.037 0.103
-0.039 -0.025 0.099
-0.031 -0.011 0.047
-0.025 -0.013 0.055
-0.027 -0.015 0.057
-0.023 -0.005 0.047
-0.021 -0.005 0.047
-0.025 -0.007 0.049
-0.027 -0.009 0.051
-0.023 -0.007 0.049
-0.027 -0.025 0.105
-0.027 -0.025 0.105
-0.015 -0.011 0.055
-0.019 -0.015 0.091
-0.021 -0.019 0.103
-0.011 -0.003 0.053
-0.007 -0.007 0.061
-0.007 -0.003 0.061
-0.007 -0.005 0.063
-0.039 -0.025 0.101
-0.033 -0.025 0.099
-0.031 -0.023 0.099
-0.029 -0.025 0.101
-0.029 -0.025 0.103
-0.021 -0.031 0.105
-0.025 -0.037 0.103
-0.025 -0.033 0.105
-0.025 -0.029 0.105
-0.017 -0.025 0.105
-0.019 -0.025 0.105
-0.015 -0.027 0.105
-0.031 -0.013 0.053
-0.029 -0.015 0.057
-0.029 -0.015 0.057
-0.027 -0.021 0.103
-0.025 -0.019 0.099
-0.011 -0.007 0.057
-0.021 -0.021 0.105
-0.019 -0.021 0.105
-0.005 -0.005 0.065
-0.007 -0.007 0.065
-0.049 -0.037 0.093
-0.041 -0.043 0.103
-0.037 -0.043 0.103
-0.041 -0.039 0.091
-0.045 -0.037 0.093
-0.043 -0.041 0.089
-0.037 -0.043 0.103
-0.047 -0.039 0.093
-0.047 -0.035 0.093
-0.043 -0.033 0.091
-0.047 -0.035 0.093
-0.037 -0.041 0.103
-0.025 -0.041 0.095
-0.029 -0.041 0.099
-0.025 -0.037 0.103
-0.023 -0.037 0.103
-0.023 -0.037 0.103
-0.023 -0.037 0.103
-0.019 -0.037 0.103
-0.033 -0.037 0.105
-0.027 -0.039 0.097
-0.021 -0.039 0.101
-0.025 -0.037 0.103
-0.023 -0.039 0.103
-0.023 -0.037 0.103
-0.025 -0.041 0.095
-0.021 -0.039 0.101
-0.023 -0.035 0.103
-0.021 -0.037 0.103
-0.019 -0.037 0.103
-0.013 -0.035 0.103
-0.015 -0.037 0.101
-0.005 -0.035 0.105
-0.045 -0.033 0.091
-0.045 -0.031 0.089
-0.045 -0.033 0.091
-0.041 -0.025 0.085
-0.047 -0.029 0.087
-0.045 -0.029 0.089
-0.039 -0.025 0.101
-0.037 -0.033 0.107
-0.035 -0.031 0.105
-0.037 -0.029 0.101
-0.033 -0.023 0.099
-0.033 -0.025 0.099
-0.027 -0.025 0.105
-0.029 -0.025 0.103
-0.033 -0.031 0.103
-0.027 -0.023 0.103
-0.027 -0.025 0.105
-0.021 -0.033 0.105
-0.021 -0.031 0.105
-0.017 -0.033 0.105
-0.021 -0.027 0.105
-0.021 -0.027 0.105
-0.023 -0.025 0.105
-0.019 -0.025 0.105
-0.023 -0.023 0.105
-0.013 -0.025 0.107
-0.015 -0.025 0.105
-0.017 -0.035 0.103
-0.013 -0.031 0.105
-0.017 -0.023 0.105
-0.019 -0.021 0.105
-0.011 -0.023 0.111
-0.013 -0.021 0.105
-0.011 -0.025 0.109
-0.011 -0.023 0.109
-0.017 -0.019 0.105
-0.013 -0.019 0.105
-0.005 -0.003 0.067
-0.017 -0.019 0.105
-0.013 -0.013 0.107
-0.031 -0.033 0.103
-0.031 -0.029 0.101
-0.033 -0.029 0.101
-0.029 -0.027 0.103
-0.023 -0.029 0.105
-0.035 -0.025 0.099
-0.029 -0.025 0.103
-0.031 -0.023 0.099
-0.033 -0.025 0.099
-0.035 -0.033 0.105
-0.027 -0.033 0.105
-0.027 -0.027 0.105
-0.027 -0.033 0.105
-0.031 -0.023 0.099
-0.027 -0.025 0.105
-0.021 -0.019 0.103
-0.021 -0.021 0.105
-0.007 -0.035 0.105
-0.019 -0.021 0.105
-0.005 -0.033 0.107
-0.005 -0.033 0.107
-0.003 -0.027 0.101
-0.007 -0.021 0.109
-0.015 -0.017 0.107
-0.013 -0.019 0.105
-0.017 -0.019 0.105
-0.013 -0.015 0.107
-0.015 -0.015 0.107
-0.041 -0.043 0.103
-0.039 -0.041 0.105
-0.033 -0.043 0.099
-0.037 -0.043 0.103
-0.043 -0.035 0.105
-0.035 -0.039 0.105
-0.033 -0.039 0.103
-0.037 -0.037 0.107
-0.035 -0.037 0.107
-0.033 -0.033 0.105
-0.027 -0.041 0.097
-0.029 -0.039 0.099
-0.031 -0.037 0.103
-0.023 -0.039 0.103
-0.023 -0.039 0.103
-0.021 -0.039 0.101
-0.017 -0.037 0.103
-0.011 -0.035 0.103
-0.009 -0.033 0.105
-0.003 -0.033 0.109
-0.003 -0.033 0.109
-0.041 -0.029 0.103
-0.039 -0.033 0.105
-0.037 -0.027 0.101
-0.039 -0.025 0.101
-0.033 -0.029 0.101
-0.029 -0.031 0.105
-0.027 -0.021 0.103
-0.025 -0.021 0.103
-0.023 -0.019 0.101
-0.021 -0.021 0.105
-0.017 -0.023 0.105
-0.007 -0.027 0.107
-0.003 -0.027 0.101
-0.007 -0.023 0.115
-0.007 -0.023 0.115
-0.009 -0.029 0.105
-0.013 -0.025 0.107
-0.011 -0.027 0.109
-0.011 -0.025 0.111
-0.007 -0.027 0.111
-0.005 -0.025 0.113
-0.005 -0.025 0.115
-0.009 -0.025 0.113
-0.015 -0.017 0.107
-0.015 -0.017 0.107
-0.019 -0.033 0.105
-0.015 -0.031 0.105
-0.015 -0.027 0.105
-0.013 -0.031 0.105
-0.011 -0.027 0.109
-0.011 -0.029 0.105
-0.017 -0.021 0.105
-0.017 -0.017 0.105
-0.005 -0.013 0.103
-0.011 -0.025 0.109
-0.013 -0.013 0.101
-0.007 -0.013 0.103
-0.007 -0.011 0.103
0.003 -0.011 0.085
0.005 -0.019 0.111
0.001 -0.019 0.111
0.005 -0.015 0.111
0.013 -0.009 0.089
0.003 -0.019 0.111
0.005 -0.017 0.111
0.005 -0.015 0.111
-0.015 -0.033 0.105
-0.013 -0.031 0.105
-0.011 -0.025 0.111
-0.011 -0.029 0.105
-0.007 -0.027 0.107
-0.009 -0.027 0.111
-0.007 -0.027 0.111
-0.009 -0.027 0.111
-0.005 -0.025 0.109
-0.007 -0.017 0.101
-0.007 -0.021 0.109
-0.001 -0.011 0.103
-0.001 -0.023 0.109
-0.001 -0.021 0.109
0.005 -0.009 0.087
0.015 -0.009 0.087
0.009 -0.017 0.111
0.007 -0.015 0.113
-0.009 -0.025 0.113
0.007 -0.009 0.089
0.007 -0.007 0.089
0.007 -0.005 0.087
-0.005 -0.017 0.099
-0.005 -0.019 0.109
0.003 -0.019 0.111
-0.001 -0.021 0.109
0.003 -0.017 0.111
0.011 -0.011 0.085
0.009 -0.009 0.091
0.005 -0.017 0.111
0.005 -0.019 0.111
0.017 -0.007 0.089
0.011 -0.013 0.113
0.015 -0.005 0.091
-0.001 -0.033 0.109
-0.001 -0.027 0.101
-0.009 -0.023 0.113
-0.007 -0.025 0.115
-0.003 -0.027 0.101
-0.007 -0.021 0.109
-0.005 -0.017 0.099
0.005 -0.013 0.085
0.007 -0.015 0.113
0.013 -0.009 0.089
0.011 -0.007 0.091
0.011 -0.007 0.091
0.009 -0.005 0.091
0.011 -0.001 0.091
0.013 -0.005 0.093
0.009 -0.015 0.113
0.007 -0.015 0.113
0.011 -0.013 0.113
0.019 -0.001 0.095
0.003 -0.031 0.101
0.003 -0.029 0.103
0.005 -0.029 0.103
0.003 -0.021 0.109
0.003 -0.019 0.111
0.011 -0.015 0.113
-0.019 0.003 0.035
-0.015 0.003 0.041
-0.013 0.003 0.043
-0.003 0.007 0.037
-0.005 0.011 0.037
-0.003 0.011 0.039
-0.013 -0.001 0.049
-0.005 0.015 0.037
-0.001 0.017 0.037
-0.003 -0.001 0.069
-0.001 -0.001 0.075
-0.001 -0.001 0.077
-0.001 -0.003 0.079
-0.001 -0.001 0.077
0.001 -0.007 0.095
0.007 -0.005 0.087
0.005 0.017 0.051
0.005 0.021 0.057
0.011 0.019 0.067
0.017 0.017 0.065
0.015 0.015 0.081
0.007 0.025 0.063
0.011 0.023 0.067
-0.005 -0.003 0.063
-0.005 -0.003 0.067
0.003 0.005 0.039
-0.003 -0.001 0.069
-0.001 0.001 0.071
0.001 0.015 0.037
0.009 0.009 0.049
-0.001 0.001 0.071
-0.001 -0.005 0.079
0.001 -0.001 0.079
0.003 0.011 0.045
0.001 -0.009 0.103
0.009 -0.005 0.091
0.009 -0.001 0.089
0.011 0.001 0.091
0.015 -0.009 0.087
0.013 -0.009 0.089
0.013 -0.003 0.093
0.013 -0.007 0.093
0.011 0.003 0.091
0.011 0.003 0.091
0.015 0.003 0.091
0.011 0.001 0.091
0.011 0.003 0.091
0.015 0.001 0.093
0.005 0.019 0.051
0.005 0.017 0.051
0.005 0.017 0.051
0.005 0.017 0.049
0.003 0.021 0.045
0.011 0.017 0.051
0.013 0.017 0.047
0.009 0.021 0.059
0.013 0.021 0.047
0.005 0.023 0.061
0.009 0.023 0.063
0.011 0.019 0.069
0.017 0.017 0.079
0.025 0.027 0.053
0.015 0.013 0.065
0.011 0.017 0.071
0.011 0.017 0.071
0.011 0.023 0.067
0.017 0.017 0.081
0.019 0.019 0.079
0.027 0.025 0.059
0.001 -0.003 0.081
-0.003 -0.009 0.103
0.005 0.003 0.081
0.013 0.013 0.051
0.003 0.003 0.077
0.005 -0.003 0.087
0.017 -0.007 0.089
0.017 -0.005 0.091
0.015 -0.003 0.095
0.009 0.007 0.087
0.019 -0.005 0.091
0.007 0.021 0.055
0.011 0.017 0.051
0.007 0.021 0.061
0.009 0.019 0.061
0.005 0.029 0.057
0.005 0.023 0.059
0.005 0.023 0.061
0.005 0.027 0.061
0.011 0.023 0.067
0.009 0.021 0.067
0.009 0.025 0.065
0.013 0.009 0.089
0.027 0.027 0.063
0.013 0.011 0.083
0.021 0.015 0.089
0.021 0.015 0.089
0.025 0.029 0.061
0.027 0.029 0.065
0.027 0.029 0.065
0.013 -0.005 0.093
0.017 -0.007 0.089
0.015 0.007 0.091
0.017 0.017 0.081
0.023 0.009 0.093
0.023 0.019 0.083
0.031 0.025 0.073
0.007 0.029 0.061
0.017 0.037 0.049
0.017 0.037 0.049
0.019 0.037 0.051
0.023 0.035 0.059
0.023 0.037 0.057
0.021 0.037 0.055
0.023 0.037 0.057
0.027 0.033 0.063
0.029 0.033 0.065
0.027 0.029 0.065
0.031 0.031 0.067
0.031 0.033 0.065
-0.001 -0.003 0.079
0.001 -0.003 0.081
-0.001 -0.001 0.077
0.005 -0.001 0.087
0.005 0.001 0.085
0.007 0.001 0.089
0.011 0.007 0.089
0.011 0.001 0.091
0.011 -0.003 0.091
0.015 -0.003 0.095
0.025 -0.001 0.091
0.013 0.009 0.089
0.009 0.023 0.065
0.013 0.017 0.073
0.017 0.013 0.089
0.015 0.015 0.081
0.021 0.017 0.087
0.021 0.017 0.087
0.021 0.017 0.087
0.015 0.013 0.087
0.013 0.003 0.091
0.031 0.001 0.085
0.021 0.015 0.089
0.023 0.001 0.093
0.019 -0.001 0.095
0.021 0.003 0.095
0.017 0.009 0.091
0.029 0.009 0.091
0.029 0.015 0.089
0.025 0.009 0.095
0.029 0.011 0.093
0.023 0.017 0.087
0.031 0.017 0.089
0.027 0.003 0.091
0.023 0.003 0.095
0.027 0.005 0.091
0.027 -0.001 0.089
0.031 0.005 0.087
0.033 0.005 0.085
0.031 0.007 0.089
0.031 0.007 0.089
0.027 0.017 0.087
0.033 0.027 0.073
0.031 0.017 0.089
0.039 0.021 0.079
0.037 0.023 0.083
0.033 0.023 0.081
0.039 0.025 0.085
0.031 0.005 0.087
0.033 0.011 0.087
0.033 0.015 0.087
0.037 0.029 0.089
0.039 0.027 0.087
0.039 0.031 0.087
0.041 0.027 0.083
0.037 0.031 0.089
0.045 0.035 0.081
0.041 0.033 0.087
