-0.045 -0.013 0.043
-0.045 -0.013 0.049
-0.047 -0.011 0.051
-0.037 -0.003 0.055
-0.009 -0.009 0.037
-0.025 -0.007 0.067
0.007 -0.007 0.049
0.015 -0.005 0.053
0.011 -0.003 0.057
0.039 -0.011 0.047
0.033 -0.011 0.055
0.045 -0.007 0.089
-0.029 -0.001 0.047
-0.025 -0.011 0.065
-0.019 0.003 0.069
-0.025 -0.005 0.069
-0.029 0.001 0.065
-0.001 -0.001 0.063
-0.029 0.003 0.085
-0.025 0.003 0.087
-0.043 -0.001 0.067
-0.017 0.001 0.081
-0.025 0.003 0.087
0.035 -0.011 0.053
0.039 -0.003 0.069
0.009 0.005 0.087
0.015 0.015 0.097
0.013 0.005 0.103
0.015 0.013 0.109
0.033 0.003 0.105
-0.049 -0.009 0.053
-0.041 -0.007 0.061
-0.011 -0.013 0.037
-0.021 -0.019 0.051
0.005 -0.005 0.039
0.011 -0.009 0.047
0.019 -0.015 0.039
0.003 -0.003 0.053
0.045 -0.007 0.089
0.059 -0.007 0.093
0.027 -0.003 0.099
0.045 -0.009 0.101
0.051 -0.007 0.105
-0.045 -0.013 0.045
-0.045 -0.011 0.051
-0.025 -0.011 0.065
-0.029 0.001 0.077
-0.023 0.007 0.091
-0.015 0.009 0.093
0.013 -0.011 0.041
0.001 0.003 0.043
0.007 -0.007 0.047
0.023 0.005 0.057
0.027 0.003 0.059
0.017 -0.011 0.045
0.021 0.003 0.071
0.017 0.009 0.075
0.015 0.001 0.089
0.009 0.003 0.089
0.009 0.003 0.089
0.021 -0.001 0.101
0.011 0.003 0.101
0.033 -0.005 0.099
-0.003 -0.009 0.035
-0.003 -0.007 0.039
0.013 -0.015 0.031
0.037 -0.017 0.031
0.013 -0.015 0.037
0.011 -0.009 0.047
0.021 -0.015 0.041
0.033 -0.011 0.055
0.031 -0.005 0.095
0.057 -0.011 0.087
0.057 -0.001 0.083
-0.017 -0.013 0.043
-0.019 -0.009 0.059
0.005 -0.003 0.057
-0.045 0.005 0.073
-0.029 0.001 0.079
-0.023 0.001 0.075
-0.017 0.005 0.073
-0.017 0.011 0.095
-0.013 0.005 0.091
0.003 0.003 0.079
0.041 -0.003 0.069
0.019 0.001 0.085
0.049 -0.011 0.081
0.023 -0.001 0.093
0.041 0.003 0.073
0.035 0.009 0.079
0.041 0.001 0.095
0.059 -0.009 0.087
0.021 -0.001 0.105
0.043 -0.009 0.097
0.047 -0.007 0.095
0.051 0.001 0.097
0.055 -0.003 0.103
-0.045 -0.009 0.057
-0.039 -0.013 0.051
-0.043 -0.009 0.059
-0.037 -0.007 0.053
0.031 -0.009 0.057
0.029 -0.003 0.099
0.045 -0.009 0.101
0.053 -0.007 0.105
-0.047 -0.003 0.063
-0.049 0.001 0.059
-0.025 0.021 0.047
-0.027 0.001 0.061
-0.023 0.001 0.061
-0.029 0.001 0.077
-0.035 0.017 0.077
-0.053 0.007 0.083
-0.055 0.003 0.087
-0.049 0.007 0.087
-0.035 0.017 0.073
-0.035 0.017 0.079
-0.015 0.013 0.095
-0.033 0.009 0.087
-0.011 0.003 0.089
0.017 0.003 0.079
0.021 -0.001 0.087
0.005 0.007 0.101
0.019 0.009 0.107
0.033 0.009 0.105
-0.007 0.011 0.051
-0.013 0.019 0.051
-0.017 0.015 0.067
-0.009 0.013 0.055
0.031 0.021 0.043
0.019 0.011 0.057
0.043 0.017 0.047
0.045 0.015 0.051
0.051 0.007 0.053
0.029 0.015 0.079
0.049 0.007 0.085
0.047 0.003 0.087
0.057 0.001 0.105
-0.041 0.009 0.035
-0.031 0.019 0.067
-0.025 0.025 0.039
-0.017 0.027 0.037
0.001 0.017 0.053
-0.033 0.019 0.073
-0.025 0.021 0.079
-0.025 0.021 0.079
-0.013 0.017 0.073
-0.011 0.019 0.075
-0.001 0.021 0.069
-0.001 0.021 0.077
-0.021 0.015 0.093
0.001 0.015 0.087
-0.003 0.013 0.091
0.017 0.023 0.039
0.025 0.023 0.039
0.029 0.013 0.053
0.019 0.011 0.067
0.031 0.015 0.067
0.015 0.015 0.083
0.047 0.007 0.087
0.039 0.013 0.081
-0.019 -0.005 0.065
-0.021 -0.005 0.069
-0.017 -0.013 0.043
-0.015 -0.003 0.051
-0.021 -0.009 0.065
-0.045 -0.001 0.065
0.037 -0.023 0.043
0.019 -0.011 0.049
0.029 -0.015 0.047
0.015 -0.005 0.053
0.049 -0.005 0.045
-0.021 -0.003 0.073
0.037 0.001 0.105
0.039 0.011 0.103
-0.017 0.001 0.053
0.033 -0.003 0.103
-0.041 0.005 0.079
-0.043 0.005 0.081
-0.047 0.003 0.087
0.017 0.005 0.107
0.013 0.011 0.109
0.025 0.013 0.111
0.041 -0.007 0.099
0.051 0.003 0.045
0.043 0.005 0.103
0.029 0.019 0.105
0.063 -0.005 0.093
0.031 0.017 0.103
0.011 0.019 0.061
0.037 0.013 0.061
0.021 0.013 0.055
0.037 0.013 0.065
0.049 0.009 0.051
0.047 0.011 0.059
0.055 -0.011 0.083
0.059 -0.001 0.089
0.021 0.015 0.053
0.013 0.017 0.061
-0.021 0.019 0.067
-0.013 0.021 0.085
-0.009 0.017 0.091
0.037 0.021 0.051
0.037 0.015 0.057
0.033 0.013 0.061
0.049 0.019 0.039
0.047 0.023 0.039
0.035 0.013 0.077
0.013 0.013 0.065
0.037 0.017 0.095
0.037 0.013 0.087
0.049 0.009 0.093
0.025 0.019 0.107
0.027 0.021 0.107
-0.019 -0.015 0.033
-0.043 -0.013 0.049
0.031 -0.015 0.047
0.045 -0.007 0.041
0.045 -0.005 0.063
0.037 -0.005 0.069
0.039 -0.011 0.039
0.037 -0.011 0.049
-0.015 -0.001 0.049
-0.023 0.001 0.059
0.029 -0.011 0.055
0.037 -0.007 0.063
-0.023 0.001 0.075
-0.003 0.001 0.083
0.035 -0.007 0.083
0.037 -0.005 0.089
0.047 0.005 0.035
0.043 -0.003 0.033
0.041 0.001 0.031
0.043 -0.009 0.041
0.045 -0.007 0.037
0.049 0.001 0.037
0.051 0.005 0.043
0.051 0.011 0.037
0.009 0.003 0.071
0.041 -0.001 0.071
0.031 0.005 0.081
0.049 -0.011 0.081
0.061 0.001 0.085
-0.053 0.003 0.087
-0.049 0.009 0.085
-0.055 0.005 0.085
-0.045 0.009 0.085
-0.049 0.011 0.081
-0.029 0.009 0.089
-0.033 0.007 0.085
0.009 0.007 0.101
0.013 0.005 0.103
0.047 -0.003 0.105
-0.037 0.013 0.073
-0.027 0.019 0.085
-0.025 0.021 0.081
-0.013 0.021 0.081
-0.045 0.009 0.085
-0.041 0.009 0.085
-0.035 0.017 0.079
-0.033 0.015 0.083
-0.049 0.003 0.085
-0.013 0.019 0.089
0.001 0.021 0.067
0.009 0.019 0.061
0.001 0.013 0.091
0.017 0.017 0.095
0.041 0.005 0.105
-0.019 -0.013 0.047
-0.013 -0.007 0.049
0.023 -0.011 0.051
0.049 -0.005 0.055
0.029 -0.003 0.069
0.037 -0.007 0.087
-0.025 -0.019 0.055
-0.031 0.001 0.065
-0.001 0.001 0.057
-0.035 0.003 0.071
-0.031 0.001 0.073
-0.029 0.001 0.075
-0.005 0.009 0.091
-0.007 0.005 0.089
0.009 -0.007 0.049
0.021 -0.003 0.055
0.043 -0.009 0.049
0.031 -0.007 0.059
0.039 -0.007 0.061
0.025 -0.001 0.105
0.025 -0.001 0.093
0.031 -0.005 0.095
0.053 -0.009 0.101
0.017 0.001 0.103
0.033 0.007 0.105
0.031 0.001 0.105
0.025 0.019 0.107
-0.045 -0.013 0.045
-0.049 -0.009 0.047
-0.049 -0.007 0.057
-0.039 -0.015 0.047
-0.047 -0.009 0.057
-0.025 -0.013 0.045
-0.029 -0.011 0.057
-0.023 -0.007 0.069
0.027 -0.021 0.037
-0.027 -0.017 0.057
-0.023 -0.013 0.063
0.035 -0.023 0.041
0.027 -0.003 0.091
0.033 -0.003 0.103
0.045 -0.009 0.101
0.045 -0.005 0.101
0.047 -0.007 0.101
-0.033 0.009 0.043
-0.049 -0.005 0.049
-0.031 0.015 0.045
-0.027 0.001 0.061
-0.033 0.003 0.075
-0.055 0.005 0.077
-0.033 0.009 0.087
-0.017 0.001 0.081
-0.029 0.001 0.063
-0.005 0.003 0.069
-0.025 -0.007 0.065
-0.025 -0.007 0.067
0.023 0.001 0.071
0.021 0.003 0.069
0.019 0.003 0.073
0.017 0.003 0.077
0.013 0.003 0.085
0.021 -0.001 0.099
0.021 0.001 0.083
0.019 0.001 0.105
-0.035 -0.013 0.033
-0.035 -0.013 0.033
-0.041 -0.007 0.061
-0.023 -0.013 0.063
0.015 -0.015 0.035
0.011 -0.003 0.057
0.027 -0.021 0.037
0.043 -0.009 0.095
0.053 -0.013 0.085
-0.035 0.005 0.065
-0.011 -0.005 0.049
-0.029 -0.013 0.057
-0.005 0.005 0.057
-0.031 0.007 0.087
-0.001 0.011 0.091
-0.009 0.003 0.087
0.007 -0.007 0.049
0.025 0.003 0.063
0.019 0.007 0.061
0.035 -0.005 0.065
0.005 -0.001 0.069
0.003 0.003 0.081
0.031 -0.001 0.077
0.039 -0.007 0.083
0.029 -0.003 0.091
0.049 -0.009 0.097
0.053 -0.009 0.103
-0.023 -0.007 0.031
-0.045 -0.013 0.047
-0.025 -0.011 0.033
-0.021 -0.017 0.043
-0.027 -0.017 0.053
-0.025 -0.019 0.055
-0.021 -0.011 0.063
0.031 -0.015 0.047
0.005 -0.001 0.069
0.039 -0.007 0.083
0.037 -0.007 0.095
0.055 -0.011 0.089
-0.033 0.003 0.063
-0.007 -0.015 0.037
-0.011 -0.007 0.041
-0.009 0.009 0.055
-0.029 0.001 0.069
-0.025 0.001 0.079
0.001 -0.001 0.065
-0.023 0.007 0.091
0.029 -0.021 0.039
0.033 -0.013 0.047
0.047 -0.005 0.039
0.051 -0.003 0.049
0.001 -0.001 0.071
0.003 0.001 0.073
0.013 0.011 0.077
0.017 0.001 0.091
0.039 -0.007 0.087
0.037 0.009 0.093
0.037 -0.003 0.103
-0.011 -0.011 0.037
-0.017 -0.011 0.047
-0.015 -0.009 0.049
0.045 -0.005 0.035
0.025 -0.013 0.051
0.029 -0.019 0.045
0.049 -0.005 0.049
0.061 -0.007 0.093
-0.009 0.001 0.047
-0.021 -0.003 0.069
-0.023 0.001 0.063
0.007 -0.003 0.059
0.013 -0.001 0.061
-0.021 0.001 0.077
-0.047 0.003 0.085
0.015 0.001 0.101
0.051 -0.003 0.045
0.051 0.001 0.055
0.047 -0.003 0.063
0.041 -0.003 0.069
0.049 0.009 0.053
0.049 0.003 0.063
0.049 -0.013 0.083
0.059 -0.003 0.093
0.035 0.011 0.105
0.033 0.015 0.103
-0.049 -0.001 0.055
-0.045 0.003 0.053
-0.031 -0.003 0.047
-0.031 -0.001 0.047
-0.029 0.003 0.047
-0.033 0.009 0.043
-0.041 0.003 0.055
-0.027 0.015 0.051
-0.027 0.019 0.049
0.001 0.021 0.065
0.009 0.019 0.063
-0.009 0.021 0.075
0.011 0.015 0.093
0.011 0.007 0.101
0.019 0.015 0.105
-0.023 0.021 0.045
-0.027 0.023 0.037
-0.029 0.009 0.051
-0.031 0.013 0.091
-0.027 0.017 0.089
-0.023 0.013 0.095
0.011 0.015 0.037
0.013 0.019 0.037
-0.013 0.027 0.039
0.013 0.023 0.039
0.017 0.025 0.033
0.027 0.015 0.051
0.029 0.011 0.057
0.029 0.011 0.059
0.035 0.013 0.057
0.003 0.019 0.077
-0.005 0.021 0.081
-0.019 0.021 0.083
-0.009 0.017 0.091
0.015 0.015 0.085
0.007 0.007 0.095
0.007 0.007 0.099
0.017 0.013 0.103
0.019 0.013 0.115
0.013 0.017 0.107
0.019 0.025 0.101
-0.019 -0.017 0.045
-0.045 -0.011 0.053
-0.021 -0.019 0.051
-0.021 -0.017 0.045
-0.017 -0.015 0.043
-0.019 -0.013 0.049
-0.007 -0.009 0.039
0.031 -0.015 0.047
0.041 -0.011 0.041
0.047 -0.007 0.045
0.047 -0.005 0.039
0.023 -0.001 0.093
0.025 -0.001 0.101
0.041 -0.009 0.099
-0.009 0.001 0.045
-0.027 -0.013 0.061
-0.027 -0.011 0.061
-0.037 -0.005 0.055
-0.019 0.001 0.081
-0.011 0.003 0.089
-0.027 0.001 0.083
0.031 -0.005 0.065
0.023 -0.001 0.083
0.021 -0.001 0.099
0.015 0.001 0.101
0.053 -0.011 0.089
0.051 -0.007 0.105
0.039 -0.001 0.103
0.059 -0.005 0.093
0.037 0.003 0.105
0.057 0.001 0.105
-0.031 0.017 0.039
-0.023 0.021 0.043
-0.019 0.023 0.045
-0.035 0.017 0.067
-0.003 0.019 0.061
0.015 0.017 0.057
0.029 0.013 0.061
0.021 0.021 0.087
0.015 0.025 0.103
-0.015 0.027 0.039
-0.033 0.015 0.061
-0.051 0.007 0.085
-0.031 0.019 0.077
-0.025 0.021 0.075
-0.021 0.019 0.075
0.013 0.021 0.035
0.035 0.021 0.045
-0.007 0.021 0.079
0.013 0.013 0.083
0.015 0.025 0.087
0.015 0.015 0.097
0.015 0.015 0.105
0.013 0.017 0.107
0.055 0.001 0.105
