-0.023 -0.019 0.053
-0.031 -0.015 0.039
-0.017 -0.013 0.045
-0.007 -0.013 0.039
-0.009 -0.007 0.037
-0.007 -0.009 0.039
-0.013 -0.009 0.047
-0.023 -0.015 0.061
0.029 -0.021 0.039
0.015 -0.015 0.039
0.021 -0.015 0.043
0.015 -0.005 0.051
0.039 -0.019 0.041
0.047 -0.007 0.051
0.033 -0.005 0.095
-0.037 -0.003 0.053
-0.039 -0.005 0.057
-0.039 -0.001 0.065
-0.033 0.003 0.071
-0.031 0.001 0.065
-0.019 0.003 0.069
-0.025 0.001 0.073
-0.027 0.001 0.061
-0.003 0.001 0.069
-0.039 0.001 0.069
-0.045 0.005 0.077
-0.019 0.003 0.089
-0.025 0.009 0.091
-0.027 0.003 0.085
-0.011 0.005 0.091
0.005 -0.003 0.059
0.001 -0.001 0.063
-0.001 -0.001 0.063
0.011 0.001 0.067
0.011 0.003 0.069
0.017 0.007 0.061
0.003 0.003 0.081
0.015 0.007 0.065
0.011 0.009 0.075
0.009 0.003 0.095
0.009 0.003 0.093
0.031 -0.005 0.097
0.029 -0.003 0.099
0.047 -0.007 0.101
0.047 -0.003 0.105
0.053 -0.003 0.105
-0.041 -0.007 0.061
-0.037 -0.011 0.051
-0.029 -0.015 0.051
-0.019 -0.017 0.045
-0.025 -0.017 0.057
0.013 -0.011 0.043
0.013 -0.015 0.037
0.035 -0.007 0.083
0.045 -0.007 0.089
-0.041 -0.015 0.039
-0.047 -0.011 0.049
-0.023 -0.015 0.043
-0.045 -0.013 0.049
-0.023 0.001 0.049
-0.029 -0.013 0.057
-0.029 0.005 0.055
-0.025 -0.011 0.063
-0.041 -0.003 0.065
-0.007 0.009 0.061
-0.043 0.005 0.075
-0.033 0.009 0.087
-0.025 0.011 0.093
-0.019 0.011 0.095
-0.003 0.011 0.091
0.015 -0.013 0.041
0.017 -0.015 0.041
0.001 -0.001 0.053
0.019 0.003 0.057
-0.005 0.005 0.059
0.025 -0.011 0.053
0.019 -0.007 0.051
0.009 0.001 0.069
0.009 0.001 0.069
-0.011 0.001 0.079
0.015 0.001 0.089
0.005 0.005 0.095
0.029 -0.005 0.097
0.009 0.003 0.101
0.017 0.001 0.101
0.019 0.009 0.103
0.017 0.011 0.105
-0.015 -0.011 0.039
-0.023 -0.019 0.055
0.023 -0.017 0.045
0.037 -0.023 0.039
0.047 -0.005 0.059
0.047 -0.003 0.061
0.051 -0.003 0.051
0.031 -0.001 0.075
0.061 -0.007 0.091
-0.019 -0.015 0.033
-0.021 -0.015 0.041
0.017 -0.015 0.041
-0.003 -0.009 0.037
-0.017 0.003 0.055
-0.013 0.005 0.057
-0.041 0.005 0.075
-0.029 0.001 0.073
-0.041 0.005 0.083
-0.045 0.003 0.085
-0.019 0.009 0.093
-0.019 0.009 0.093
-0.001 0.009 0.089
0.003 0.007 0.083
0.039 -0.017 0.035
0.037 -0.011 0.049
0.047 -0.007 0.053
0.033 -0.011 0.055
0.045 -0.009 0.051
0.047 -0.005 0.057
0.051 -0.001 0.055
0.011 0.009 0.075
0.037 -0.007 0.085
0.031 0.001 0.081
0.055 -0.013 0.083
0.035 0.009 0.093
0.061 -0.007 0.091
0.021 -0.001 0.097
0.023 0.009 0.109
0.039 -0.001 0.103
0.053 -0.005 0.101
0.055 0.001 0.097
-0.043 -0.007 0.061
-0.023 -0.017 0.059
0.017 -0.013 0.043
0.023 -0.017 0.045
0.015 -0.013 0.041
0.025 -0.005 0.055
0.031 -0.021 0.045
0.029 -0.005 0.097
-0.055 0.007 0.079
-0.045 0.003 0.069
-0.047 0.011 0.081
-0.051 0.009 0.083
-0.055 0.003 0.087
-0.051 0.003 0.087
-0.051 0.009 0.083
-0.025 0.001 0.083
-0.033 0.011 0.089
-0.023 0.001 0.085
-0.025 0.005 0.089
-0.031 0.013 0.091
-0.011 0.001 0.085
-0.015 0.005 0.091
-0.009 0.011 0.095
-0.027 0.011 0.093
0.011 0.001 0.067
-0.013 0.003 0.089
0.015 0.005 0.081
0.013 0.015 0.083
-0.007 0.007 0.091
0.011 0.003 0.089
0.015 0.001 0.089
0.015 0.001 0.097
0.021 -0.001 0.087
0.015 0.001 0.103
0.015 0.013 0.109
0.013 0.025 0.097
0.025 0.011 0.113
0.047 0.003 0.103
-0.015 0.021 0.049
-0.013 0.019 0.047
-0.009 0.013 0.055
0.037 0.021 0.039
0.033 0.017 0.053
0.039 0.017 0.055
0.035 0.013 0.057
0.047 0.017 0.041
0.045 0.021 0.039
0.041 0.015 0.057
0.045 0.009 0.085
0.051 0.009 0.097
0.061 0.001 0.083
0.057 -0.001 0.091
-0.025 0.025 0.039
-0.025 0.021 0.045
-0.009 0.013 0.037
-0.007 0.013 0.041
-0.019 0.029 0.037
-0.021 0.025 0.041
-0.011 0.017 0.039
-0.009 0.017 0.043
-0.033 0.019 0.069
-0.013 0.017 0.073
-0.017 0.015 0.093
-0.021 0.021 0.083
0.003 0.019 0.055
0.051 0.007 0.053
0.005 0.017 0.079
0.027 0.017 0.075
0.023 0.013 0.067
0.021 0.017 0.079
0.021 0.025 0.099
0.017 0.025 0.095
0.019 0.025 0.101
0.027 0.021 0.103
0.047 0.005 0.101
0.039 0.015 0.099
-0.019 -0.015 0.049
-0.021 -0.011 0.063
-0.019 -0.005 0.065
-0.017 -0.013 0.043
-0.015 -0.009 0.039
-0.015 -0.009 0.051
-0.017 -0.009 0.053
-0.009 -0.003 0.043
-0.021 -0.013 0.061
-0.019 -0.011 0.061
-0.019 -0.011 0.057
-0.019 -0.013 0.057
0.035 -0.021 0.043
0.013 -0.007 0.047
0.025 -0.013 0.051
0.043 -0.009 0.085
0.051 -0.013 0.085
0.051 -0.001 0.049
0.053 -0.009 0.091
0.041 -0.007 0.099
0.053 -0.007 0.099
0.045 -0.007 0.101
0.033 -0.005 0.099
-0.003 0.001 0.073
-0.021 -0.003 0.067
-0.031 0.001 0.067
-0.015 0.001 0.051
0.037 -0.005 0.099
0.041 0.001 0.105
0.033 -0.001 0.105
-0.047 0.005 0.089
-0.041 0.005 0.087
-0.017 0.001 0.085
0.027 0.003 0.105
-0.007 0.013 0.093
0.025 0.011 0.113
-0.009 0.013 0.095
0.037 0.019 0.053
0.051 0.005 0.047
0.041 0.003 0.105
0.039 -0.001 0.105
0.019 0.003 0.109
0.031 0.021 0.103
0.049 0.001 0.107
0.035 0.009 0.105
0.017 0.019 0.049
0.021 0.011 0.055
0.011 0.017 0.063
0.013 0.015 0.063
0.009 0.017 0.069
0.043 0.013 0.061
0.043 0.017 0.053
0.049 0.009 0.047
0.043 0.015 0.047
0.051 0.005 0.043
0.041 0.013 0.065
0.041 0.013 0.065
0.051 0.001 0.055
0.039 -0.017 0.035
0.043 0.011 0.087
0.049 0.009 0.093
0.043 0.001 0.071
0.061 -0.005 0.087
0.059 -0.003 0.089
0.053 -0.007 0.099
-0.011 0.015 0.035
-0.009 0.017 0.047
-0.009 0.015 0.045
-0.011 0.019 0.047
-0.019 0.017 0.067
0.033 0.021 0.047
-0.013 0.023 0.045
-0.015 0.021 0.047
0.017 0.015 0.057
-0.013 0.019 0.055
0.003 0.021 0.065
-0.019 0.017 0.069
-0.023 0.019 0.075
-0.011 0.021 0.087
0.011 0.013 0.069
0.021 0.017 0.077
0.017 0.025 0.093
0.025 0.021 0.093
0.031 0.015 0.079
0.033 0.015 0.069
0.031 0.015 0.075
0.041 0.013 0.085
0.047 0.011 0.095
0.041 0.013 0.085
0.033 0.013 0.105
0.031 0.019 0.103
0.031 0.021 0.103
-0.017 -0.013 0.033
-0.023 -0.017 0.049
-0.023 -0.017 0.057
-0.019 -0.009 0.059
-0.005 -0.015 0.037
-0.017 -0.011 0.051
0.037 -0.021 0.039
0.039 -0.013 0.035
0.029 -0.011 0.055
0.041 -0.009 0.039
0.045 -0.007 0.037
0.033 -0.005 0.069
0.057 -0.009 0.089
0.061 -0.007 0.091
0.051 -0.009 0.099
-0.037 0.001 0.057
-0.013 -0.003 0.051
-0.017 0.003 0.057
-0.019 0.001 0.059
0.009 -0.005 0.055
0.007 -0.003 0.059
0.007 0.001 0.071
-0.017 0.001 0.083
-0.001 0.001 0.075
0.007 0.003 0.073
0.023 -0.001 0.075
0.037 -0.003 0.071
-0.015 0.005 0.091
-0.013 0.005 0.091
0.035 -0.005 0.089
0.043 0.007 0.033
0.043 -0.009 0.047
0.045 -0.005 0.035
0.045 -0.007 0.059
0.045 -0.003 0.065
0.051 0.001 0.053
0.049 0.009 0.057
0.037 -0.001 0.075
0.057 -0.009 0.089
0.059 -0.005 0.089
0.041 0.001 0.073
0.063 -0.005 0.093
0.055 -0.003 0.103
-0.045 -0.011 0.053
-0.023 -0.019 0.055
0.011 -0.011 0.041
0.021 -0.011 0.049
0.039 -0.019 0.039
0.049 -0.003 0.059
0.027 -0.001 0.075
0.045 -0.009 0.087
-0.025 -0.019 0.053
-0.017 -0.011 0.049
-0.037 0.003 0.061
-0.009 0.005 0.039
-0.007 0.007 0.047
-0.015 0.003 0.053
-0.011 0.005 0.053
-0.007 0.007 0.045
0.003 -0.003 0.053
-0.007 0.007 0.047
-0.021 -0.005 0.061
-0.039 0.007 0.079
-0.045 0.003 0.083
-0.041 0.005 0.085
0.005 0.003 0.077
-0.023 0.001 0.085
-0.021 0.001 0.085
-0.019 0.005 0.091
-0.005 0.009 0.091
0.001 0.009 0.087
0.049 0.001 0.063
0.011 0.007 0.073
0.011 0.007 0.073
0.011 0.003 0.091
0.013 0.001 0.093
0.039 -0.007 0.099
0.041 -0.007 0.099
0.009 0.005 0.099
0.027 -0.001 0.103
0.049 -0.003 0.107
-0.045 -0.011 0.055
-0.015 -0.013 0.039
-0.019 -0.015 0.047
-0.001 -0.015 0.033
-0.005 -0.013 0.039
-0.011 -0.007 0.041
-0.027 -0.017 0.049
-0.019 -0.013 0.053
-0.015 -0.009 0.049
0.023 -0.017 0.041
0.013 -0.015 0.037
0.013 -0.011 0.043
0.039 -0.019 0.041
0.035 -0.015 0.045
0.039 -0.005 0.063
0.007 -0.001 0.065
0.027 -0.003 0.067
0.027 -0.003 0.071
-0.031 -0.013 0.033
-0.031 -0.013 0.035
-0.019 -0.017 0.043
-0.015 -0.013 0.039
-0.015 -0.013 0.039
-0.019 -0.015 0.049
0.001 -0.001 0.049
-0.001 0.001 0.055
-0.031 0.001 0.071
-0.043 0.005 0.073
-0.037 0.007 0.075
-0.029 0.003 0.081
-0.007 0.005 0.065
0.017 -0.015 0.033
0.015 -0.015 0.037
0.007 -0.011 0.043
0.023 0.005 0.057
0.007 -0.003 0.057
0.049 0.001 0.037
0.049 -0.003 0.057
0.021 0.003 0.071
0.013 0.009 0.083
0.041 -0.001 0.071
0.049 -0.013 0.083
0.035 -0.005 0.093
0.035 -0.003 0.091
0.017 0.003 0.109
0.023 0.001 0.107
0.047 -0.003 0.097
0.051 -0.009 0.101
-0.035 0.007 0.041
-0.033 0.003 0.043
-0.031 0.015 0.045
-0.025 0.021 0.047
-0.029 0.017 0.047
-0.025 0.021 0.045
-0.023 0.021 0.057
-0.009 0.021 0.075
-0.005 0.019 0.087
0.017 0.017 0.095
0.011 0.007 0.099
0.015 0.005 0.103
-0.035 0.013 0.031
-0.045 0.001 0.047
-0.025 0.025 0.037
-0.031 0.005 0.055
-0.045 0.009 0.065
-0.043 0.011 0.079
-0.035 0.013 0.087
-0.035 0.017 0.071
-0.027 0.021 0.075
-0.033 0.017 0.065
-0.027 0.011 0.093
-0.033 0.015 0.083
0.001 0.013 0.045
0.009 0.015 0.037
0.003 0.019 0.061
-0.005 0.015 0.061
-0.003 0.017 0.061
0.013 0.021 0.051
0.009 0.019 0.059
0.023 0.017 0.049
0.013 0.023 0.039
0.031 0.021 0.039
0.029 0.021 0.039
0.033 0.021 0.043
0.035 0.021 0.037
0.031 0.013 0.055
-0.003 0.021 0.071
-0.009 0.019 0.089
0.013 0.015 0.083
0.007 0.007 0.093
0.015 0.025 0.087
0.015 0.021 0.087
0.015 0.015 0.093
0.013 0.005 0.103
0.019 0.007 0.103
0.017 0.005 0.103
0.009 0.017 0.107
0.007 0.015 0.107
0.013 0.025 0.101
-0.041 -0.001 0.047
-0.045 0.007 0.063
-0.033 0.015 0.039
-0.033 0.011 0.043
-0.027 0.019 0.049
-0.025 0.019 0.053
-0.015 0.025 0.045
0.007 0.019 0.057
0.011 0.021 0.047
0.029 0.015 0.065
0.037 0.015 0.089
0.049 0.007 0.083
-0.023 0.013 0.033
-0.043 0.007 0.035
-0.033 0.017 0.037
-0.045 0.007 0.071
0.007 0.013 0.037
0.031 0.023 0.035
0.037 0.021 0.037
0.049 0.023 0.037
0.045 0.011 0.063
0.015 0.013 0.075
0.007 0.019 0.071
0.003 0.013 0.087
0.009 0.007 0.093
0.015 0.021 0.087
0.025 0.021 0.087
0.033 0.017 0.091
0.033 0.017 0.089
0.039 0.015 0.095
0.053 0.005 0.083
0.045 0.013 0.093
0.009 0.017 0.107
0.039 0.015 0.099
0.055 0.007 0.097
0.051 0.003 0.103
