-0.049 -0.005 0.059
-0.019 -0.015 0.033
-0.019 -0.017 0.045
-0.019 -0.017 0.043
-0.013 -0.009 0.047
-0.029 -0.015 0.057
-0.025 -0.017 0.059
-0.023 -0.015 0.061
-0.025 -0.011 0.063
0.013 -0.015 0.033
0.007 -0.007 0.047
0.009 -0.001 0.061
0.019 -0.009 0.049
0.043 -0.009 0.055
0.041 -0.007 0.061
0.031 -0.003 0.071
0.025 -0.001 0.083
0.031 -0.005 0.087
0.035 -0.003 0.073
0.041 -0.009 0.085
0.035 -0.007 0.095
0.025 -0.001 0.105
0.045 -0.009 0.101
-0.045 -0.003 0.065
-0.047 -0.011 0.051
-0.037 -0.013 0.047
-0.039 -0.007 0.057
-0.025 -0.015 0.061
-0.025 -0.013 0.061
-0.007 0.009 0.063
-0.047 0.001 0.067
-0.041 0.003 0.073
-0.043 0.005 0.075
-0.035 0.011 0.087
-0.031 0.001 0.067
-0.025 0.001 0.067
-0.003 0.001 0.073
-0.035 0.003 0.071
-0.035 0.003 0.073
-0.027 0.003 0.085
-0.013 0.001 0.081
0.015 -0.013 0.041
0.005 0.005 0.037
0.005 -0.007 0.037
0.001 0.007 0.043
0.031 -0.005 0.063
0.007 0.001 0.071
0.005 0.001 0.073
0.001 0.003 0.083
0.015 0.001 0.091
0.015 0.003 0.085
0.009 0.003 0.093
0.035 -0.001 0.075
0.031 0.001 0.079
0.035 -0.007 0.087
0.027 -0.003 0.089
0.045 -0.003 0.089
0.015 0.001 0.097
0.015 0.001 0.103
0.019 0.001 0.105
-0.029 -0.013 0.033
-0.019 -0.005 0.031
-0.021 -0.017 0.047
-0.021 -0.017 0.047
-0.029 -0.013 0.033
-0.019 -0.015 0.045
-0.003 -0.009 0.037
-0.021 -0.007 0.063
-0.011 -0.005 0.049
0.031 -0.019 0.031
0.037 -0.015 0.031
0.017 -0.015 0.037
0.015 -0.011 0.043
0.039 -0.015 0.039
0.041 -0.005 0.033
0.039 -0.001 0.073
0.059 -0.007 0.085
0.029 -0.005 0.097
0.053 -0.007 0.103
-0.017 -0.011 0.041
0.015 -0.015 0.037
0.009 -0.009 0.045
-0.019 0.001 0.059
-0.013 0.003 0.051
0.003 -0.001 0.069
0.003 -0.001 0.071
0.005 0.005 0.079
0.009 0.009 0.079
-0.021 0.001 0.085
-0.003 0.003 0.085
-0.007 0.005 0.089
0.037 -0.025 0.041
0.013 -0.007 0.047
0.045 -0.005 0.035
0.029 -0.013 0.051
0.037 -0.009 0.053
0.051 0.005 0.047
0.049 0.007 0.041
0.049 0.003 0.063
0.021 0.003 0.069
0.033 -0.005 0.067
0.013 0.003 0.087
0.039 0.003 0.075
0.055 -0.013 0.087
0.051 0.003 0.081
0.027 0.001 0.105
0.045 -0.009 0.101
0.051 -0.007 0.097
0.047 0.003 0.095
0.059 0.001 0.101
-0.019 -0.011 0.061
-0.019 -0.009 0.059
-0.003 -0.007 0.039
0.029 -0.021 0.039
0.025 -0.017 0.045
0.007 -0.003 0.059
0.019 -0.013 0.045
0.009 -0.001 0.063
0.017 -0.003 0.055
0.043 -0.007 0.057
0.051 -0.009 0.099
0.045 -0.007 0.101
0.033 -0.005 0.099
-0.021 0.001 0.069
-0.037 -0.001 0.057
-0.035 -0.003 0.051
-0.039 0.001 0.069
-0.029 0.005 0.087
-0.023 -0.001 0.047
-0.015 0.005 0.091
-0.031 0.001 0.045
-0.001 0.003 0.083
-0.015 0.007 0.091
-0.005 0.009 0.091
-0.025 0.013 0.093
-0.027 0.013 0.093
-0.007 0.007 0.091
-0.005 0.001 0.081
-0.009 0.011 0.095
-0.001 0.011 0.091
0.013 0.003 0.103
0.037 0.003 0.105
0.013 0.007 0.101
0.025 -0.003 0.097
0.003 0.013 0.089
0.021 -0.001 0.107
0.021 0.013 0.115
0.045 0.003 0.103
0.041 -0.003 0.099
0.047 -0.003 0.105
0.037 -0.001 0.105
0.051 0.001 0.107
0.007 0.005 0.097
0.015 0.015 0.109
0.045 0.005 0.101
0.043 0.005 0.103
0.043 0.009 0.103
0.041 0.005 0.105
-0.023 0.021 0.047
-0.023 0.021 0.055
-0.011 0.019 0.053
-0.017 0.019 0.061
-0.017 0.011 0.067
0.017 0.023 0.043
0.031 0.021 0.045
0.045 0.013 0.045
0.051 0.005 0.043
0.051 0.001 0.045
0.039 0.013 0.063
0.047 0.007 0.065
0.033 0.017 0.097
0.037 0.017 0.095
0.049 0.005 0.101
0.051 0.003 0.103
-0.037 0.013 0.031
-0.021 0.027 0.039
-0.041 0.001 0.045
-0.021 0.027 0.039
-0.001 0.019 0.061
-0.033 0.019 0.071
-0.035 0.015 0.081
-0.025 0.019 0.067
-0.013 0.015 0.093
0.001 0.013 0.089
0.011 0.021 0.043
0.007 0.017 0.043
0.029 0.023 0.033
0.003 0.019 0.051
0.039 0.021 0.039
0.043 0.015 0.045
0.049 0.023 0.037
0.023 0.015 0.071
0.031 0.015 0.071
0.023 0.017 0.077
0.025 0.017 0.075
0.007 0.013 0.081
0.007 0.013 0.081
0.023 0.023 0.091
0.039 0.013 0.083
0.043 0.005 0.089
0.027 0.021 0.101
0.021 0.025 0.097
0.019 0.025 0.099
0.041 0.007 0.105
0.015 0.021 0.047
0.015 0.015 0.059
0.043 0.015 0.049
0.039 0.021 0.049
0.039 0.013 0.059
0.021 0.013 0.055
0.033 0.015 0.073
0.035 0.013 0.063
0.039 -0.013 0.033
0.047 0.013 0.049
0.049 0.009 0.053
0.051 0.003 0.049
0.049 0.009 0.059
0.039 -0.021 0.037
0.049 -0.003 0.039
0.051 -0.001 0.045
0.051 0.001 0.057
0.053 0.009 0.097
0.055 -0.011 0.083
-0.011 0.021 0.041
-0.009 0.017 0.047
-0.015 0.027 0.041
-0.001 0.019 0.057
0.015 0.013 0.061
0.001 0.021 0.075
-0.025 0.019 0.069
-0.025 0.021 0.073
0.027 0.019 0.087
0.023 0.023 0.095
0.027 0.023 0.033
0.041 0.013 0.067
0.017 0.013 0.059
0.053 0.015 0.037
0.047 0.011 0.047
0.035 0.021 0.037
0.033 0.015 0.083
0.039 0.013 0.069
0.031 0.015 0.067
0.025 0.021 0.091
0.027 0.019 0.083
0.041 0.013 0.091
0.045 0.003 0.089
0.053 0.009 0.097
0.045 0.011 0.097
0.033 0.009 0.105
0.029 0.021 0.105
0.033 0.017 0.101
0.053 0.009 0.097
0.059 0.005 0.101
-0.047 0.009 0.085
-0.031 0.015 0.087
-0.011 0.017 0.091
0.007 0.003 0.077
-0.017 0.005 0.091
-0.015 0.011 0.093
-0.003 0.011 0.091
0.023 -0.011 0.051
-0.013 0.011 0.095
0.037 -0.021 0.043
0.011 0.013 0.091
0.047 0.001 0.105
0.043 -0.005 0.099
-0.035 0.015 0.037
-0.039 0.011 0.081
-0.035 0.013 0.085
-0.019 0.021 0.087
-0.027 0.017 0.089
-0.025 0.017 0.089
-0.023 0.021 0.083
-0.021 0.021 0.059
-0.003 0.019 0.063
-0.035 0.017 0.071
-0.035 0.007 0.081
-0.033 0.005 0.081
-0.029 0.007 0.087
-0.021 0.017 0.091
-0.033 0.011 0.089
-0.009 0.007 0.091
-0.009 0.013 0.095
-0.005 0.013 0.093
-0.009 0.019 0.089
0.013 0.021 0.053
0.015 0.019 0.053
0.013 0.015 0.083
0.013 0.025 0.095
0.017 0.015 0.109
0.027 0.013 0.107
0.029 0.017 0.105
0.049 0.005 0.101
0.021 0.017 0.101
0.023 0.021 0.105
0.037 0.001 0.105
-0.039 -0.007 0.031
-0.043 -0.011 0.053
-0.029 -0.013 0.037
-0.019 -0.015 0.039
-0.017 -0.013 0.033
-0.027 -0.013 0.041
-0.011 -0.007 0.043
-0.011 -0.007 0.045
-0.019 -0.013 0.057
-0.013 -0.007 0.049
-0.011 -0.005 0.049
0.027 -0.019 0.033
0.015 -0.015 0.033
0.019 -0.011 0.047
0.035 -0.021 0.033
0.041 -0.005 0.033
0.039 -0.007 0.095
0.053 -0.009 0.103
0.055 -0.007 0.105
-0.023 -0.019 0.055
-0.021 -0.017 0.053
-0.017 0.005 0.073
-0.009 0.005 0.071
-0.017 0.009 0.069
-0.021 0.003 0.089
-0.011 0.011 0.095
0.001 0.003 0.083
-0.007 0.005 0.089
0.017 -0.015 0.035
0.017 -0.011 0.045
0.005 -0.003 0.049
0.015 0.003 0.061
0.021 -0.003 0.055
0.039 -0.019 0.035
0.049 0.001 0.037
0.049 -0.005 0.055
0.009 0.009 0.079
0.009 0.007 0.077
0.007 0.001 0.071
0.023 0.001 0.079
0.005 0.011 0.085
0.009 0.011 0.081
0.019 0.001 0.085
0.019 0.001 0.089
0.045 -0.009 0.083
0.047 -0.011 0.081
0.035 -0.005 0.089
0.011 0.013 0.107
0.023 -0.001 0.103
0.021 -0.001 0.099
0.025 0.009 0.111
0.005 0.015 0.111
0.051 -0.009 0.101
0.057 -0.001 0.103
-0.045 -0.013 0.045
-0.007 -0.009 0.039
-0.019 -0.013 0.059
-0.027 -0.017 0.057
-0.027 -0.013 0.061
-0.027 -0.013 0.061
-0.023 -0.009 0.067
0.005 -0.003 0.049
0.011 -0.007 0.049
0.019 -0.015 0.037
0.023 -0.017 0.043
0.001 -0.001 0.049
0.011 -0.003 0.057
0.035 -0.013 0.045
0.035 -0.007 0.059
0.045 -0.005 0.063
0.023 -0.001 0.077
0.025 -0.001 0.079
0.045 -0.009 0.087
0.049 -0.011 0.087
0.037 -0.005 0.099
0.047 -0.007 0.101
0.051 -0.003 0.107
-0.043 -0.007 0.061
-0.041 -0.003 0.065
-0.023 -0.009 0.067
-0.033 0.003 0.067
-0.027 0.001 0.061
-0.003 0.003 0.059
-0.033 0.003 0.077
-0.019 0.001 0.083
-0.051 0.005 0.077
-0.041 0.005 0.075
-0.045 0.003 0.085
-0.053 0.003 0.085
-0.023 0.001 0.071
-0.021 0.001 0.079
-0.021 0.001 0.083
-0.027 0.009 0.091
-0.015 0.001 0.085
-0.025 0.003 0.087
-0.033 0.011 0.089
-0.031 0.011 0.091
-0.027 0.011 0.093
-0.015 0.013 0.095
-0.005 0.003 0.063
-0.001 -0.001 0.071
0.019 0.003 0.075
-0.001 0.001 0.075
0.037 -0.009 0.057
0.027 -0.003 0.067
0.007 0.001 0.073
0.007 0.003 0.075
-0.001 0.005 0.085
0.017 0.001 0.097
0.007 0.005 0.103
0.015 0.015 0.099
0.037 -0.007 0.097
0.035 -0.005 0.099
0.023 -0.001 0.105
0.019 0.011 0.109
-0.049 -0.005 0.047
-0.031 0.013 0.045
-0.031 0.007 0.053
-0.029 0.015 0.047
-0.027 0.015 0.051
-0.021 0.019 0.067
0.013 0.021 0.051
-0.003 0.019 0.061
0.005 0.019 0.057
0.029 0.011 0.057
0.001 0.021 0.075
0.015 0.021 0.087
0.015 0.021 0.089
0.011 0.007 0.099
-0.049 0.001 0.055
-0.049 0.001 0.059
-0.047 0.001 0.051
-0.031 0.015 0.059
-0.005 0.015 0.061
-0.027 0.019 0.057
-0.025 0.021 0.063
-0.043 0.013 0.075
-0.039 0.011 0.073
-0.057 0.005 0.081
-0.037 0.013 0.069
-0.035 0.017 0.079
-0.023 0.021 0.079
-0.005 0.021 0.079
-0.025 0.015 0.091
0.011 0.015 0.037
0.019 0.025 0.035
0.027 0.015 0.051
0.001 0.017 0.051
0.047 0.023 0.035
0.035 0.013 0.059
-0.005 0.021 0.075
0.019 0.017 0.077
-0.007 0.021 0.085
0.013 0.013 0.085
0.005 0.007 0.095
0.015 0.011 0.095
0.021 0.017 0.081
0.015 0.019 0.087
0.015 0.023 0.087
0.013 0.025 0.097
0.017 0.025 0.097
0.007 0.007 0.103
0.019 0.007 0.103
0.019 0.025 0.101
0.013 0.025 0.101
0.025 0.017 0.105
0.017 0.025 0.101
-0.039 0.011 0.035
-0.043 0.009 0.065
-0.031 0.015 0.045
-0.031 -0.001 0.047
-0.025 0.025 0.039
-0.017 0.027 0.041
0.017 0.023 0.039
0.001 0.021 0.063
0.001 0.019 0.055
0.027 0.021 0.043
0.039 0.013 0.061
0.011 0.015 0.087
0.021 0.015 0.073
0.035 0.015 0.085
0.027 0.021 0.089
-0.041 0.007 0.031
-0.037 0.013 0.031
-0.043 0.003 0.039
-0.047 0.003 0.057
-0.033 0.015 0.061
-0.015 0.025 0.043
-0.015 0.025 0.045
-0.001 0.011 0.047
-0.023 0.025 0.035
-0.015 0.025 0.045
-0.033 0.017 0.063
-0.049 0.009 0.077
-0.047 0.011 0.077
-0.055 0.005 0.087
-0.025 0.013 0.093
0.019 0.025 0.035
0.005 0.013 0.041
0.023 0.009 0.063
0.015 0.017 0.057
0.047 0.023 0.037
0.005 0.019 0.067
0.009 0.019 0.067
-0.007 0.021 0.083
0.013 0.015 0.081
0.013 0.013 0.083
0.013 0.015 0.083
0.015 0.015 0.093
0.017 0.025 0.089
0.025 0.021 0.087
0.037 0.015 0.089
0.021 0.015 0.105
0.009 0.017 0.107
0.029 0.021 0.103
0.047 0.007 0.099
