-0.033 -0.015 0.043
-0.041 -0.011 0.055
-0.047 -0.011 0.043
-0.045 -0.013 0.047
-0.047 -0.011 0.049
-0.037 -0.005 0.055
-0.049 -0.007 0.057
-0.049 -0.007 0.057
-0.047 -0.011 0.053
-0.043 -0.009 0.059
-0.027 -0.013 0.039
-0.023 -0.017 0.045
-0.023 -0.019 0.055
-0.019 -0.015 0.049
-0.021 -0.017 0.055
-0.019 -0.017 0.045
-0.009 -0.005 0.041
-0.025 -0.019 0.055
-0.027 -0.009 0.063
0.025 -0.019 0.041
0.015 -0.015 0.039
0.023 -0.015 0.045
0.017 -0.013 0.043
0.021 -0.013 0.047
0.005 -0.001 0.063
0.035 -0.025 0.041
0.037 -0.023 0.043
0.033 -0.019 0.045
0.043 -0.009 0.047
0.039 -0.013 0.045
0.037 -0.013 0.045
0.037 -0.011 0.049
0.035 -0.011 0.051
0.035 -0.011 0.055
0.047 -0.007 0.049
0.047 -0.005 0.059
0.049 -0.007 0.049
0.023 -0.001 0.077
0.033 -0.005 0.069
0.043 -0.003 0.067
0.041 -0.005 0.089
0.033 -0.005 0.093
0.055 -0.005 0.091
0.051 -0.009 0.099
0.061 -0.005 0.093
0.043 -0.005 0.099
0.043 -0.003 0.101
0.047 -0.005 0.103
0.047 -0.005 0.103
0.049 -0.009 0.101
0.049 -0.007 0.103
-0.049 -0.001 0.061
-0.043 -0.001 0.067
-0.039 -0.001 0.065
-0.031 -0.001 0.047
-0.027 -0.011 0.061
-0.029 0.001 0.047
-0.013 0.003 0.055
-0.007 0.007 0.049
-0.027 0.001 0.067
-0.015 0.001 0.079
-0.029 0.003 0.059
-0.021 -0.009 0.065
-0.027 0.001 0.077
-0.009 0.005 0.049
-0.013 0.007 0.061
-0.025 0.001 0.083
-0.039 0.001 0.069
-0.035 0.003 0.073
-0.037 0.005 0.069
-0.047 0.003 0.083
-0.035 0.009 0.085
-0.053 0.003 0.083
-0.017 0.001 0.079
-0.007 0.001 0.083
-0.013 0.001 0.083
-0.021 0.003 0.089
-0.025 0.009 0.091
-0.007 0.003 0.087
-0.025 0.001 0.083
-0.015 0.001 0.081
-0.013 0.005 0.091
-0.007 0.009 0.091
-0.021 0.011 0.095
0.007 -0.001 0.063
0.023 -0.007 0.053
0.023 -0.001 0.077
0.019 0.007 0.061
0.027 -0.001 0.077
0.041 -0.007 0.059
0.045 -0.007 0.055
0.029 -0.003 0.073
0.039 -0.003 0.069
0.029 -0.001 0.077
0.047 -0.001 0.065
0.009 0.005 0.073
0.013 0.009 0.073
0.007 0.007 0.079
0.011 0.009 0.075
0.019 -0.001 0.095
0.015 0.001 0.089
0.011 0.003 0.099
0.025 -0.003 0.087
0.021 0.009 0.107
0.029 0.003 0.105
0.027 0.007 0.105
0.029 -0.005 0.097
0.033 -0.005 0.095
0.031 -0.005 0.097
0.043 0.005 0.103
0.047 0.005 0.101
0.009 0.003 0.097
0.011 0.013 0.109
0.027 0.005 0.105
0.021 0.009 0.105
0.023 0.009 0.109
0.023 0.009 0.111
0.011 0.017 0.111
0.023 0.011 0.113
0.035 0.011 0.105
-0.041 -0.013 0.037
-0.043 -0.015 0.045
-0.043 -0.007 0.061
-0.023 -0.017 0.045
-0.021 -0.015 0.035
-0.033 -0.015 0.039
-0.027 -0.015 0.047
-0.037 -0.013 0.049
-0.035 -0.013 0.049
-0.009 -0.015 0.033
-0.017 -0.015 0.035
-0.021 -0.017 0.043
-0.023 -0.015 0.061
-0.021 -0.017 0.055
0.013 -0.015 0.031
0.013 -0.015 0.037
0.031 -0.021 0.033
0.023 -0.017 0.043
0.027 -0.019 0.045
0.009 -0.013 0.041
0.003 -0.001 0.043
0.019 -0.015 0.039
0.015 -0.015 0.039
0.023 -0.017 0.041
0.017 -0.011 0.047
0.005 -0.003 0.053
0.029 -0.013 0.049
0.035 -0.011 0.055
0.039 -0.009 0.055
0.045 -0.005 0.063
0.031 -0.005 0.065
0.027 -0.003 0.071
0.031 -0.005 0.095
0.029 -0.003 0.095
0.041 -0.005 0.067
0.039 -0.005 0.099
0.047 -0.003 0.105
0.047 -0.009 0.099
0.049 -0.007 0.103
0.053 -0.009 0.105
-0.041 0.001 0.031
-0.045 -0.011 0.041
-0.049 -0.009 0.047
-0.047 -0.009 0.057
-0.047 0.001 0.063
-0.033 0.005 0.059
-0.043 -0.013 0.051
-0.045 -0.011 0.053
-0.029 -0.011 0.045
-0.043 -0.011 0.055
-0.033 0.003 0.069
-0.033 0.003 0.063
-0.053 0.005 0.081
-0.041 0.005 0.079
-0.041 0.005 0.077
-0.041 0.005 0.085
-0.027 0.001 0.071
-0.023 0.001 0.073
-0.021 0.001 0.077
-0.031 0.003 0.083
-0.011 0.007 0.071
-0.019 0.001 0.083
-0.025 0.003 0.087
-0.003 0.003 0.085
-0.007 0.003 0.087
-0.007 0.007 0.091
-0.025 0.009 0.091
0.005 -0.001 0.039
0.015 -0.013 0.041
0.005 0.001 0.039
0.007 -0.011 0.043
0.009 -0.009 0.045
0.001 0.003 0.043
-0.001 0.001 0.053
0.007 -0.005 0.047
0.001 0.003 0.043
0.001 0.001 0.045
0.003 -0.003 0.051
0.005 -0.001 0.065
0.017 0.001 0.057
0.007 -0.003 0.059
0.017 -0.001 0.057
0.021 0.005 0.057
0.025 0.001 0.057
0.023 0.005 0.063
0.017 -0.015 0.041
0.031 -0.019 0.045
0.043 -0.009 0.049
0.015 -0.005 0.051
0.019 -0.011 0.049
0.025 0.001 0.057
0.009 0.001 0.069
-0.003 0.001 0.079
0.007 0.003 0.077
0.017 0.009 0.075
-0.005 0.003 0.087
0.011 0.013 0.081
0.021 0.001 0.081
0.017 0.001 0.087
0.027 -0.003 0.087
0.025 -0.003 0.087
0.007 0.007 0.093
0.027 -0.003 0.071
0.031 -0.001 0.077
0.023 0.001 0.079
0.025 0.001 0.081
0.029 -0.003 0.087
0.027 -0.003 0.089
0.031 -0.005 0.095
0.013 0.003 0.099
0.009 0.003 0.101
0.015 0.011 0.105
0.013 0.013 0.105
0.013 0.011 0.109
0.009 0.013 0.111
0.025 -0.001 0.105
0.029 0.001 0.105
0.017 0.011 0.103
-0.039 -0.015 0.045
-0.031 -0.015 0.041
-0.021 -0.017 0.047
-0.019 -0.015 0.045
-0.015 -0.011 0.047
-0.003 -0.015 0.033
-0.041 -0.003 0.065
0.033 -0.019 0.031
0.027 -0.021 0.035
0.031 -0.021 0.041
0.011 -0.015 0.037
0.021 -0.015 0.037
0.025 -0.021 0.033
0.039 -0.021 0.037
0.007 -0.005 0.053
0.013 -0.005 0.053
0.039 -0.019 0.039
0.041 -0.005 0.033
0.035 -0.011 0.047
0.049 -0.001 0.039
0.043 -0.009 0.055
0.031 -0.005 0.083
0.027 -0.003 0.095
0.039 -0.007 0.095
0.055 -0.013 0.087
0.059 -0.009 0.087
0.035 -0.007 0.097
0.029 -0.003 0.101
0.045 -0.009 0.101
0.037 -0.001 0.105
0.055 -0.003 0.105
-0.001 -0.013 0.033
-0.019 -0.015 0.039
-0.013 -0.013 0.035
-0.033 -0.013 0.047
-0.019 -0.009 0.059
-0.021 -0.005 0.061
-0.015 -0.009 0.039
-0.003 -0.015 0.035
-0.003 -0.009 0.035
-0.011 -0.007 0.045
0.009 -0.013 0.039
0.015 -0.015 0.035
0.011 -0.011 0.041
0.017 -0.015 0.039
-0.009 0.003 0.043
0.011 -0.011 0.043
0.011 -0.009 0.045
-0.017 -0.007 0.053
-0.015 -0.007 0.051
-0.019 0.001 0.055
-0.017 0.003 0.055
-0.023 0.001 0.057
0.009 -0.005 0.053
0.003 -0.001 0.061
0.001 -0.001 0.063
-0.039 0.005 0.071
-0.021 -0.005 0.069
-0.029 0.001 0.077
-0.029 0.001 0.079
-0.039 0.007 0.075
-0.045 0.003 0.081
-0.041 0.007 0.081
-0.021 0.001 0.085
-0.021 0.001 0.077
-0.003 0.001 0.073
-0.001 -0.001 0.065
-0.003 0.001 0.073
-0.003 0.001 0.075
0.009 0.009 0.079
-0.025 0.001 0.081
-0.015 0.001 0.085
-0.017 0.003 0.087
-0.005 0.005 0.089
-0.003 0.001 0.083
0.009 0.007 0.087
0.037 -0.021 0.033
0.039 -0.007 0.033
0.029 -0.021 0.039
0.037 -0.023 0.043
0.039 -0.011 0.047
0.047 -0.007 0.041
0.011 -0.001 0.063
0.019 0.003 0.057
0.017 0.003 0.059
0.037 -0.009 0.057
0.035 -0.007 0.061
0.037 -0.009 0.055
0.017 0.003 0.059
0.047 -0.001 0.035
0.049 0.005 0.039
0.051 0.005 0.045
0.051 0.017 0.039
0.051 0.003 0.057
0.051 -0.003 0.053
0.051 -0.001 0.055
0.003 -0.001 0.071
0.017 0.009 0.065
0.015 0.009 0.071
0.007 0.003 0.075
0.011 0.007 0.073
0.025 -0.001 0.077
0.033 -0.005 0.067
0.027 -0.001 0.075
0.017 0.003 0.077
0.001 0.007 0.085
0.013 0.003 0.087
0.027 -0.003 0.083
0.031 -0.005 0.087
0.035 -0.007 0.085
0.041 -0.009 0.085
0.007 0.011 0.083
0.039 -0.007 0.087
0.041 -0.009 0.085
0.053 -0.011 0.089
0.035 0.011 0.079
0.055 -0.013 0.083
0.055 -0.013 0.087
0.047 0.003 0.095
0.055 -0.007 0.091
0.057 -0.001 0.083
0.055 -0.003 0.083
0.061 -0.001 0.083
0.061 -0.005 0.085
0.061 -0.001 0.087
0.019 0.001 0.099
0.017 0.001 0.101
0.027 -0.003 0.095
0.037 -0.007 0.097
0.027 -0.003 0.099
0.019 0.001 0.109
0.033 -0.003 0.103
0.029 0.001 0.105
0.037 -0.003 0.103
0.043 -0.009 0.097
0.049 -0.009 0.101
0.049 0.001 0.097
0.053 -0.007 0.099
0.053 -0.007 0.101
0.059 0.003 0.099
-0.047 -0.005 0.045
-0.047 0.001 0.047
-0.049 0.001 0.053
-0.039 0.001 0.053
-0.047 0.003 0.063
-0.043 0.009 0.063
-0.029 0.017 0.045
-0.029 0.005 0.049
-0.025 0.023 0.041
-0.021 0.025 0.041
-0.021 0.023 0.043
-0.021 0.023 0.043
-0.033 0.009 0.057
-0.031 0.011 0.057
-0.031 0.019 0.075
0.001 0.009 0.043
0.003 0.005 0.041
0.001 0.009 0.045
0.005 0.009 0.039
0.003 0.011 0.041
0.003 0.013 0.043
0.003 0.015 0.045
0.003 0.019 0.051
0.001 0.017 0.053
0.017 0.013 0.059
0.015 0.017 0.057
0.011 0.021 0.041
0.023 0.019 0.043
0.037 0.017 0.055
0.017 0.011 0.071
0.021 0.017 0.075
0.015 0.015 0.085
0.015 0.025 0.089
0.017 0.025 0.087
0.025 0.021 0.087
0.027 0.021 0.089
0.017 0.025 0.095
0.021 0.025 0.097
0.045 0.011 0.091
0.043 0.013 0.093
0.013 0.025 0.103
0.041 0.007 0.105
0.049 0.003 0.105
-0.035 0.015 0.033
-0.043 0.007 0.035
-0.041 0.009 0.033
-0.041 0.003 0.043
-0.049 0.003 0.057
-0.047 0.001 0.049
-0.047 0.003 0.053
-0.035 0.009 0.061
-0.031 0.013 0.043
-0.021 0.023 0.043
-0.027 0.023 0.039
-0.019 0.029 0.037
-0.025 0.021 0.047
-0.017 0.027 0.041
-0.033 0.017 0.065
-0.031 0.017 0.059
-0.021 0.021 0.059
-0.025 0.021 0.049
-0.029 0.017 0.055
-0.015 0.021 0.051
-0.003 0.017 0.057
-0.005 0.017 0.063
-0.055 0.007 0.077
-0.045 0.009 0.069
-0.041 0.011 0.071
-0.037 0.013 0.069
-0.037 0.013 0.075
-0.041 0.011 0.073
-0.055 0.005 0.087
-0.049 0.009 0.085
-0.043 0.011 0.081
-0.045 0.007 0.087
-0.035 0.013 0.083
-0.035 0.015 0.081
-0.035 0.013 0.085
-0.013 0.015 0.071
-0.009 0.019 0.071
-0.011 0.021 0.081
-0.025 0.021 0.073
-0.005 0.021 0.077
-0.033 0.015 0.085
-0.031 0.017 0.085
-0.029 0.015 0.089
-0.021 0.021 0.087
-0.003 0.019 0.085
-0.011 0.021 0.087
0.019 0.023 0.037
0.011 0.021 0.039
0.015 0.023 0.039
0.005 0.017 0.045
0.017 0.023 0.043
0.029 0.013 0.053
0.023 0.009 0.063
0.011 0.019 0.059
0.019 0.017 0.053
0.031 0.023 0.037
0.045 0.023 0.039
0.045 0.023 0.037
0.047 0.023 0.037
0.035 0.017 0.055
0.011 0.017 0.065
0.015 0.011 0.069
-0.003 0.021 0.081
0.017 0.009 0.069
0.015 0.013 0.073
0.027 0.017 0.079
0.001 0.021 0.069
0.007 0.013 0.085
0.013 0.009 0.085
0.013 0.023 0.095
0.015 0.021 0.087
0.031 0.015 0.077
0.041 0.013 0.083
0.021 0.023 0.095
0.037 0.015 0.089
0.041 0.015 0.093
0.043 0.011 0.081
0.049 0.005 0.081
0.049 0.007 0.083
0.051 0.007 0.083
0.051 0.005 0.087
0.007 0.007 0.099
0.009 0.007 0.097
0.013 0.025 0.101
0.017 0.015 0.103
0.017 0.015 0.105
0.025 0.021 0.105
0.017 0.025 0.103
0.021 0.023 0.101
0.005 0.019 0.113
0.039 0.015 0.101
