-0.023 -0.015 0.041
-0.023 -0.015 0.041
-0.029 -0.015 0.051
-0.023 -0.007 0.071
0.029 -0.019 0.043
0.013 -0.015 0.037
0.009 -0.009 0.047
0.027 -0.017 0.047
0.027 -0.013 0.049
0.035 -0.025 0.041
0.029 -0.019 0.045
0.025 -0.003 0.097
-0.043 -0.001 0.067
-0.039 -0.007 0.057
-0.027 -0.017 0.057
-0.025 -0.015 0.061
-0.021 0.001 0.081
0.001 0.003 0.045
0.011 -0.003 0.057
0.011 -0.001 0.061
0.023 0.005 0.065
0.025 -0.013 0.049
0.017 0.005 0.079
0.037 -0.007 0.087
0.045 -0.009 0.087
0.013 0.011 0.107
-0.039 -0.015 0.039
-0.015 -0.011 0.047
-0.019 -0.017 0.045
0.011 -0.015 0.033
0.027 -0.013 0.049
0.039 -0.019 0.041
0.051 -0.003 0.053
0.033 -0.005 0.065
0.025 -0.003 0.085
0.047 -0.005 0.095
-0.003 -0.009 0.035
-0.019 0.001 0.059
0.001 -0.001 0.063
0.009 -0.001 0.061
0.011 -0.007 0.051
0.013 -0.001 0.059
-0.051 0.003 0.087
-0.045 0.003 0.081
-0.027 0.003 0.085
0.033 -0.009 0.057
0.035 -0.009 0.057
0.053 0.015 0.035
0.033 -0.005 0.067
0.023 -0.001 0.085
0.029 0.001 0.081
0.047 -0.011 0.083
0.055 -0.013 0.085
0.017 0.001 0.097
0.031 -0.003 0.103
0.039 -0.001 0.103
0.051 -0.009 0.103
-0.041 -0.015 0.045
-0.035 -0.013 0.049
-0.027 -0.009 0.063
0.023 -0.019 0.035
0.007 -0.011 0.043
0.001 -0.001 0.051
0.031 -0.021 0.041
0.025 -0.009 0.053
0.035 -0.007 0.063
0.041 -0.005 0.099
0.057 -0.001 0.105
-0.025 0.021 0.047
-0.043 0.011 0.083
-0.029 0.001 0.077
-0.027 0.005 0.087
-0.005 0.011 0.093
-0.011 0.003 0.089
-0.025 0.013 0.093
-0.003 0.007 0.089
-0.011 0.011 0.095
0.015 0.001 0.103
0.017 0.003 0.107
0.019 -0.001 0.107
0.023 0.001 0.107
0.015 0.001 0.101
0.035 0.003 0.105
0.051 0.005 0.101
-0.025 0.025 0.039
-0.039 0.005 0.041
-0.037 -0.001 0.047
-0.011 0.019 0.047
-0.007 -0.001 0.039
-0.007 -0.001 0.037
-0.007 0.011 0.043
-0.015 0.013 0.065
0.005 0.019 0.075
0.015 0.021 0.047
0.037 0.019 0.043
0.013 0.015 0.063
0.035 0.013 0.063
0.053 0.003 0.089
-0.043 0.003 0.041
-0.045 0.003 0.055
-0.025 0.021 0.049
-0.009 0.013 0.037
-0.011 0.023 0.043
-0.015 0.019 0.059
-0.009 0.011 0.055
0.001 0.017 0.053
-0.023 0.021 0.051
-0.041 0.011 0.075
-0.041 0.011 0.077
-0.023 0.019 0.073
-0.007 0.019 0.087
0.031 0.023 0.035
0.027 0.023 0.033
0.019 0.023 0.037
0.027 0.023 0.035
0.051 0.017 0.039
0.003 0.021 0.071
0.017 0.025 0.087
0.039 0.015 0.093
0.021 0.017 0.101
0.021 0.015 0.107
0.029 0.021 0.097
0.027 0.021 0.101
0.051 0.009 0.097
0.019 0.017 0.047
0.015 0.013 0.063
0.005 0.019 0.059
0.043 0.011 0.065
0.027 0.015 0.069
0.027 0.017 0.079
0.047 0.011 0.057
0.049 -0.005 0.041
0.049 -0.005 0.097
0.059 0.003 0.099
0.003 0.021 0.065
0.003 0.021 0.067
0.017 0.019 0.047
-0.019 0.025 0.033
0.007 0.019 0.059
0.011 0.019 0.059
-0.019 0.021 0.079
0.025 0.017 0.081
-0.011 0.021 0.077
-0.003 0.021 0.079
0.015 0.025 0.097
0.027 0.019 0.087
0.021 0.025 0.097
0.039 0.021 0.039
0.041 0.015 0.057
0.009 0.015 0.071
0.003 0.015 0.083
0.025 0.021 0.091
0.023 0.023 0.091
0.039 0.011 0.071
0.031 0.019 0.103
0.031 0.013 0.105
0.029 0.021 0.099
0.019 0.025 0.097
0.057 0.005 0.103
0.057 -0.009 0.089
0.045 -0.005 0.061
-0.011 -0.007 0.045
-0.011 -0.005 0.049
0.039 -0.015 0.033
0.037 -0.015 0.043
0.041 -0.009 0.055
0.045 -0.007 0.057
0.057 -0.001 0.091
0.041 -0.001 0.071
0.051 0.003 0.093
0.045 0.001 0.067
0.039 -0.001 0.073
0.037 0.013 0.073
0.039 0.011 0.073
0.045 0.009 0.087
0.053 0.009 0.097
0.055 -0.003 0.103
0.051 -0.001 0.107
0.037 0.021 0.039
0.041 -0.001 0.071
0.047 0.001 0.065
0.047 0.011 0.059
0.045 0.005 0.069
0.053 0.005 0.085
0.043 0.011 0.081
0.045 0.013 0.093
0.055 0.007 0.099
0.061 0.003 0.083
0.059 0.005 0.101
0.053 0.003 0.103
-0.037 -0.013 0.049
-0.039 -0.011 0.053
-0.025 -0.019 0.055
0.021 -0.015 0.043
0.025 -0.015 0.045
0.001 -0.001 0.061
0.033 -0.007 0.061
-0.041 0.005 0.077
-0.033 0.001 0.045
-0.035 0.005 0.071
-0.033 0.007 0.085
-0.017 0.003 0.059
-0.003 0.001 0.069
-0.011 0.003 0.089
-0.003 0.005 0.087
-0.003 0.007 0.089
-0.013 0.007 0.091
0.007 0.007 0.079
-0.003 0.009 0.089
0.027 -0.003 0.089
0.011 0.001 0.067
0.013 0.005 0.103
-0.001 0.017 0.087
0.007 0.005 0.103
0.021 -0.001 0.107
0.033 0.001 0.105
0.035 0.003 0.105
0.047 -0.001 0.105
0.023 0.019 0.105
-0.021 -0.017 0.033
-0.017 -0.015 0.035
-0.017 -0.013 0.039
-0.013 -0.007 0.049
-0.017 -0.011 0.045
-0.017 -0.009 0.053
0.037 -0.023 0.043
0.011 -0.005 0.053
0.039 -0.019 0.039
0.055 -0.013 0.083
0.045 -0.007 0.095
0.059 -0.007 0.089
0.051 -0.007 0.097
0.053 -0.009 0.101
-0.017 -0.009 0.053
0.043 -0.009 0.047
0.045 -0.009 0.051
-0.021 0.001 0.067
-0.021 -0.003 0.073
-0.001 0.001 0.073
-0.025 0.001 0.083
-0.011 0.001 0.081
0.051 0.011 0.035
0.051 0.003 0.047
0.013 0.001 0.063
0.047 -0.001 0.061
0.049 0.005 0.039
0.039 -0.003 0.071
0.041 0.001 0.073
0.063 -0.005 0.093
0.061 -0.005 0.091
-0.049 -0.003 0.053
-0.051 0.005 0.087
-0.029 0.005 0.087
-0.033 0.013 0.089
-0.031 0.013 0.091
-0.023 -0.007 0.071
-0.021 -0.013 0.061
-0.019 0.009 0.093
0.017 0.015 0.097
0.013 0.015 0.111
0.023 0.001 0.107
0.025 0.003 0.105
-0.033 0.013 0.041
-0.045 0.011 0.073
-0.041 0.011 0.073
-0.021 0.023 0.043
-0.033 0.009 0.087
-0.049 0.009 0.085
-0.023 0.017 0.091
-0.029 0.003 0.085
-0.033 0.011 0.089
-0.023 0.013 0.095
-0.005 0.005 0.089
-0.023 0.019 0.089
-0.001 0.019 0.059
0.009 0.019 0.067
0.015 0.025 0.089
0.031 0.021 0.049
0.035 0.021 0.051
0.003 0.019 0.079
-0.001 0.013 0.091
0.013 0.025 0.103
0.031 0.011 0.105
0.049 0.007 0.099
0.021 0.009 0.109
0.031 0.005 0.105
0.025 0.021 0.109
-0.041 -0.015 0.041
-0.027 -0.013 0.039
-0.039 -0.015 0.045
-0.041 -0.003 0.063
-0.029 -0.013 0.039
-0.013 -0.009 0.047
-0.023 -0.019 0.055
-0.023 -0.019 0.055
0.023 -0.017 0.041
0.009 -0.011 0.043
0.023 -0.013 0.047
0.039 -0.017 0.041
0.041 -0.011 0.043
0.061 -0.007 0.091
-0.021 -0.005 0.071
-0.021 -0.011 0.063
-0.049 0.003 0.081
-0.001 0.001 0.073
-0.007 0.001 0.073
-0.013 0.011 0.093
-0.013 0.011 0.095
0.015 0.007 0.065
0.047 -0.007 0.051
0.049 0.013 0.039
0.027 0.009 0.107
0.045 -0.009 0.101
-0.045 -0.007 0.037
-0.039 -0.015 0.047
-0.041 -0.015 0.045
-0.023 -0.017 0.047
-0.027 -0.009 0.057
-0.023 -0.019 0.055
0.021 -0.015 0.043
0.023 -0.011 0.051
0.025 -0.005 0.055
0.029 -0.005 0.061
0.025 -0.003 0.091
-0.049 0.001 0.057
-0.029 0.015 0.047
-0.055 0.007 0.075
-0.051 0.003 0.083
-0.055 0.005 0.081
-0.053 0.003 0.083
-0.037 0.011 0.083
-0.027 0.001 0.081
-0.047 -0.003 0.063
-0.045 -0.003 0.063
-0.045 -0.007 0.061
-0.029 -0.013 0.059
-0.021 0.001 0.055
-0.031 0.001 0.065
0.005 -0.001 0.061
-0.043 0.003 0.071
-0.021 0.001 0.065
0.019 0.003 0.075
0.013 0.011 0.085
0.007 0.005 0.097
0.015 0.011 0.095
0.017 0.013 0.103
-0.039 -0.011 0.053
-0.027 -0.013 0.035
-0.013 -0.007 0.039
0.029 -0.021 0.033
0.005 -0.013 0.037
0.005 -0.013 0.037
0.015 -0.013 0.041
0.015 -0.003 0.055
0.035 -0.021 0.033
0.039 -0.009 0.051
0.047 -0.005 0.059
0.027 -0.003 0.071
0.035 -0.007 0.087
0.049 -0.011 0.087
-0.043 -0.013 0.037
-0.037 -0.015 0.045
-0.027 -0.015 0.047
-0.021 -0.015 0.041
-0.027 0.003 0.059
-0.015 0.005 0.063
-0.031 0.003 0.079
-0.019 0.001 0.079
-0.007 0.011 0.093
0.017 -0.011 0.047
0.025 -0.005 0.055
0.043 -0.009 0.043
0.007 0.001 0.071
0.013 0.011 0.079
0.017 0.009 0.073
0.017 0.009 0.073
0.007 0.005 0.093
0.035 -0.005 0.093
0.037 -0.001 0.089
0.053 0.003 0.095
0.043 -0.009 0.095
0.029 0.001 0.105
0.041 -0.009 0.099
0.039 -0.007 0.097
0.037 -0.001 0.105
-0.019 -0.015 0.035
0.009 -0.015 0.035
0.007 -0.011 0.043
0.027 -0.011 0.053
0.035 -0.015 0.045
0.037 -0.011 0.047
0.045 -0.009 0.043
0.039 -0.005 0.067
0.023 -0.001 0.101
0.047 -0.009 0.097
-0.019 -0.015 0.035
-0.007 0.005 0.041
-0.015 0.007 0.073
-0.021 0.005 0.091
-0.031 0.011 0.091
0.015 -0.009 0.045
0.033 -0.011 0.051
0.019 0.007 0.059
0.019 -0.005 0.053
0.041 -0.011 0.041
0.021 0.001 0.091
0.045 0.003 0.095
-0.041 -0.003 0.065
-0.013 -0.013 0.035
-0.019 -0.015 0.049
-0.007 -0.015 0.037
0.021 -0.009 0.051
0.039 -0.017 0.039
0.031 -0.011 0.055
0.025 -0.003 0.097
-0.007 -0.007 0.039
-0.011 -0.003 0.049
0.003 -0.001 0.063
0.009 0.001 0.067
-0.039 0.001 0.067
0.001 0.001 0.079
0.003 0.003 0.081
0.033 -0.005 0.099
0.045 -0.009 0.087
0.039 -0.005 0.089
0.043 0.001 0.071
0.025 0.009 0.109
0.009 0.017 0.111
0.039 -0.001 0.105
-0.035 0.007 0.041
-0.045 0.009 0.067
-0.027 0.021 0.043
-0.029 0.017 0.047
-0.015 0.025 0.043
-0.021 0.019 0.065
-0.005 0.017 0.063
0.007 0.019 0.051
-0.011 0.021 0.077
0.013 0.007 0.097
-0.005 0.021 0.075
0.015 0.017 0.091
0.015 0.013 0.099
-0.045 0.001 0.041
-0.003 0.013 0.053
-0.027 0.019 0.065
-0.031 0.019 0.063
-0.023 0.017 0.091
-0.031 0.017 0.085
-0.013 0.027 0.039
0.013 0.021 0.035
0.011 0.021 0.047
0.013 0.021 0.041
0.033 0.013 0.063
0.031 0.021 0.049
-0.011 0.021 0.077
-0.011 0.021 0.087
-0.011 0.017 0.091
0.019 0.019 0.085
0.013 0.025 0.097
0.021 0.023 0.091
0.021 0.025 0.097
-0.039 -0.015 0.045
-0.017 -0.015 0.043
-0.003 -0.015 0.035
0.029 -0.011 0.055
0.057 -0.011 0.087
0.025 -0.001 0.105
0.055 -0.007 0.105
-0.009 0.003 0.045
-0.021 -0.007 0.059
-0.019 -0.003 0.051
0.001 -0.001 0.071
-0.021 -0.003 0.065
0.001 -0.001 0.069
-0.031 0.007 0.087
-0.003 0.001 0.083
-0.013 0.007 0.091
-0.011 0.007 0.091
-0.009 0.017 0.091
0.029 -0.011 0.055
0.049 0.001 0.063
0.053 -0.013 0.085
0.013 0.003 0.095
0.023 -0.001 0.105
0.043 -0.003 0.101
-0.047 0.003 0.053
-0.031 0.015 0.043
0.015 0.023 0.039
-0.011 0.023 0.043
0.005 0.015 0.043
-0.007 0.015 0.065
-0.001 0.019 0.063
0.027 0.021 0.043
0.013 0.021 0.053
0.027 0.019 0.047
0.035 0.021 0.051
0.015 0.025 0.093
0.023 0.021 0.085
0.031 0.017 0.083
0.027 0.021 0.099
-0.033 0.011 0.041
-0.013 0.027 0.039
-0.025 0.019 0.055
-0.013 0.019 0.053
-0.053 0.007 0.075
-0.027 0.021 0.069
-0.001 0.011 0.047
0.017 0.025 0.035
0.027 0.021 0.043
0.025 0.009 0.061
0.041 0.021 0.039
0.023 0.021 0.105
