-0.025 -0.017 0.049
-0.019 -0.021 0.043
-0.021 -0.017 0.047
-0.003 -0.019 0.053
-0.047 -0.023 0.039
-0.045 -0.023 0.037
-0.045 -0.023 0.039
-0.033 -0.021 0.045
-0.031 -0.021 0.047
-0.033 -0.021 0.049
-0.049 -0.019 0.039
-0.037 -0.021 0.051
-0.037 -0.015 0.057
-0.025 -0.019 0.043
-0.031 -0.021 0.049
-0.039 -0.017 0.055
-0.039 -0.019 0.053
-0.033 -0.017 0.053
-0.045 -0.011 0.061
-0.039 -0.017 0.055
-0.041 -0.015 0.057
-0.037 -0.015 0.057
-0.031 -0.013 0.055
-0.033 -0.013 0.057
-0.039 -0.015 0.057
-0.041 -0.013 0.065
-0.037 -0.015 0.057
-0.029 -0.023 0.037
-0.023 -0.023 0.035
-0.023 -0.023 0.039
-0.017 -0.023 0.037
-0.023 -0.017 0.049
-0.019 -0.023 0.041
-0.013 -0.023 0.037
-0.013 -0.021 0.043
-0.011 -0.021 0.043
-0.003 -0.017 0.047
-0.015 -0.021 0.049
-0.011 -0.021 0.047
-0.019 -0.017 0.051
-0.017 -0.017 0.055
-0.011 -0.019 0.055
-0.005 -0.019 0.057
-0.007 -0.019 0.047
-0.007 -0.013 0.037
-0.001 -0.013 0.045
0.001 -0.013 0.049
0.001 -0.015 0.053
0.003 -0.015 0.055
0.005 -0.013 0.057
-0.017 -0.017 0.053
-0.013 -0.021 0.051
-0.003 -0.019 0.051
-0.007 -0.019 0.061
-0.001 -0.021 0.067
-0.027 -0.009 0.057
-0.015 -0.015 0.081
-0.015 -0.011 0.065
-0.011 -0.015 0.069
-0.005 -0.017 0.079
-0.011 -0.017 0.067
-0.037 -0.013 0.073
-0.031 -0.015 0.073
-0.035 -0.013 0.075
-0.031 -0.017 0.085
-0.027 -0.021 0.093
-0.025 -0.023 0.097
-0.015 -0.023 0.103
-0.059 -0.003 0.085
-0.057 -0.003 0.083
-0.031 -0.017 0.103
-0.037 -0.015 0.101
-0.051 -0.009 0.097
-0.035 -0.013 0.105
-0.047 -0.009 0.097
-0.041 -0.011 0.103
-0.035 -0.015 0.085
-0.027 -0.021 0.095
-0.027 -0.021 0.097
-0.025 -0.023 0.109
-0.027 -0.023 0.107
-0.023 -0.021 0.107
-0.023 -0.015 0.103
-0.021 -0.015 0.105
-0.027 -0.021 0.103
-0.023 -0.021 0.107
-0.035 -0.013 0.105
-0.037 -0.011 0.105
-0.037 -0.011 0.105
-0.019 -0.015 0.109
-0.031 -0.013 0.105
-0.015 -0.023 0.087
-0.001 -0.021 0.071
-0.001 -0.021 0.073
-0.003 -0.019 0.075
-0.001 -0.019 0.081
-0.019 -0.015 0.073
-0.013 -0.015 0.083
-0.013 -0.015 0.081
-0.019 -0.017 0.077
-0.017 -0.015 0.099
-0.011 -0.013 0.087
-0.011 -0.015 0.087
-0.013 -0.011 0.093
-0.011 -0.013 0.091
-0.007 -0.017 0.073
-0.011 -0.015 0.069
0.001 -0.015 0.087
-0.001 -0.015 0.087
0.009 -0.013 0.093
0.005 -0.013 0.093
-0.019 -0.025 0.097
-0.017 -0.025 0.097
-0.015 -0.023 0.089
-0.021 -0.023 0.093
-0.019 -0.025 0.099
-0.017 -0.025 0.095
-0.013 -0.025 0.097
-0.015 -0.021 0.097
-0.015 -0.023 0.089
-0.013 -0.007 0.091
-0.003 -0.019 0.111
-0.011 -0.015 0.087
0.001 -0.019 0.085
0.003 -0.015 0.089
0.003 -0.013 0.091
-0.007 -0.007 0.087
-0.015 -0.009 0.093
-0.001 -0.013 0.091
-0.013 -0.007 0.093
-0.007 -0.007 0.093
-0.001 -0.019 0.113
-0.001 -0.019 0.113
-0.007 -0.007 0.099
-0.027 -0.023 0.107
-0.025 -0.023 0.109
-0.053 -0.007 0.099
-0.055 -0.003 0.103
-0.047 -0.005 0.101
-0.051 -0.001 0.107
-0.033 -0.007 0.105
-0.039 -0.009 0.105
-0.035 -0.005 0.105
-0.031 -0.013 0.105
-0.015 -0.025 0.103
-0.027 -0.021 0.101
-0.025 -0.023 0.109
-0.013 -0.025 0.103
-0.023 -0.021 0.107
-0.023 -0.021 0.105
-0.025 -0.017 0.105
-0.017 -0.015 0.099
-0.013 -0.015 0.111
-0.013 -0.011 0.109
-0.015 -0.013 0.109
-0.017 -0.011 0.109
-0.013 -0.013 0.109
-0.017 -0.005 0.107
-0.015 -0.003 0.103
-0.029 -0.013 0.105
-0.029 -0.011 0.105
-0.013 -0.015 0.111
-0.021 -0.013 0.111
-0.021 -0.013 0.115
-0.019 -0.013 0.115
-0.019 -0.003 0.109
-0.019 -0.003 0.109
-0.015 -0.015 0.097
-0.009 -0.007 0.103
-0.009 -0.005 0.103
-0.009 -0.005 0.103
-0.007 -0.019 0.111
-0.005 -0.019 0.113
-0.013 -0.011 0.109
-0.001 -0.019 0.113
0.029 -0.019 0.061
0.035 -0.011 0.039
0.041 -0.007 0.037
0.041 -0.005 0.039
0.015 -0.027 0.041
0.015 -0.021 0.047
0.019 -0.021 0.053
0.023 -0.025 0.039
0.025 -0.025 0.039
0.027 -0.023 0.039
0.027 -0.023 0.041
0.031 -0.019 0.037
0.031 -0.019 0.039
0.019 -0.023 0.045
0.019 -0.023 0.045
0.029 -0.019 0.041
0.031 -0.017 0.041
0.019 -0.021 0.057
0.021 -0.021 0.061
0.015 -0.021 0.053
0.017 -0.021 0.057
0.003 -0.009 0.051
0.027 -0.019 0.043
0.027 -0.019 0.045
0.033 -0.017 0.037
0.027 -0.019 0.059
0.003 -0.019 0.061
0.021 -0.021 0.053
0.023 -0.021 0.057
0.023 -0.021 0.055
0.023 -0.021 0.057
0.027 -0.017 0.051
0.025 -0.019 0.053
0.025 -0.021 0.061
0.019 -0.019 0.063
0.029 -0.019 0.063
0.033 -0.017 0.063
0.031 -0.019 0.065
0.003 -0.015 0.055
0.013 -0.017 0.059
0.013 -0.017 0.059
0.013 -0.017 0.059
0.013 -0.015 0.061
0.013 -0.015 0.061
0.009 -0.015 0.067
0.025 -0.021 0.081
0.021 -0.019 0.071
0.015 -0.021 0.087
0.017 -0.019 0.089
0.025 -0.021 0.081
0.025 -0.021 0.083
0.025 -0.021 0.083
0.029 -0.019 0.079
0.035 -0.017 0.073
0.035 -0.017 0.073
0.033 -0.017 0.081
0.037 -0.015 0.073
0.037 -0.013 0.037
0.041 -0.009 0.035
0.037 -0.013 0.037
0.037 -0.009 0.039
0.035 -0.009 0.041
0.035 -0.007 0.041
0.037 -0.005 0.041
0.043 -0.007 0.035
0.043 -0.001 0.037
0.033 -0.013 0.041
0.033 -0.011 0.041
0.035 -0.009 0.041
0.035 -0.007 0.041
0.035 -0.007 0.041
0.035 -0.005 0.041
0.043 -0.001 0.047
0.047 -0.005 0.061
0.037 -0.013 0.067
0.047 -0.005 0.061
0.049 -0.003 0.059
0.045 -0.011 0.071
0.047 -0.005 0.063
0.049 -0.001 0.061
0.013 -0.021 0.079
0.005 -0.021 0.083
0.019 -0.021 0.079
0.025 -0.021 0.079
0.027 -0.021 0.069
0.033 -0.019 0.073
0.025 -0.021 0.079
0.025 -0.021 0.081
0.033 -0.019 0.077
0.017 -0.021 0.087
0.017 -0.021 0.087
0.017 -0.019 0.089
0.013 -0.017 0.091
0.013 -0.015 0.093
0.021 -0.017 0.091
0.019 -0.015 0.093
0.021 -0.013 0.095
0.023 -0.021 0.077
0.025 -0.021 0.077
0.023 -0.021 0.083
0.023 -0.019 0.085
0.027 -0.019 0.083
0.027 -0.019 0.085
0.031 -0.015 0.087
0.027 -0.017 0.087
0.029 -0.017 0.087
0.037 -0.013 0.081
0.023 -0.021 0.083
0.029 -0.015 0.089
0.035 -0.011 0.087
0.035 -0.009 0.085
0.031 -0.011 0.091
0.031 -0.011 0.091
0.005 -0.019 0.085
0.017 -0.021 0.083
0.017 -0.021 0.087
0.023 -0.021 0.083
0.023 -0.019 0.089
0.027 -0.019 0.083
0.033 -0.017 0.081
0.029 -0.017 0.087
0.011 -0.013 0.095
0.017 -0.013 0.095
0.009 -0.013 0.095
0.005 -0.013 0.093
0.017 -0.013 0.095
0.011 -0.013 0.095
0.033 -0.015 0.085
0.027 -0.011 0.093
0.023 -0.013 0.095
0.019 -0.011 0.095
0.031 -0.013 0.091
0.021 -0.005 0.091
0.033 -0.019 0.067
0.035 -0.017 0.073
0.035 -0.015 0.067
0.043 -0.011 0.069
0.045 -0.009 0.067
0.045 -0.009 0.069
0.039 -0.011 0.077
0.047 -0.011 0.081
0.037 -0.009 0.083
0.053 -0.009 0.081
0.053 -0.007 0.083
0.055 -0.007 0.079
0.055 -0.007 0.077
0.055 -0.007 0.081
0.037 -0.013 0.081
0.035 -0.013 0.083
0.035 -0.013 0.087
0.043 -0.009 0.085
0.047 -0.009 0.085
0.045 -0.007 0.087
0.047 -0.007 0.087
0.043 -0.005 0.087
0.049 -0.005 0.087
0.049 -0.005 0.087
0.051 -0.007 0.085
0.053 -0.007 0.085
0.053 -0.007 0.085
0.057 -0.005 0.081
-0.021 -0.013 0.055
0.009 -0.021 0.083
0.003 -0.019 0.063
-0.031 -0.015 0.069
-0.031 -0.015 0.073
-0.015 -0.025 0.089
-0.015 -0.025 0.087
-0.015 -0.013 0.063
-0.021 -0.013 0.069
-0.021 -0.007 0.059
-0.013 -0.015 0.085
-0.005 -0.013 0.085
-0.011 -0.015 0.087
-0.031 0.019 0.045
-0.031 0.019 0.045
-0.037 -0.013 0.071
-0.017 -0.025 0.101
-0.011 -0.015 0.087
-0.011 -0.015 0.089
-0.021 -0.023 0.101
-0.017 -0.025 0.103
-0.013 -0.025 0.103
-0.015 -0.025 0.103
-0.015 -0.017 0.091
-0.001 -0.021 0.075
0.001 -0.021 0.077
-0.005 -0.017 0.079
-0.003 -0.019 0.079
-0.003 -0.019 0.079
0.001 -0.019 0.085
0.007 -0.021 0.085
-0.007 -0.013 0.085
-0.007 -0.013 0.085
-0.005 -0.013 0.085
0.005 -0.019 0.087
0.003 -0.017 0.087
0.005 -0.017 0.089
0.007 -0.021 0.077
0.009 -0.019 0.071
0.009 -0.021 0.075
0.011 -0.021 0.077
0.009 -0.019 0.071
0.013 -0.021 0.079
0.015 -0.021 0.079
0.017 -0.021 0.085
0.015 -0.021 0.085
0.019 -0.021 0.085
0.019 -0.021 0.087
0.009 -0.021 0.085
0.011 -0.021 0.087
0.015 -0.021 0.087
-0.001 -0.015 0.085
-0.001 -0.015 0.087
0.001 -0.017 0.087
-0.001 -0.015 0.087
-0.007 -0.011 0.085
-0.003 -0.013 0.089
-0.001 -0.015 0.087
-0.011 -0.013 0.081
-0.005 -0.013 0.085
-0.007 -0.013 0.085
0.001 -0.017 0.087
-0.001 -0.015 0.087
0.001 -0.017 0.087
-0.013 -0.015 0.083
-0.011 -0.015 0.089
-0.013 -0.015 0.089
-0.011 -0.015 0.091
-0.001 -0.017 0.083
0.015 -0.021 0.085
0.013 -0.021 0.087
0.011 -0.021 0.087
0.005 -0.019 0.087
-0.017 -0.021 0.101
-0.037 -0.013 0.103
-0.039 -0.009 0.105
-0.031 -0.005 0.105
-0.039 -0.003 0.105
-0.051 -0.003 0.105
-0.047 -0.003 0.103
-0.041 -0.011 0.103
-0.035 -0.011 0.105
-0.039 -0.009 0.105
-0.035 -0.007 0.105
-0.039 -0.003 0.105
-0.035 -0.005 0.105
-0.019 -0.013 0.109
-0.033 -0.007 0.105
-0.037 -0.001 0.105
-0.033 -0.003 0.105
-0.013 -0.015 0.095
-0.007 -0.019 0.111
-0.007 -0.017 0.113
-0.017 -0.015 0.109
-0.045 0.001 0.103
-0.051 0.001 0.107
-0.049 0.003 0.107
-0.039 -0.003 0.105
-0.037 -0.001 0.105
-0.031 -0.003 0.105
-0.031 -0.001 0.105
-0.031 -0.001 0.105
-0.041 0.009 0.099
-0.031 0.001 0.105
-0.021 -0.005 0.105
-0.019 -0.011 0.115
-0.025 -0.001 0.105
-0.019 0.001 0.107
0.041 -0.009 0.063
0.025 -0.021 0.079
0.019 -0.019 0.065
0.023 -0.021 0.079
0.027 -0.021 0.073
0.031 -0.019 0.069
0.027 -0.021 0.075
0.027 -0.019 0.077
0.029 -0.019 0.083
0.029 -0.019 0.077
0.033 -0.017 0.079
0.033 -0.017 0.081
0.031 -0.019 0.079
0.033 -0.017 0.081
0.025 -0.021 0.075
0.033 -0.019 0.077
0.033 -0.003 0.043
0.037 -0.013 0.069
0.035 -0.017 0.075
0.037 -0.015 0.073
0.043 -0.013 0.075
0.041 -0.011 0.073
0.033 -0.017 0.079
0.035 -0.017 0.079
0.037 -0.015 0.071
0.037 -0.013 0.077
0.035 -0.015 0.077
0.035 -0.013 0.083
0.037 -0.013 0.081
0.047 -0.011 0.079
0.029 -0.017 0.085
0.033 -0.017 0.079
0.035 -0.009 0.085
0.041 -0.009 0.085
0.039 -0.011 0.081
0.035 -0.013 0.087
0.035 -0.011 0.087
0.033 -0.011 0.089
0.033 -0.009 0.087
0.041 -0.009 0.085
0.033 -0.005 0.081
0.027 0.013 0.061
0.033 -0.005 0.083
0.029 0.013 0.059
0.041 -0.007 0.087
0.027 0.013 0.061
0.045 -0.001 0.045
0.045 -0.001 0.043
0.045 0.001 0.039
0.047 -0.003 0.055
0.047 -0.005 0.067
0.049 -0.003 0.059
0.049 -0.003 0.057
0.043 -0.001 0.047
0.047 -0.001 0.047
0.049 -0.011 0.081
0.049 0.001 0.061
0.049 0.003 0.057
0.055 -0.007 0.077
0.049 -0.011 0.081
0.047 -0.011 0.079
0.049 -0.011 0.081
0.055 -0.007 0.077
0.055 -0.007 0.077
0.051 -0.009 0.083
0.049 0.007 0.049
0.049 0.001 0.057
0.033 -0.011 0.089
