-0.051 -0.007 0.053
-0.051 -0.003 0.055
-0.051 -0.001 0.057
-0.045 -0.015 0.051
-0.051 -0.003 0.045
-0.051 -0.001 0.043
-0.051 0.001 0.043
-0.049 -0.009 0.047
-0.041 -0.019 0.053
-0.051 -0.001 0.051
-0.049 -0.001 0.059
-0.049 -0.003 0.061
-0.045 -0.015 0.051
-0.047 -0.011 0.059
-0.049 -0.009 0.059
-0.047 -0.009 0.061
-0.051 -0.007 0.053
-0.043 -0.017 0.047
-0.041 -0.017 0.055
-0.047 -0.011 0.059
-0.049 -0.007 0.059
-0.045 -0.007 0.067
-0.051 -0.007 0.051
-0.051 -0.003 0.051
-0.051 0.001 0.055
-0.049 -0.001 0.063
-0.041 0.007 0.061
-0.045 -0.001 0.069
-0.033 0.005 0.065
-0.057 0.013 0.085
-0.045 -0.009 0.065
-0.059 -0.001 0.087
-0.059 0.001 0.089
-0.051 -0.003 0.093
-0.051 -0.003 0.093
-0.045 -0.007 0.067
-0.061 0.001 0.085
-0.061 0.005 0.085
-0.045 -0.001 0.069
-0.045 -0.005 0.069
-0.045 -0.003 0.069
-0.059 0.007 0.085
-0.061 0.005 0.087
-0.053 0.013 0.083
-0.061 0.005 0.093
-0.057 0.013 0.085
-0.057 0.009 0.089
-0.045 0.009 0.087
-0.061 -0.003 0.083
-0.045 -0.001 0.069
-0.055 -0.003 0.089
-0.059 0.005 0.093
-0.043 -0.013 0.101
-0.051 -0.007 0.083
-0.057 -0.003 0.087
-0.053 -0.005 0.087
-0.055 -0.003 0.097
-0.053 -0.003 0.089
-0.045 0.001 0.089
-0.055 0.003 0.105
-0.055 0.005 0.103
-0.059 -0.003 0.099
-0.051 -0.001 0.107
-0.059 -0.001 0.087
-0.061 0.007 0.093
-0.057 -0.005 0.097
-0.047 0.005 0.089
-0.047 0.005 0.089
-0.045 0.005 0.089
-0.045 -0.003 0.089
-0.053 0.007 0.099
-0.053 0.009 0.103
-0.051 0.009 0.103
-0.045 -0.011 0.097
-0.045 -0.011 0.097
-0.041 -0.013 0.097
-0.051 -0.003 0.105
-0.033 -0.017 0.101
-0.039 -0.015 0.101
-0.043 -0.011 0.103
-0.059 -0.005 0.101
-0.055 -0.001 0.097
-0.053 0.009 0.101
-0.053 0.009 0.103
-0.041 -0.001 0.105
-0.035 0.003 0.103
-0.029 -0.001 0.105
-0.025 0.001 0.105
-0.059 -0.003 0.101
-0.045 -0.011 0.097
-0.041 -0.007 0.105
-0.051 0.003 0.107
-0.031 -0.019 0.103
-0.035 -0.017 0.099
-0.029 -0.019 0.105
-0.029 -0.017 0.105
-0.029 -0.017 0.105
-0.029 -0.019 0.105
-0.029 -0.013 0.105
-0.029 -0.019 0.105
-0.025 -0.007 0.107
-0.027 0.001 0.103
-0.025 -0.007 0.107
-0.023 -0.007 0.107
-0.021 -0.011 0.115
-0.055 0.013 0.083
-0.007 0.005 0.055
-0.049 0.013 0.085
0.009 0.001 0.047
0.013 0.005 0.051
-0.059 0.001 0.089
-0.059 0.001 0.089
-0.063 0.007 0.093
-0.059 0.005 0.093
-0.059 0.007 0.093
-0.059 0.009 0.087
-0.059 0.007 0.093
-0.053 0.013 0.085
-0.057 0.009 0.085
-0.057 0.011 0.087
-0.055 0.011 0.089
-0.041 0.007 0.087
0.001 0.001 0.061
-0.003 0.001 0.065
-0.055 0.005 0.103
-0.041 0.007 0.087
-0.049 0.013 0.085
-0.049 0.003 0.089
-0.053 0.005 0.099
-0.047 0.009 0.097
-0.009 0.001 0.063
0.017 -0.001 0.053
0.023 -0.001 0.051
-0.007 0.001 0.067
0.021 0.005 0.061
0.021 0.003 0.067
-0.025 0.003 0.097
0.025 -0.001 0.067
0.041 0.001 0.067
-0.051 -0.001 0.107
-0.051 -0.001 0.107
-0.041 -0.005 0.105
-0.051 0.003 0.107
-0.035 -0.003 0.105
-0.025 -0.005 0.105
-0.023 -0.001 0.107
-0.039 0.003 0.101
-0.043 0.009 0.099
0.001 -0.001 0.081
0.023 -0.001 0.073
0.021 -0.001 0.071
0.025 -0.001 0.071
-0.037 0.003 0.103
0.011 -0.001 0.085
-0.031 -0.005 0.105
-0.035 -0.005 0.105
0.001 -0.001 0.081
-0.027 0.001 0.103
-0.025 0.001 0.105
0.011 -0.011 0.095
0.005 -0.005 0.089
0.011 -0.005 0.091
0.019 -0.011 0.095
0.003 -0.003 0.085
0.005 -0.005 0.089
0.025 -0.001 0.083
0.021 -0.001 0.085
0.043 -0.005 0.081
0.041 -0.005 0.083
0.041 -0.009 0.085
0.041 -0.005 0.085
0.041 -0.005 0.087
0.041 -0.005 0.087
0.041 -0.005 0.087
0.045 -0.003 0.087
-0.049 0.007 0.049
-0.045 0.009 0.051
-0.039 0.009 0.049
-0.029 0.017 0.047
-0.037 0.021 0.039
-0.047 0.001 0.037
-0.047 0.007 0.041
-0.047 0.007 0.041
-0.041 0.011 0.041
-0.049 0.007 0.049
-0.039 0.011 0.047
-0.039 0.013 0.045
-0.037 0.021 0.043
-0.045 0.007 0.057
-0.037 0.011 0.051
-0.035 0.011 0.053
-0.037 0.007 0.063
-0.039 0.007 0.061
-0.039 0.009 0.057
-0.045 0.009 0.051
-0.039 0.011 0.047
-0.037 0.011 0.049
-0.033 0.013 0.047
-0.033 0.017 0.045
-0.033 0.019 0.045
-0.029 0.017 0.047
-0.035 0.011 0.055
-0.031 0.009 0.057
-0.011 0.015 0.037
-0.029 0.011 0.055
-0.015 0.005 0.053
-0.023 0.011 0.051
-0.031 0.013 0.049
-0.007 0.003 0.057
-0.049 0.013 0.083
-0.061 0.005 0.087
-0.063 0.007 0.093
-0.057 0.005 0.093
-0.057 0.009 0.089
-0.055 0.011 0.089
-0.049 0.007 0.089
-0.041 0.005 0.089
-0.045 0.009 0.087
-0.053 0.009 0.101
-0.053 0.007 0.101
-0.053 0.009 0.103
-0.055 0.007 0.105
-0.051 0.009 0.103
-0.055 0.011 0.089
-0.053 0.009 0.091
-0.007 0.001 0.067
-0.037 0.003 0.101
0.015 0.011 0.047
0.017 0.013 0.043
0.017 0.013 0.045
-0.011 0.007 0.049
-0.011 0.007 0.049
-0.009 0.007 0.051
0.011 0.007 0.039
0.005 0.015 0.037
0.007 0.009 0.039
0.011 0.009 0.037
-0.007 0.005 0.055
0.013 0.007 0.049
0.007 0.005 0.039
0.011 0.011 0.037
0.015 0.011 0.039
-0.003 0.001 0.063
0.019 0.011 0.059
0.021 0.013 0.061
0.021 0.007 0.061
0.023 0.015 0.059
0.019 0.011 0.061
0.023 0.013 0.063
0.021 0.017 0.043
0.021 0.015 0.055
0.019 0.011 0.057
0.019 0.009 0.059
0.021 0.005 0.063
0.019 0.011 0.061
0.041 0.001 0.067
-0.003 0.001 0.069
0.021 0.007 0.069
0.021 0.009 0.065
0.039 0.001 0.065
-0.051 -0.011 0.037
-0.045 -0.009 0.035
-0.051 -0.019 0.035
-0.049 -0.023 0.037
-0.051 -0.021 0.037
-0.051 -0.021 0.037
-0.043 -0.019 0.041
-0.051 -0.013 0.037
-0.051 -0.003 0.047
-0.051 -0.015 0.039
-0.047 -0.009 0.037
-0.049 -0.005 0.039
-0.047 -0.011 0.047
-0.041 -0.019 0.051
-0.051 -0.001 0.057
-0.051 -0.017 0.039
-0.041 -0.019 0.047
-0.043 -0.015 0.049
-0.047 -0.009 0.039
-0.049 -0.005 0.039
-0.049 -0.003 0.039
-0.051 0.001 0.053
-0.047 -0.011 0.057
-0.043 -0.013 0.061
-0.049 -0.009 0.059
-0.049 -0.009 0.059
-0.049 -0.003 0.063
-0.049 -0.005 0.063
-0.041 -0.011 0.071
-0.047 -0.005 0.065
-0.039 -0.011 0.073
-0.057 -0.003 0.081
-0.061 -0.001 0.083
-0.057 -0.003 0.087
-0.055 -0.003 0.089
-0.041 -0.013 0.083
-0.043 -0.011 0.083
-0.039 -0.013 0.087
-0.049 -0.007 0.085
-0.061 0.001 0.085
-0.061 -0.003 0.083
-0.045 -0.011 0.091
-0.051 -0.007 0.093
-0.051 -0.007 0.093
-0.055 -0.005 0.095
-0.053 -0.003 0.095
-0.027 -0.017 0.079
-0.033 -0.015 0.075
-0.043 -0.011 0.081
-0.043 -0.011 0.069
-0.043 -0.009 0.069
-0.045 -0.005 0.069
-0.037 -0.013 0.073
-0.035 -0.013 0.075
-0.031 -0.001 0.079
-0.041 -0.007 0.073
-0.051 -0.007 0.083
-0.037 -0.001 0.075
-0.041 -0.013 0.085
-0.033 -0.017 0.089
-0.029 -0.019 0.089
-0.025 -0.021 0.091
-0.053 -0.005 0.085
-0.059 -0.001 0.087
-0.051 -0.005 0.089
-0.039 -0.005 0.091
-0.055 -0.001 0.097
-0.059 -0.003 0.101
-0.057 -0.001 0.099
-0.055 -0.001 0.097
-0.043 -0.011 0.101
-0.057 -0.005 0.097
-0.021 -0.025 0.099
-0.035 -0.017 0.099
-0.025 -0.023 0.101
-0.031 -0.021 0.103
-0.029 -0.021 0.105
-0.029 -0.019 0.105
-0.015 -0.017 0.109
-0.043 -0.009 0.101
-0.055 0.003 0.103
-0.057 -0.001 0.099
-0.059 -0.001 0.101
-0.051 -0.001 0.047
-0.049 0.003 0.047
-0.049 -0.011 0.053
-0.043 -0.017 0.047
-0.047 -0.013 0.049
-0.051 -0.007 0.051
-0.051 -0.005 0.053
-0.045 -0.013 0.051
-0.049 0.001 0.057
-0.049 0.005 0.047
-0.051 0.001 0.055
-0.049 0.001 0.059
-0.049 -0.007 0.057
-0.047 -0.009 0.063
-0.045 -0.011 0.065
-0.041 -0.013 0.067
-0.047 -0.009 0.063
-0.051 -0.005 0.057
-0.051 -0.003 0.057
-0.047 -0.003 0.065
-0.045 -0.005 0.069
-0.045 0.007 0.059
-0.045 0.003 0.065
-0.045 -0.003 0.069
-0.037 0.005 0.069
-0.049 0.005 0.047
-0.051 0.003 0.053
-0.047 0.007 0.055
-0.045 0.007 0.059
-0.043 -0.005 0.071
0.027 -0.001 0.061
-0.041 0.001 0.071
-0.039 0.003 0.071
0.037 0.001 0.057
-0.037 -0.013 0.073
-0.041 -0.009 0.073
-0.035 -0.013 0.077
-0.033 -0.013 0.079
-0.047 -0.007 0.081
-0.039 -0.013 0.081
-0.037 -0.009 0.077
-0.035 -0.011 0.079
-0.051 -0.007 0.083
-0.043 -0.001 0.071
-0.041 0.001 0.071
-0.037 0.001 0.075
-0.037 -0.005 0.077
-0.023 0.001 0.075
-0.027 0.001 0.079
-0.039 0.003 0.071
-0.035 -0.001 0.077
-0.001 0.001 0.069
-0.035 0.003 0.073
-0.035 -0.003 0.077
-0.057 0.009 0.085
-0.045 -0.011 0.091
-0.049 -0.009 0.093
-0.049 -0.009 0.093
-0.047 -0.007 0.087
-0.047 -0.007 0.087
-0.051 -0.003 0.093
-0.053 -0.003 0.095
-0.031 -0.003 0.093
-0.059 0.003 0.093
-0.037 -0.001 0.091
-0.063 0.005 0.093
-0.039 -0.005 0.091
-0.059 0.007 0.087
-0.059 0.007 0.089
-0.061 0.005 0.091
-0.061 0.005 0.091
-0.059 0.007 0.089
-0.055 -0.001 0.097
-0.041 -0.001 0.095
-0.031 -0.001 0.093
-0.063 0.005 0.093
-0.037 -0.007 0.077
-0.039 0.001 0.073
-0.037 -0.001 0.075
-0.031 0.003 0.073
-0.035 0.003 0.073
0.031 -0.001 0.067
-0.059 -0.003 0.081
-0.061 0.003 0.085
-0.061 0.003 0.087
-0.061 0.003 0.087
-0.059 0.007 0.089
-0.043 0.003 0.033
-0.049 0.003 0.041
-0.037 0.011 0.033
-0.041 0.011 0.041
-0.037 0.019 0.033
-0.037 0.021 0.033
-0.045 0.009 0.051
-0.035 0.011 0.055
-0.047 0.003 0.037
-0.041 0.011 0.041
-0.041 0.011 0.043
-0.039 0.017 0.041
-0.039 0.017 0.041
-0.035 0.017 0.043
-0.031 0.013 0.049
-0.039 0.021 0.037
-0.039 0.021 0.037
-0.033 0.017 0.045
-0.043 0.009 0.053
-0.045 0.007 0.057
-0.043 0.007 0.061
-0.043 0.009 0.055
-0.041 0.007 0.057
-0.043 0.005 0.065
-0.045 0.001 0.067
-0.041 0.001 0.071
-0.037 0.005 0.069
-0.057 0.011 0.085
-0.061 0.007 0.091
-0.059 0.007 0.089
-0.055 0.011 0.089
-0.059 0.005 0.089
-0.059 0.007 0.089
-0.057 0.011 0.085
-0.047 0.007 0.095
-0.061 0.003 0.091
-0.063 0.005 0.093
-0.059 0.007 0.089
-0.049 0.005 0.097
-0.053 0.005 0.099
-0.055 0.003 0.101
-0.057 0.001 0.105
-0.055 0.003 0.105
-0.053 0.005 0.101
-0.055 0.005 0.105
-0.045 0.009 0.043
-0.047 0.007 0.045
-0.039 0.011 0.047
-0.039 0.011 0.047
-0.039 0.019 0.041
-0.045 0.009 0.051
-0.029 0.017 0.047
-0.031 0.013 0.051
0.017 0.013 0.045
-0.031 0.013 0.051
0.017 0.013 0.043
-0.031 0.011 0.055
-0.039 0.009 0.057
0.021 0.007 0.055
0.019 0.013 0.051
0.019 0.009 0.055
0.021 0.007 0.059
0.019 0.013 0.057
0.019 0.011 0.061
0.019 0.011 0.059
0.019 0.013 0.059
0.021 0.015 0.057
0.021 0.009 0.063
0.023 0.019 0.053
-0.031 0.019 0.045
0.019 0.017 0.043
0.019 0.015 0.047
0.019 0.013 0.049
0.015 0.009 0.051
0.017 0.007 0.053
0.019 0.009 0.059
0.019 0.013 0.051
0.021 0.009 0.065
0.037 0.003 0.053
0.021 0.007 0.059
0.021 0.007 0.067
0.021 0.005 0.069
