-0.053 -0.015 0.037
-0.051 -0.017 0.039
-0.057 -0.003 0.087
-0.059 -0.001 0.087
-0.043 -0.017 0.051
-0.057 -0.003 0.087
-0.057 -0.001 0.089
-0.043 -0.017 0.053
-0.057 -0.005 0.081
-0.055 -0.003 0.089
-0.051 -0.011 0.037
-0.049 -0.011 0.039
-0.049 -0.013 0.039
-0.051 -0.001 0.049
-0.049 -0.013 0.039
-0.051 -0.007 0.049
-0.063 0.005 0.093
-0.059 0.007 0.089
-0.051 0.003 0.051
-0.049 0.003 0.055
-0.061 -0.001 0.083
-0.051 -0.007 0.053
-0.061 0.003 0.087
-0.061 0.003 0.091
-0.043 -0.017 0.053
-0.041 -0.017 0.055
-0.051 -0.007 0.053
-0.063 0.007 0.093
-0.063 0.005 0.093
-0.059 -0.001 0.087
-0.055 -0.003 0.089
-0.059 -0.001 0.087
-0.059 0.001 0.089
-0.057 0.001 0.091
-0.057 0.001 0.103
-0.053 0.003 0.091
-0.053 0.003 0.105
-0.051 0.001 0.107
-0.051 0.001 0.107
-0.055 0.001 0.105
-0.053 0.003 0.105
-0.053 0.003 0.105
-0.049 0.003 0.107
-0.045 0.001 0.103
-0.049 0.005 0.105
-0.045 0.003 0.103
-0.043 0.003 0.101
-0.041 0.003 0.099
-0.051 0.011 0.087
-0.051 0.013 0.085
-0.035 0.005 0.065
-0.033 0.007 0.061
-0.047 0.009 0.101
-0.045 0.009 0.101
-0.023 0.001 0.073
-0.019 0.005 0.053
-0.015 0.001 0.057
-0.033 0.003 0.103
-0.033 0.003 0.103
-0.013 0.001 0.061
-0.009 0.001 0.063
-0.053 0.003 0.105
-0.045 0.001 0.103
-0.041 -0.001 0.103
-0.035 -0.001 0.105
-0.029 -0.001 0.105
-0.035 -0.001 0.105
-0.053 0.007 0.105
-0.049 0.005 0.105
-0.047 0.007 0.101
-0.053 0.003 0.105
-0.049 0.005 0.105
-0.039 0.003 0.101
-0.031 0.003 0.103
-0.039 0.001 0.105
-0.035 0.007 0.097
-0.057 0.001 0.105
-0.057 0.007 0.093
-0.051 0.001 0.089
-0.055 0.001 0.105
-0.055 0.003 0.105
-0.051 0.003 0.107
-0.059 0.001 0.089
-0.055 -0.003 0.089
-0.057 -0.001 0.089
-0.053 -0.001 0.087
-0.051 -0.003 0.105
-0.053 -0.001 0.105
-0.049 -0.003 0.105
-0.051 -0.001 0.107
-0.049 0.005 0.105
-0.047 -0.009 0.097
-0.043 -0.011 0.103
-0.041 -0.011 0.103
-0.041 -0.005 0.105
-0.041 -0.003 0.105
-0.043 -0.007 0.103
-0.041 -0.007 0.105
-0.049 -0.003 0.105
-0.051 -0.001 0.107
-0.051 -0.001 0.107
-0.043 -0.003 0.103
-0.045 -0.003 0.103
-0.037 -0.005 0.105
-0.025 -0.005 0.105
-0.027 -0.007 0.105
-0.023 -0.007 0.107
-0.021 -0.009 0.107
-0.043 -0.001 0.101
-0.045 -0.003 0.103
-0.039 0.003 0.101
-0.039 0.005 0.099
-0.039 0.007 0.099
-0.035 0.005 0.099
-0.037 0.007 0.097
-0.043 -0.005 0.103
-0.039 -0.003 0.105
-0.033 0.003 0.101
-0.033 0.005 0.095
-0.033 0.005 0.099
-0.033 0.005 0.099
-0.035 -0.001 0.105
-0.009 -0.001 0.069
-0.009 -0.003 0.071
-0.025 0.001 0.103
-0.001 -0.001 0.079
-0.015 -0.001 0.093
-0.001 -0.001 0.079
-0.003 -0.003 0.081
-0.039 -0.011 0.103
-0.031 -0.013 0.105
-0.029 -0.013 0.105
-0.027 -0.013 0.107
-0.035 -0.013 0.105
-0.031 -0.017 0.103
-0.035 -0.015 0.103
-0.029 -0.017 0.105
-0.029 -0.019 0.105
-0.029 -0.017 0.105
-0.029 -0.019 0.105
-0.025 -0.017 0.105
-0.015 -0.011 0.105
-0.019 -0.023 0.103
-0.025 -0.013 0.109
-0.019 -0.019 0.101
-0.041 -0.007 0.105
-0.039 0.003 0.101
-0.031 0.003 0.103
-0.023 0.001 0.101
-0.029 -0.007 0.105
-0.023 -0.001 0.107
-0.001 -0.015 0.087
-0.009 -0.003 0.101
-0.019 0.001 0.107
-0.019 0.001 0.107
-0.011 -0.007 0.101
-0.009 -0.005 0.103
-0.023 -0.001 0.107
-0.019 -0.001 0.109
-0.015 -0.001 0.103
-0.015 -0.001 0.103
-0.033 -0.019 0.101
-0.053 -0.005 0.101
-0.053 -0.003 0.103
-0.049 -0.001 0.107
-0.041 -0.011 0.103
-0.037 -0.013 0.103
-0.033 -0.013 0.105
-0.045 -0.003 0.103
-0.051 0.001 0.107
-0.035 -0.013 0.105
-0.037 -0.007 0.105
-0.031 -0.019 0.103
-0.031 -0.019 0.103
-0.033 -0.015 0.103
-0.027 -0.021 0.107
-0.027 -0.021 0.107
-0.025 -0.013 0.111
-0.025 -0.023 0.109
-0.017 -0.021 0.101
-0.015 -0.023 0.103
-0.011 -0.015 0.111
-0.011 -0.017 0.111
-0.007 -0.019 0.111
-0.005 -0.017 0.113
-0.027 -0.011 0.109
-0.025 -0.009 0.111
-0.025 0.001 0.105
-0.023 -0.001 0.107
-0.025 -0.013 0.111
-0.019 -0.011 0.109
-0.023 -0.009 0.111
-0.027 -0.001 0.105
-0.021 -0.001 0.107
-0.019 -0.001 0.109
-0.011 -0.003 0.101
-0.019 -0.003 0.109
-0.009 -0.003 0.101
-0.007 -0.007 0.103
-0.015 -0.011 0.109
-0.021 -0.011 0.115
-0.003 0.001 0.071
0.001 0.001 0.071
0.015 -0.003 0.059
0.011 0.003 0.049
0.021 0.001 0.049
0.019 -0.001 0.055
0.021 0.001 0.049
-0.023 0.001 0.101
-0.023 -0.001 0.107
-0.023 -0.001 0.107
-0.023 0.001 0.105
-0.023 0.001 0.097
-0.021 0.001 0.101
-0.023 -0.001 0.107
-0.023 0.001 0.105
-0.023 -0.003 0.105
-0.019 -0.001 0.109
-0.019 0.001 0.107
-0.003 -0.003 0.081
-0.003 -0.005 0.083
0.001 -0.003 0.083
-0.019 -0.001 0.109
-0.019 0.001 0.107
0.001 -0.005 0.085
-0.007 -0.003 0.073
-0.009 -0.001 0.069
-0.007 -0.003 0.075
-0.007 0.001 0.067
-0.007 0.001 0.067
-0.005 0.001 0.069
-0.001 -0.001 0.079
-0.001 -0.001 0.079
0.001 -0.001 0.077
0.005 -0.001 0.075
0.005 -0.001 0.077
0.005 -0.001 0.071
0.015 -0.003 0.057
0.009 0.001 0.047
0.011 0.003 0.049
0.015 -0.001 0.051
0.005 -0.001 0.081
0.009 -0.001 0.079
0.007 -0.001 0.081
0.019 -0.001 0.055
0.019 -0.003 0.063
-0.015 -0.001 0.103
-0.019 -0.001 0.109
-0.009 -0.003 0.101
-0.009 -0.003 0.101
0.003 -0.007 0.089
-0.011 -0.005 0.103
-0.009 -0.005 0.103
-0.007 -0.005 0.103
0.007 -0.007 0.091
0.005 -0.009 0.091
0.005 -0.009 0.091
-0.007 -0.003 0.073
-0.015 -0.001 0.097
-0.005 0.001 0.065
-0.023 0.001 0.101
-0.023 0.001 0.105
-0.021 0.001 0.101
-0.017 -0.001 0.097
-0.013 -0.001 0.093
-0.009 -0.003 0.097
0.005 -0.001 0.083
0.009 -0.003 0.087
0.011 -0.001 0.085
0.019 -0.001 0.053
0.019 -0.001 0.059
0.019 -0.003 0.067
0.009 -0.005 0.089
0.019 -0.001 0.059
0.021 -0.001 0.065
0.021 -0.001 0.075
0.023 -0.001 0.069
0.005 -0.001 0.081
0.005 -0.001 0.081
0.021 -0.001 0.063
0.021 -0.001 0.065
0.009 -0.001 0.079
0.021 0.003 0.069
0.021 0.005 0.069
0.021 0.005 0.071
0.021 0.003 0.073
0.039 0.003 0.061
0.039 0.001 0.061
0.039 0.001 0.065
0.029 -0.001 0.075
0.031 -0.001 0.075
0.039 -0.005 0.071
0.043 -0.001 0.069
0.041 0.003 0.065
0.043 0.001 0.067
-0.011 -0.007 0.101
-0.009 -0.007 0.103
0.001 -0.017 0.087
-0.013 -0.011 0.109
-0.007 -0.007 0.103
0.005 -0.009 0.091
0.011 -0.009 0.091
0.009 -0.011 0.095
0.011 -0.013 0.095
0.013 -0.011 0.095
-0.019 -0.001 0.109
-0.003 -0.005 0.083
-0.013 -0.003 0.103
-0.009 -0.003 0.101
0.003 -0.007 0.089
0.003 -0.001 0.075
0.003 -0.001 0.077
0.013 -0.001 0.083
0.003 -0.007 0.089
0.003 -0.007 0.089
0.009 -0.001 0.083
0.027 -0.001 0.073
0.007 -0.005 0.089
0.015 -0.001 0.085
0.027 -0.001 0.083
0.009 -0.017 0.091
0.007 -0.017 0.089
0.019 -0.017 0.091
0.017 -0.015 0.093
0.019 -0.017 0.091
0.005 -0.003 0.087
0.005 -0.003 0.087
0.011 -0.001 0.085
0.011 -0.003 0.089
0.005 -0.009 0.091
0.021 -0.003 0.089
0.025 -0.005 0.089
0.017 -0.013 0.095
0.017 -0.011 0.095
0.017 -0.009 0.093
0.023 -0.013 0.095
0.027 -0.013 0.093
0.019 -0.009 0.093
0.019 -0.009 0.093
0.017 -0.005 0.091
0.039 -0.003 0.069
0.039 -0.001 0.069
0.041 -0.003 0.073
0.041 -0.003 0.073
0.045 -0.003 0.071
0.027 -0.009 0.091
0.031 -0.007 0.087
0.039 -0.011 0.081
0.025 -0.003 0.087
0.029 -0.003 0.083
0.033 -0.005 0.083
0.047 -0.009 0.085
0.043 -0.005 0.087
0.041 -0.007 0.087
0.045 -0.007 0.087
0.047 -0.003 0.087
0.049 -0.003 0.085
0.051 -0.003 0.087
-0.047 0.007 0.051
-0.043 0.009 0.053
-0.041 0.009 0.051
-0.039 0.013 0.043
-0.037 0.015 0.043
-0.049 0.005 0.051
-0.049 0.007 0.049
-0.047 0.007 0.049
-0.041 0.011 0.045
-0.039 0.013 0.043
-0.041 0.011 0.045
-0.047 0.007 0.045
-0.037 0.011 0.051
-0.039 0.021 0.037
-0.037 0.021 0.039
-0.049 0.005 0.055
-0.049 0.005 0.055
-0.047 0.005 0.059
-0.043 0.009 0.053
-0.041 0.009 0.055
-0.035 0.011 0.055
-0.055 0.013 0.087
-0.051 0.013 0.083
-0.035 0.007 0.063
-0.035 0.007 0.063
-0.037 0.011 0.051
-0.027 0.011 0.053
-0.031 0.013 0.051
-0.031 0.013 0.051
-0.031 0.015 0.047
-0.023 0.015 0.045
-0.011 0.009 0.045
-0.015 0.015 0.039
-0.009 0.015 0.037
-0.007 0.011 0.043
-0.015 0.007 0.047
-0.007 0.007 0.049
-0.011 0.003 0.057
-0.009 0.007 0.051
-0.009 0.011 0.043
-0.015 0.013 0.041
-0.007 0.009 0.045
-0.031 0.021 0.045
-0.029 0.019 0.045
-0.027 0.019 0.041
-0.027 0.019 0.045
-0.029 0.019 0.045
-0.023 0.017 0.045
-0.017 0.005 0.053
-0.015 0.001 0.057
-0.011 0.003 0.057
-0.009 0.005 0.055
-0.007 0.003 0.059
-0.051 0.011 0.087
-0.045 0.009 0.087
-0.043 0.009 0.085
-0.051 0.009 0.103
-0.047 0.009 0.101
-0.061 0.003 0.091
-0.057 0.005 0.093
-0.049 0.005 0.089
-0.049 0.007 0.089
-0.055 0.013 0.087
-0.051 0.013 0.085
-0.061 0.003 0.091
-0.061 0.005 0.093
-0.051 0.005 0.089
-0.051 0.007 0.089
-0.055 0.011 0.089
-0.049 0.009 0.099
-0.041 0.007 0.087
-0.045 0.009 0.097
-0.045 0.009 0.101
-0.037 0.007 0.087
-0.045 0.009 0.101
-0.041 0.009 0.099
-0.041 0.009 0.085
-0.051 0.007 0.105
-0.037 0.005 0.099
-0.035 0.007 0.097
-0.037 0.005 0.099
-0.037 0.007 0.087
-0.045 0.009 0.101
-0.033 0.005 0.095
-0.029 0.005 0.097
-0.031 0.003 0.103
-0.031 0.003 0.103
-0.027 0.003 0.099
-0.055 0.003 0.105
-0.051 0.001 0.107
-0.051 0.003 0.107
-0.047 0.003 0.105
-0.033 0.001 0.105
-0.029 0.003 0.101
0.011 0.007 0.043
0.013 0.009 0.045
0.013 0.009 0.047
0.003 0.007 0.039
0.005 0.003 0.039
0.009 0.005 0.045
0.009 0.001 0.041
0.003 0.013 0.037
0.005 0.009 0.039
0.013 0.007 0.047
0.011 0.005 0.049
0.013 0.009 0.047
0.019 0.009 0.055
0.015 0.011 0.039
0.015 0.013 0.039
0.015 0.009 0.041
0.017 0.011 0.043
0.019 0.003 0.051
0.019 0.005 0.051
0.017 0.007 0.053
0.019 0.011 0.055
0.017 0.011 0.051
0.019 0.015 0.051
0.019 0.013 0.049
0.019 0.015 0.047
0.019 0.015 0.051
0.019 0.017 0.045
0.021 0.005 0.051
0.021 0.009 0.061
0.019 0.013 0.059
0.023 0.015 0.061
0.023 0.017 0.059
0.021 0.011 0.063
0.021 0.009 0.065
0.019 0.013 0.059
0.021 0.013 0.061
0.025 0.019 0.055
0.021 0.011 0.063
0.023 0.013 0.063
0.025 0.013 0.061
0.027 0.011 0.061
0.027 0.015 0.059
0.027 0.017 0.057
0.021 0.007 0.067
0.021 0.009 0.065
0.037 0.005 0.055
0.027 0.017 0.055
0.039 0.015 0.047
0.037 0.001 0.057
0.037 0.003 0.055
0.039 0.007 0.055
0.037 0.003 0.055
0.041 0.005 0.061
0.037 0.009 0.053
0.045 0.009 0.057
0.041 0.007 0.061
0.043 0.007 0.061
0.021 0.003 0.073
0.023 0.007 0.071
0.043 0.001 0.067
