-0.025 -0.001 0.065
-0.029 0.009 0.055
-0.031 0.007 0.059
-0.031 0.013 0.051
-0.027 0.001 0.075
-0.039 0.003 0.071
0.001 0.001 0.065
0.007 -0.001 0.073
0.003 -0.001 0.079
-0.023 -0.003 0.067
0.001 -0.001 0.055
-0.009 -0.001 0.067
0.001 0.001 0.061
-0.025 0.003 0.085
-0.025 0.003 0.091
-0.031 0.005 0.087
-0.023 0.001 0.105
-0.041 0.005 0.089
-0.039 0.001 0.105
-0.029 -0.001 0.105
-0.041 0.009 0.099
-0.035 0.003 0.103
-0.031 0.003 0.101
-0.003 -0.005 0.083
-0.019 -0.003 0.073
-0.013 -0.003 0.103
-0.007 -0.015 0.107
-0.009 -0.003 0.101
0.001 -0.009 0.089
-0.013 -0.003 0.085
0.001 -0.009 0.089
-0.015 -0.001 0.091
-0.047 0.003 0.105
-0.039 0.001 0.105
-0.045 -0.001 0.103
-0.041 -0.001 0.105
-0.047 -0.001 0.105
-0.033 0.001 0.105
-0.021 -0.011 0.111
-0.021 0.001 0.105
-0.025 -0.007 0.107
-0.001 -0.017 0.113
0.031 0.005 0.047
0.029 -0.001 0.065
0.027 -0.001 0.067
0.021 0.017 0.055
0.027 0.015 0.059
0.037 0.009 0.053
0.029 0.011 0.057
0.029 0.011 0.059
0.009 -0.005 0.069
0.013 -0.011 0.061
0.015 -0.005 0.063
0.017 -0.003 0.063
0.025 -0.003 0.055
0.023 0.003 0.071
0.043 0.007 0.061
0.045 0.009 0.057
0.045 0.013 0.049
0.047 0.009 0.057
0.045 0.003 0.063
0.037 -0.005 0.067
0.039 -0.001 0.069
0.043 -0.001 0.069
0.011 -0.001 0.085
0.011 -0.003 0.089
0.025 -0.001 0.083
0.007 -0.001 0.073
0.007 -0.003 0.071
0.023 -0.001 0.069
0.019 -0.011 0.095
0.029 -0.011 0.091
0.031 -0.011 0.091
0.023 -0.001 0.085
0.047 -0.003 0.087
0.033 -0.003 0.075
-0.033 0.023 0.037
-0.037 0.013 0.045
-0.037 0.017 0.043
-0.045 0.005 0.063
-0.043 0.009 0.053
-0.025 0.017 0.045
-0.021 0.015 0.041
-0.011 0.015 0.035
-0.009 0.009 0.047
-0.013 0.005 0.051
-0.041 0.005 0.067
-0.051 0.009 0.089
-0.041 0.007 0.087
-0.033 0.007 0.085
-0.045 0.007 0.089
-0.029 0.005 0.097
-0.045 0.009 0.101
-0.041 0.009 0.099
-0.045 0.001 0.103
0.025 0.019 0.051
0.017 0.013 0.045
0.017 0.015 0.035
0.027 0.017 0.053
0.027 0.017 0.053
0.019 0.013 0.059
0.023 0.011 0.063
0.023 0.009 0.067
0.039 0.009 0.055
0.035 0.005 0.049
0.047 0.011 0.051
0.047 0.011 0.053
0.047 0.009 0.057
0.021 0.007 0.067
-0.017 -0.025 0.033
-0.017 -0.025 0.033
-0.015 -0.013 0.031
-0.035 -0.021 0.037
-0.025 -0.023 0.035
-0.019 -0.025 0.035
-0.035 -0.021 0.043
-0.039 -0.019 0.041
-0.041 -0.013 0.059
-0.021 -0.023 0.039
-0.013 -0.021 0.035
0.017 -0.021 0.049
-0.005 -0.019 0.059
-0.031 -0.015 0.069
-0.023 -0.017 0.075
-0.049 -0.007 0.083
-0.035 -0.015 0.085
-0.025 -0.019 0.083
-0.021 -0.023 0.089
-0.025 -0.013 0.067
-0.023 -0.015 0.069
0.001 -0.021 0.067
-0.017 -0.017 0.081
-0.021 -0.021 0.085
-0.015 -0.025 0.093
-0.013 -0.025 0.095
-0.005 -0.013 0.085
0.007 -0.021 0.083
0.013 -0.021 0.079
-0.007 -0.007 0.095
-0.045 -0.011 0.097
-0.035 -0.017 0.097
-0.025 -0.021 0.103
-0.019 -0.025 0.099
-0.027 -0.021 0.103
-0.025 -0.021 0.103
-0.025 -0.013 0.107
-0.013 -0.025 0.103
-0.011 -0.007 0.101
0.039 -0.011 0.031
0.017 -0.027 0.041
0.027 -0.021 0.043
0.025 -0.021 0.045
0.021 -0.025 0.041
0.033 -0.015 0.033
0.003 -0.017 0.061
0.021 -0.021 0.055
0.031 -0.019 0.063
0.019 -0.021 0.053
0.023 -0.021 0.051
0.027 -0.019 0.049
0.017 -0.021 0.057
0.017 -0.019 0.059
0.035 -0.011 0.063
0.033 -0.017 0.037
0.037 -0.013 0.035
0.041 -0.001 0.053
0.047 -0.001 0.051
0.033 -0.015 0.061
0.035 -0.011 0.061
0.045 -0.007 0.059
0.037 -0.005 0.061
0.043 -0.007 0.059
0.047 -0.005 0.063
0.049 -0.001 0.057
0.033 -0.019 0.069
0.017 -0.019 0.077
0.023 -0.021 0.077
0.029 -0.019 0.079
0.035 -0.013 0.065
0.009 -0.021 0.081
0.029 -0.019 0.081
0.021 -0.021 0.085
0.033 -0.015 0.083
0.029 -0.015 0.089
0.037 -0.015 0.071
0.041 -0.011 0.079
0.053 -0.007 0.085
0.055 -0.005 0.085
-0.015 -0.023 0.033
-0.011 -0.011 0.033
-0.023 -0.023 0.039
-0.011 -0.019 0.049
-0.009 -0.019 0.047
-0.023 -0.007 0.059
-0.025 -0.011 0.063
-0.003 -0.011 0.041
0.021 -0.027 0.039
-0.001 -0.011 0.045
-0.003 -0.019 0.055
-0.001 -0.017 0.053
-0.009 -0.019 0.063
-0.025 -0.013 0.065
-0.049 -0.007 0.083
-0.049 -0.005 0.089
-0.017 -0.017 0.085
-0.019 -0.023 0.087
-0.015 -0.025 0.093
-0.017 -0.025 0.093
-0.015 -0.023 0.093
-0.009 -0.019 0.065
0.043 -0.003 0.031
0.029 -0.021 0.039
0.037 -0.013 0.035
0.041 -0.003 0.043
0.027 -0.015 0.051
0.025 0.009 0.053
0.035 -0.011 0.061
0.035 -0.011 0.061
0.047 0.011 0.043
0.035 0.001 0.049
0.039 0.001 0.049
0.037 -0.013 0.069
0.047 0.001 0.065
0.047 -0.001 0.065
-0.041 -0.013 0.065
-0.049 -0.009 0.047
-0.045 -0.013 0.047
-0.023 -0.023 0.039
-0.021 -0.023 0.041
-0.039 -0.021 0.051
-0.023 -0.017 0.049
-0.047 -0.011 0.095
-0.029 -0.017 0.051
-0.041 -0.013 0.067
-0.033 -0.015 0.069
-0.033 -0.015 0.073
-0.045 -0.009 0.083
-0.047 -0.007 0.081
-0.051 -0.009 0.097
-0.041 -0.013 0.091
-0.049 -0.009 0.097
-0.045 -0.013 0.093
-0.043 -0.013 0.101
-0.039 -0.011 0.103
-0.025 -0.023 0.097
-0.025 -0.023 0.097
-0.021 -0.015 0.107
-0.025 -0.007 0.107
-0.057 -0.003 0.103
-0.021 -0.025 0.099
-0.023 -0.015 0.105
-0.023 -0.015 0.107
-0.031 -0.013 0.105
-0.027 -0.011 0.109
-0.025 -0.011 0.113
-0.031 -0.019 0.095
-0.029 -0.021 0.099
0.013 -0.025 0.039
-0.009 -0.019 0.065
-0.005 -0.019 0.063
-0.001 -0.021 0.063
0.015 -0.021 0.047
-0.033 -0.017 0.089
-0.031 -0.019 0.103
-0.003 -0.021 0.067
-0.037 -0.017 0.095
-0.037 -0.011 0.105
-0.033 -0.015 0.103
-0.031 -0.015 0.103
-0.033 -0.011 0.105
-0.027 -0.013 0.107
-0.031 -0.021 0.103
-0.029 -0.015 0.103
0.015 -0.007 0.091
-0.025 -0.023 0.101
0.011 -0.021 0.087
0.007 -0.021 0.085
-0.023 -0.009 0.111
-0.009 -0.007 0.103
-0.007 -0.005 0.103
-0.021 -0.011 0.115
-0.005 -0.017 0.113
0.021 -0.011 0.095
-0.009 -0.013 0.111
-0.009 -0.013 0.111
0.019 -0.011 0.095
0.041 -0.007 0.087
0.041 -0.009 0.085
0.047 -0.009 0.085
0.041 -0.005 0.083
0.041 -0.007 0.087
-0.051 0.001 0.055
-0.061 0.001 0.087
-0.049 0.005 0.041
-0.049 0.005 0.053
-0.039 0.019 0.039
-0.045 0.009 0.051
-0.043 0.009 0.055
-0.061 0.003 0.085
-0.061 -0.001 0.085
-0.057 0.001 0.091
-0.055 -0.005 0.083
-0.053 -0.005 0.087
-0.057 0.001 0.091
-0.059 0.003 0.093
-0.047 -0.005 0.101
-0.055 0.011 0.089
-0.057 0.005 0.093
-0.057 -0.005 0.103
-0.057 0.001 0.105
-0.053 0.007 0.101
-0.053 0.007 0.105
-0.057 -0.005 0.103
-0.057 -0.003 0.103
-0.057 -0.001 0.105
-0.043 -0.007 0.103
-0.045 -0.003 0.103
-0.039 -0.005 0.105
-0.039 -0.001 0.105
-0.037 -0.001 0.105
0.021 0.015 0.055
0.021 0.015 0.057
-0.031 0.001 0.105
-0.023 -0.001 0.107
-0.017 -0.005 0.107
-0.017 -0.003 0.109
0.017 -0.003 0.089
0.031 -0.011 0.055
0.027 -0.021 0.069
0.027 -0.021 0.071
0.037 -0.015 0.071
0.033 -0.009 0.087
0.033 -0.013 0.089
0.031 -0.013 0.091
-0.015 -0.023 0.041
0.031 -0.015 0.057
0.029 -0.009 0.051
0.027 -0.021 0.069
0.027 -0.021 0.069
0.049 -0.009 0.085
0.037 -0.011 0.083
-0.005 -0.007 0.101
-0.005 -0.005 0.095
-0.007 -0.005 0.103
0.009 -0.019 0.089
0.023 -0.019 0.089
0.019 -0.017 0.091
0.029 -0.005 0.087
-0.013 -0.025 0.097
-0.013 -0.003 0.085
-0.005 -0.007 0.101
0.017 -0.015 0.093
-0.013 -0.015 0.095
-0.005 -0.007 0.095
-0.019 -0.009 0.107
-0.009 -0.013 0.111
-0.023 -0.019 0.105
-0.019 -0.019 0.101
-0.021 -0.007 0.103
-0.019 -0.011 0.115
0.019 -0.027 0.041
0.023 -0.027 0.033
0.025 -0.023 0.041
0.029 -0.017 0.043
0.033 -0.003 0.043
0.029 -0.005 0.047
0.037 -0.011 0.037
0.033 -0.015 0.039
0.049 -0.003 0.059
0.025 -0.021 0.059
0.033 -0.019 0.073
0.025 -0.021 0.061
0.035 -0.015 0.063
0.037 -0.009 0.063
0.037 -0.013 0.075
0.031 -0.009 0.055
0.053 -0.009 0.079
0.049 -0.003 0.057
0.045 -0.007 0.063
0.047 -0.003 0.063
0.015 -0.021 0.083
0.021 -0.021 0.085
0.029 -0.019 0.083
0.035 -0.015 0.079
0.055 -0.005 0.087
0.021 -0.021 0.087
0.021 -0.021 0.087
0.021 -0.013 0.095
0.023 -0.013 0.095
0.031 -0.007 0.087
0.053 -0.007 0.083
0.051 -0.009 0.083
0.049 0.005 0.059
0.055 -0.005 0.077
0.025 0.005 0.061
0.051 -0.007 0.087
0.025 0.011 0.065
0.035 -0.009 0.085
0.047 -0.005 0.089
-0.029 0.007 0.057
0.029 -0.003 0.085
0.047 -0.001 0.067
0.055 -0.005 0.081
-0.053 0.011 0.089
-0.025 0.003 0.091
-0.019 0.001 0.095
-0.031 0.005 0.085
-0.045 0.005 0.101
-0.019 -0.001 0.105
0.049 0.005 0.057
0.049 0.003 0.061
0.049 0.009 0.051
0.043 0.003 0.065
0.043 0.005 0.035
0.045 0.009 0.037
0.045 0.013 0.049
0.025 0.005 0.069
0.025 0.007 0.067
-0.051 -0.005 0.057
-0.041 0.009 0.083
-0.051 0.001 0.055
-0.049 0.001 0.059
-0.047 0.009 0.087
-0.051 0.001 0.055
-0.049 -0.001 0.063
-0.033 0.005 0.069
-0.037 0.007 0.083
-0.023 -0.001 0.069
-0.035 0.007 0.061
-0.033 0.007 0.061
-0.007 0.005 0.055
-0.005 -0.001 0.071
-0.045 0.007 0.089
-0.037 -0.007 0.105
-0.053 0.009 0.103
-0.043 -0.001 0.101
-0.037 0.003 0.103
-0.027 0.003 0.091
-0.025 0.001 0.079
-0.035 0.001 0.105
-0.031 -0.003 0.105
-0.033 0.005 0.099
-0.033 0.005 0.089
-0.033 0.005 0.099
-0.017 -0.001 0.103
-0.051 0.001 0.107
-0.037 -0.001 0.105
-0.027 -0.021 0.107
-0.021 -0.009 0.109
-0.009 -0.013 0.109
0.013 0.003 0.051
0.013 0.007 0.049
0.019 -0.001 0.059
0.017 -0.005 0.065
0.019 -0.003 0.067
0.019 0.013 0.059
0.021 0.009 0.065
-0.003 -0.003 0.081
0.017 -0.005 0.067
0.015 -0.001 0.085
0.009 -0.001 0.081
0.011 -0.003 0.075
0.027 -0.001 0.069
0.023 0.007 0.069
-0.001 -0.011 0.089
0.015 -0.003 0.089
0.015 -0.001 0.079
0.019 -0.011 0.095
0.019 -0.013 0.095
0.003 -0.003 0.085
0.011 -0.011 0.095
0.031 -0.007 0.087
0.039 -0.001 0.069
0.041 -0.001 0.069
0.033 -0.003 0.079
0.043 -0.005 0.081
0.047 -0.003 0.085
0.051 -0.003 0.081
0.031 -0.005 0.085
-0.031 0.021 0.039
-0.039 0.011 0.047
-0.045 0.009 0.051
-0.027 0.015 0.047
-0.015 0.015 0.039
-0.007 0.009 0.045
-0.015 0.013 0.041
-0.031 0.021 0.037
-0.031 0.011 0.055
-0.053 0.009 0.091
-0.057 0.007 0.091
-0.045 0.009 0.097
-0.025 0.003 0.091
-0.053 0.009 0.103
-0.041 0.005 0.099
-0.039 0.007 0.099
0.005 0.011 0.037
0.013 0.009 0.045
0.009 0.005 0.043
0.005 0.013 0.039
0.015 0.011 0.039
0.015 0.011 0.039
0.019 0.017 0.045
0.017 0.013 0.037
0.023 0.019 0.053
0.019 0.017 0.045
0.037 0.011 0.051
0.035 0.007 0.051
0.043 0.015 0.045
0.041 0.015 0.045
0.035 0.009 0.051
0.019 0.005 0.065
0.041 0.001 0.067
