-0.033 -0.013 0.033
-0.041 -0.019 0.035
-0.017 -0.025 0.033
-0.025 -0.023 0.033
-0.031 -0.023 0.035
-0.019 -0.025 0.035
-0.049 -0.023 0.037
-0.047 -0.023 0.037
-0.037 -0.019 0.035
-0.043 -0.019 0.041
-0.035 -0.021 0.043
-0.037 -0.019 0.043
-0.033 -0.021 0.047
-0.049 -0.017 0.041
-0.049 -0.005 0.041
-0.049 -0.009 0.043
-0.051 -0.005 0.045
-0.051 -0.005 0.047
-0.047 -0.023 0.037
-0.049 -0.023 0.037
-0.047 -0.023 0.037
-0.045 -0.023 0.039
-0.037 -0.019 0.035
-0.045 -0.017 0.041
-0.047 -0.011 0.043
-0.047 -0.011 0.045
-0.039 -0.017 0.043
-0.041 -0.017 0.055
-0.039 -0.021 0.051
-0.035 -0.021 0.051
-0.049 -0.011 0.049
-0.049 -0.009 0.057
-0.047 -0.013 0.049
-0.043 -0.017 0.051
-0.043 -0.017 0.053
-0.045 -0.013 0.053
-0.037 -0.017 0.055
-0.045 -0.011 0.059
-0.033 -0.013 0.057
-0.047 -0.009 0.063
-0.047 -0.007 0.063
-0.029 -0.023 0.035
-0.031 -0.023 0.037
-0.029 -0.023 0.037
-0.031 -0.021 0.039
-0.019 -0.025 0.033
-0.029 -0.021 0.047
-0.017 -0.023 0.041
-0.013 -0.023 0.037
-0.015 -0.023 0.037
-0.015 -0.021 0.045
-0.033 -0.021 0.037
-0.013 -0.023 0.037
-0.011 -0.021 0.039
-0.015 -0.023 0.037
-0.011 -0.021 0.039
-0.005 -0.017 0.045
-0.005 -0.015 0.043
-0.005 -0.017 0.045
-0.003 -0.017 0.049
-0.003 -0.017 0.049
-0.005 -0.019 0.055
-0.013 -0.017 0.057
-0.003 -0.019 0.059
-0.021 -0.015 0.053
-0.023 -0.013 0.053
-0.019 -0.015 0.055
-0.025 -0.009 0.055
-0.019 -0.011 0.057
-0.031 -0.013 0.059
-0.017 -0.015 0.057
-0.029 -0.011 0.059
-0.023 -0.007 0.061
-0.005 -0.019 0.051
-0.015 -0.015 0.059
-0.005 -0.019 0.059
-0.043 -0.011 0.067
-0.043 -0.011 0.069
-0.037 -0.013 0.065
-0.033 -0.015 0.071
-0.043 -0.007 0.071
-0.037 -0.009 0.077
-0.037 -0.009 0.077
-0.035 -0.013 0.081
-0.037 -0.017 0.095
-0.035 -0.017 0.093
-0.057 -0.003 0.083
-0.053 -0.005 0.083
-0.051 -0.007 0.083
-0.051 -0.009 0.095
-0.055 -0.003 0.089
-0.053 -0.009 0.095
-0.035 -0.015 0.083
-0.037 -0.013 0.083
-0.033 -0.011 0.081
-0.033 -0.015 0.085
-0.035 -0.015 0.087
-0.047 -0.007 0.081
-0.047 -0.007 0.083
-0.041 -0.013 0.085
-0.041 -0.011 0.087
-0.037 -0.013 0.087
-0.039 -0.013 0.089
-0.035 -0.015 0.091
-0.041 -0.015 0.093
-0.047 -0.001 0.089
-0.035 -0.015 0.091
-0.027 -0.017 0.079
-0.023 -0.017 0.075
-0.017 -0.017 0.079
-0.009 -0.019 0.065
-0.003 -0.021 0.069
-0.027 -0.015 0.067
-0.023 -0.013 0.067
-0.021 -0.015 0.073
-0.029 -0.015 0.069
-0.025 -0.013 0.067
-0.027 -0.017 0.079
-0.013 -0.013 0.067
-0.009 -0.017 0.069
-0.011 -0.015 0.069
-0.013 -0.011 0.069
-0.015 -0.013 0.073
-0.013 -0.013 0.067
-0.009 -0.015 0.073
-0.009 -0.015 0.073
-0.017 -0.015 0.077
-0.009 -0.013 0.075
-0.007 -0.015 0.077
-0.005 -0.017 0.077
-0.031 -0.017 0.083
-0.027 -0.019 0.083
-0.025 -0.021 0.087
-0.021 -0.017 0.081
-0.019 -0.017 0.083
-0.025 -0.021 0.093
-0.023 -0.021 0.089
-0.017 -0.023 0.091
-0.023 -0.023 0.093
-0.033 -0.015 0.085
-0.033 -0.015 0.085
-0.033 -0.015 0.083
-0.023 -0.019 0.083
-0.025 -0.021 0.087
-0.021 -0.023 0.091
-0.013 -0.015 0.081
-0.015 -0.015 0.083
-0.015 -0.015 0.081
-0.015 -0.015 0.083
-0.013 -0.015 0.085
-0.007 -0.013 0.081
-0.003 -0.015 0.085
-0.017 -0.025 0.089
-0.011 -0.015 0.089
-0.017 -0.025 0.093
-0.017 -0.025 0.095
-0.019 -0.023 0.091
-0.015 -0.025 0.095
-0.015 -0.025 0.097
-0.007 -0.007 0.095
-0.033 -0.019 0.101
-0.051 -0.007 0.099
-0.049 -0.007 0.099
-0.057 -0.005 0.101
-0.039 -0.015 0.097
-0.039 -0.015 0.097
-0.047 -0.009 0.097
-0.043 -0.011 0.103
-0.047 -0.005 0.101
-0.045 -0.003 0.103
-0.041 -0.013 0.101
-0.031 -0.019 0.097
-0.029 -0.021 0.099
-0.031 -0.021 0.103
-0.031 -0.021 0.103
-0.019 -0.025 0.101
-0.025 -0.023 0.109
-0.023 -0.021 0.105
-0.013 -0.025 0.097
-0.021 -0.025 0.099
-0.027 -0.021 0.103
-0.023 -0.021 0.103
-0.019 -0.013 0.103
-0.017 -0.015 0.105
-0.019 -0.015 0.109
-0.031 -0.013 0.105
-0.023 -0.021 0.107
-0.015 -0.025 0.101
-0.013 -0.025 0.101
-0.013 -0.015 0.105
-0.011 -0.017 0.107
-0.009 -0.017 0.107
-0.017 -0.015 0.107
-0.001 -0.019 0.113
0.015 -0.015 0.033
0.017 -0.015 0.033
0.023 -0.029 0.035
0.015 -0.015 0.033
0.015 -0.015 0.033
0.019 -0.029 0.037
0.037 -0.013 0.033
0.031 -0.017 0.033
0.039 -0.011 0.033
0.013 -0.027 0.039
0.015 -0.025 0.043
0.013 -0.023 0.043
0.021 -0.029 0.037
0.017 -0.027 0.039
0.025 -0.025 0.037
0.019 -0.027 0.039
0.017 -0.027 0.039
0.025 -0.025 0.037
0.023 -0.025 0.039
0.015 -0.025 0.045
0.017 -0.025 0.045
0.017 -0.025 0.045
0.019 -0.023 0.045
0.027 -0.019 0.045
0.015 -0.015 0.033
0.013 -0.017 0.037
0.007 -0.013 0.041
0.007 -0.013 0.041
0.009 -0.017 0.049
-0.001 -0.015 0.049
0.015 -0.027 0.037
0.019 -0.025 0.035
0.029 -0.017 0.035
0.029 -0.019 0.041
0.015 -0.027 0.037
0.013 -0.027 0.037
0.013 -0.027 0.039
0.015 -0.027 0.041
0.017 -0.027 0.039
0.017 -0.027 0.041
0.027 -0.021 0.043
0.029 -0.017 0.047
0.025 -0.021 0.047
0.023 -0.021 0.049
0.019 -0.021 0.051
0.015 -0.019 0.055
0.021 -0.021 0.053
0.025 -0.019 0.055
0.021 -0.021 0.057
0.021 -0.021 0.061
0.023 -0.021 0.063
0.007 -0.011 0.051
0.009 -0.013 0.053
0.009 -0.013 0.055
-0.003 -0.019 0.053
0.003 -0.019 0.061
0.001 -0.019 0.059
-0.001 -0.019 0.061
-0.003 -0.019 0.061
0.025 -0.019 0.053
0.023 -0.019 0.053
0.027 -0.019 0.057
0.025 -0.019 0.057
0.017 -0.021 0.057
0.025 -0.019 0.055
0.021 -0.021 0.057
0.027 -0.019 0.059
0.013 -0.017 0.059
0.015 -0.013 0.063
0.025 -0.021 0.059
0.039 -0.011 0.033
0.037 -0.013 0.037
0.033 -0.017 0.037
0.031 -0.017 0.041
0.025 -0.025 0.037
0.039 -0.009 0.037
0.035 -0.011 0.039
0.041 -0.005 0.039
0.029 -0.017 0.043
0.041 -0.005 0.041
0.039 -0.005 0.043
0.033 -0.017 0.065
0.029 -0.019 0.065
0.031 -0.019 0.063
0.045 -0.005 0.057
0.041 -0.005 0.057
0.043 -0.007 0.061
0.043 -0.009 0.065
0.047 -0.005 0.061
-0.001 -0.021 0.065
0.005 -0.021 0.073
0.003 -0.021 0.079
0.009 -0.021 0.075
0.015 -0.017 0.073
0.021 -0.019 0.071
0.027 -0.019 0.065
0.023 -0.021 0.077
0.009 -0.019 0.071
-0.003 -0.021 0.067
0.003 -0.021 0.071
-0.001 -0.021 0.073
0.005 -0.021 0.071
0.003 -0.021 0.077
0.017 -0.007 0.067
0.017 -0.013 0.069
0.025 -0.019 0.069
0.021 -0.019 0.073
0.013 -0.019 0.075
0.025 -0.021 0.075
0.021 -0.021 0.081
0.005 -0.019 0.087
0.013 -0.021 0.085
0.009 -0.019 0.089
0.015 -0.019 0.089
0.015 -0.017 0.091
0.031 -0.019 0.081
0.025 -0.019 0.087
0.025 -0.017 0.089
0.003 -0.017 0.087
-0.001 -0.017 0.083
-0.003 -0.015 0.085
0.007 -0.021 0.085
0.001 -0.013 0.089
0.011 -0.017 0.091
0.009 -0.013 0.095
0.025 -0.019 0.087
0.013 -0.021 0.085
0.017 -0.021 0.087
0.021 -0.021 0.083
0.027 -0.017 0.087
0.015 -0.017 0.091
0.017 -0.015 0.093
0.023 -0.013 0.095
0.017 -0.015 0.093
0.013 -0.017 0.091
0.031 -0.019 0.067
0.037 -0.015 0.071
0.041 -0.011 0.067
0.041 -0.011 0.067
0.033 -0.019 0.069
0.033 -0.019 0.071
0.045 -0.009 0.065
0.043 -0.011 0.073
0.037 -0.013 0.075
0.043 -0.011 0.073
0.045 -0.011 0.073
0.031 -0.019 0.075
0.029 -0.019 0.075
0.027 -0.019 0.079
0.051 -0.009 0.077
0.049 -0.011 0.079
0.051 -0.009 0.077
0.031 -0.017 0.083
0.029 -0.017 0.087
0.045 -0.011 0.083
0.029 -0.019 0.083
0.041 -0.009 0.085
0.043 -0.009 0.085
0.045 -0.007 0.087
0.051 -0.009 0.083
0.049 -0.009 0.085
0.051 -0.007 0.087
-0.037 -0.021 0.037
-0.045 -0.023 0.039
-0.047 -0.017 0.041
-0.041 -0.021 0.037
-0.041 -0.019 0.041
-0.039 -0.021 0.039
-0.043 -0.017 0.041
-0.047 -0.011 0.051
-0.043 -0.017 0.049
-0.043 -0.017 0.049
-0.039 -0.021 0.049
-0.041 -0.019 0.051
-0.043 -0.013 0.043
-0.043 -0.017 0.049
-0.041 -0.019 0.049
-0.051 -0.005 0.057
-0.047 -0.011 0.053
-0.041 -0.019 0.053
-0.041 -0.019 0.053
-0.043 -0.013 0.059
-0.047 -0.009 0.063
-0.041 -0.013 0.063
-0.037 -0.013 0.065
-0.033 -0.021 0.045
-0.025 -0.023 0.039
-0.025 -0.023 0.039
-0.029 -0.021 0.045
-0.029 -0.021 0.045
-0.037 -0.019 0.053
-0.019 -0.023 0.039
-0.021 -0.023 0.039
-0.011 -0.021 0.041
-0.013 -0.021 0.041
-0.017 -0.023 0.043
-0.017 -0.019 0.051
-0.021 -0.017 0.047
-0.019 -0.017 0.047
-0.031 -0.021 0.039
-0.033 -0.021 0.043
-0.031 -0.021 0.049
-0.037 -0.021 0.051
-0.031 -0.021 0.047
-0.033 -0.013 0.057
-0.033 -0.013 0.059
-0.025 -0.011 0.053
-0.029 -0.013 0.053
-0.033 -0.013 0.059
-0.035 -0.013 0.061
-0.013 -0.017 0.057
-0.015 -0.017 0.057
-0.011 -0.019 0.057
-0.009 -0.019 0.057
-0.007 -0.019 0.057
-0.043 -0.011 0.069
-0.043 -0.011 0.067
-0.043 -0.011 0.069
-0.039 -0.013 0.069
-0.035 -0.013 0.077
-0.061 -0.001 0.085
-0.051 -0.007 0.083
-0.055 -0.003 0.085
-0.055 -0.003 0.087
-0.051 -0.005 0.087
-0.057 0.001 0.091
-0.057 0.001 0.091
-0.049 -0.007 0.085
-0.045 -0.009 0.085
-0.043 -0.011 0.085
-0.043 -0.011 0.085
-0.043 -0.011 0.087
-0.035 -0.015 0.087
-0.039 -0.013 0.087
-0.039 -0.011 0.089
-0.045 -0.011 0.091
-0.049 -0.011 0.095
-0.035 -0.015 0.091
-0.039 -0.015 0.097
-0.039 -0.015 0.095
-0.041 -0.013 0.095
-0.039 -0.015 0.097
-0.011 -0.017 0.067
-0.011 -0.015 0.069
-0.029 -0.019 0.089
-0.035 -0.015 0.087
-0.027 -0.021 0.093
-0.053 -0.003 0.103
-0.057 -0.001 0.105
-0.049 -0.005 0.101
-0.041 -0.013 0.099
-0.041 -0.013 0.101
-0.047 -0.007 0.099
-0.031 -0.019 0.099
-0.027 -0.021 0.101
-0.025 -0.021 0.105
0.017 -0.027 0.037
0.023 -0.029 0.037
-0.003 -0.013 0.043
0.005 0.005 0.039
0.009 -0.015 0.039
0.009 -0.015 0.039
0.009 -0.015 0.043
0.007 -0.009 0.049
0.007 -0.013 0.049
0.017 -0.027 0.039
0.021 -0.027 0.039
0.011 -0.021 0.041
0.013 -0.023 0.045
0.015 -0.025 0.045
0.015 -0.025 0.043
0.015 -0.021 0.051
0.017 -0.021 0.047
0.017 -0.021 0.049
0.017 -0.021 0.049
0.019 -0.021 0.049
0.017 -0.021 0.051
0.017 -0.021 0.049
0.009 -0.017 0.045
0.015 -0.021 0.051
0.021 -0.021 0.049
0.015 -0.021 0.053
0.013 -0.019 0.051
0.009 -0.015 0.051
0.013 -0.019 0.053
0.011 -0.017 0.055
0.013 -0.017 0.059
0.013 -0.017 0.059
0.017 -0.021 0.057
0.017 -0.019 0.061
0.013 -0.013 0.061
0.013 -0.015 0.061
0.015 -0.007 0.063
0.015 -0.013 0.065
0.015 -0.011 0.065
0.015 -0.013 0.065
0.019 -0.019 0.063
0.019 -0.019 0.063
0.017 -0.017 0.065
0.041 -0.005 0.041
0.037 -0.009 0.039
0.025 -0.021 0.045
0.027 -0.019 0.045
0.031 -0.017 0.041
0.039 -0.007 0.039
0.039 -0.005 0.043
0.023 -0.021 0.049
0.023 -0.021 0.051
0.027 -0.019 0.051
0.043 -0.001 0.047
0.041 0.001 0.047
0.027 -0.017 0.055
0.029 -0.017 0.057
0.043 -0.001 0.051
0.031 -0.017 0.059
0.043 -0.007 0.061
-0.005 -0.019 0.069
0.017 -0.013 0.069
