-0.029 0.003 0.063
-0.037 0.007 0.063
-0.029 0.005 0.063
-0.041 0.005 0.067
0.001 0.001 0.065
-0.041 0.009 0.099
-0.017 -0.009 0.071
-0.007 -0.003 0.077
-0.011 -0.003 0.099
-0.009 -0.003 0.101
-0.001 -0.011 0.089
-0.047 0.001 0.105
0.007 -0.009 0.061
0.021 0.005 0.071
0.037 0.005 0.055
0.017 -0.001 0.079
0.007 -0.007 0.091
0.025 -0.009 0.091
0.037 -0.009 0.079
0.041 -0.003 0.073
0.043 -0.005 0.083
-0.013 0.013 0.039
-0.033 0.001 0.075
-0.049 0.013 0.083
-0.023 0.001 0.073
0.027 0.011 0.061
0.049 0.009 0.047
0.035 0.007 0.051
-0.029 -0.023 0.037
-0.051 -0.017 0.039
-0.043 -0.017 0.049
-0.019 -0.025 0.035
-0.025 -0.023 0.037
-0.031 -0.021 0.043
-0.031 -0.013 0.061
-0.051 -0.007 0.083
-0.043 -0.009 0.087
-0.019 -0.023 0.091
-0.013 -0.027 0.095
-0.043 -0.009 0.103
-0.033 -0.005 0.105
0.023 -0.021 0.045
0.027 -0.021 0.043
-0.009 -0.017 0.069
0.021 -0.021 0.061
0.031 -0.019 0.065
0.019 -0.019 0.065
0.003 -0.021 0.077
0.001 -0.019 0.083
0.015 -0.015 0.093
-0.047 -0.011 0.045
-0.045 -0.009 0.087
-0.015 -0.013 0.077
-0.015 -0.021 0.049
-0.011 -0.019 0.057
-0.003 -0.021 0.071
0.015 -0.019 0.057
0.015 -0.019 0.059
-0.043 -0.021 0.039
-0.049 -0.011 0.051
-0.015 -0.019 0.053
-0.045 -0.011 0.097
-0.059 -0.003 0.101
-0.043 -0.013 0.101
-0.049 -0.003 0.105
-0.039 -0.009 0.105
-0.035 -0.017 0.097
-0.051 -0.001 0.107
-0.031 -0.019 0.103
-0.011 -0.019 0.061
-0.029 -0.017 0.083
-0.017 -0.023 0.103
-0.025 -0.019 0.107
0.007 -0.021 0.085
-0.013 -0.015 0.111
0.041 -0.009 0.085
0.021 -0.011 0.095
-0.039 0.019 0.035
-0.049 0.007 0.049
-0.049 0.007 0.049
-0.049 0.005 0.055
-0.055 -0.003 0.089
-0.059 0.003 0.093
-0.059 -0.003 0.103
-0.043 -0.001 0.101
-0.043 -0.007 0.101
-0.057 -0.005 0.103
-0.057 -0.001 0.105
-0.055 -0.001 0.105
-0.037 -0.009 0.105
-0.035 0.001 0.105
-0.027 -0.001 0.105
-0.025 -0.009 0.111
-0.027 0.013 0.049
-0.027 0.013 0.051
-0.019 0.011 0.047
-0.021 0.003 0.055
-0.019 0.003 0.055
-0.035 0.001 0.075
-0.051 0.009 0.089
-0.045 0.009 0.085
-0.029 0.003 0.087
-0.007 -0.001 0.071
-0.011 -0.003 0.095
-0.049 0.007 0.103
-0.035 0.003 0.103
-0.035 0.003 0.103
0.031 0.015 0.037
0.027 0.015 0.047
0.029 0.013 0.043
0.029 0.001 0.047
0.019 0.011 0.061
0.027 -0.003 0.049
0.025 0.011 0.065
0.025 0.011 0.065
0.049 0.007 0.055
0.015 -0.001 0.083
0.017 -0.005 0.091
0.009 -0.001 0.083
0.037 -0.009 0.079
0.035 -0.003 0.073
0.055 -0.005 0.079
-0.043 0.009 0.051
-0.043 0.007 0.057
-0.043 0.007 0.059
-0.035 0.007 0.059
-0.017 0.011 0.047
-0.023 0.011 0.051
-0.027 0.005 0.057
-0.007 0.003 0.059
-0.037 0.005 0.099
0.005 0.013 0.039
0.011 0.013 0.035
0.023 0.019 0.055
0.029 0.015 0.053
0.027 0.017 0.049
0.035 0.011 0.049
0.021 -0.017 0.091
-0.031 -0.015 0.053
0.025 -0.021 0.081
0.007 -0.021 0.077
0.013 -0.015 0.093
0.007 -0.015 0.091
-0.019 -0.013 0.113
-0.013 -0.015 0.111
0.007 -0.021 0.085
0.011 -0.007 0.091
-0.023 -0.019 0.105
-0.001 -0.019 0.113
-0.007 -0.007 0.103
0.023 -0.021 0.051
0.019 -0.025 0.041
0.029 -0.019 0.067
0.037 -0.011 0.065
0.045 -0.001 0.043
0.025 -0.021 0.083
-0.027 0.003 0.069
-0.023 0.001 0.077
-0.041 0.009 0.099
-0.045 0.003 0.103
-0.037 0.001 0.105
0.051 -0.007 0.087
0.025 0.005 0.061
0.027 0.009 0.045
0.027 0.009 0.053
0.045 0.011 0.055
0.045 0.009 0.057
0.045 0.007 0.061
-0.045 0.009 0.049
-0.043 0.005 0.063
-0.035 0.007 0.063
-0.003 0.003 0.051
-0.053 0.003 0.091
-0.021 0.001 0.105
-0.017 -0.001 0.089
-0.001 -0.009 0.087
-0.015 -0.001 0.093
-0.027 -0.011 0.109
-0.017 -0.001 0.099
-0.003 0.001 0.067
0.009 -0.009 0.055
0.023 -0.001 0.081
0.029 -0.001 0.067
0.023 0.005 0.071
0.031 -0.001 0.073
0.025 -0.011 0.093
0.001 -0.011 0.091
0.021 -0.013 0.095
0.019 -0.005 0.091
0.035 -0.005 0.079
-0.037 0.013 0.045
-0.037 0.007 0.063
-0.013 0.007 0.047
-0.015 0.007 0.047
-0.009 0.007 0.051
-0.043 0.003 0.089
-0.037 0.005 0.089
-0.035 0.005 0.089
-0.021 0.001 0.087
-0.049 0.007 0.103
-0.043 0.005 0.099
0.023 0.017 0.045
0.045 0.013 0.045
0.035 0.007 0.051
0.045 0.003 0.063
0.043 0.007 0.061
-0.051 -0.015 0.039
-0.055 0.005 0.105
-0.051 0.007 0.105
-0.043 -0.009 0.103
-0.045 -0.003 0.103
-0.045 -0.003 0.103
-0.007 -0.003 0.075
-0.031 -0.003 0.105
-0.031 -0.017 0.103
-0.043 -0.009 0.103
-0.037 -0.015 0.103
-0.027 -0.019 0.105
-0.025 -0.013 0.111
-0.017 -0.021 0.101
-0.015 -0.011 0.109
-0.021 0.001 0.101
0.017 -0.003 0.063
-0.027 -0.001 0.105
0.013 -0.003 0.053
0.001 -0.001 0.081
0.009 -0.001 0.081
0.021 -0.001 0.053
-0.009 -0.005 0.103
-0.001 -0.005 0.083
0.021 -0.001 0.069
0.015 -0.001 0.085
0.021 -0.013 0.095
0.001 -0.001 0.081
0.027 -0.001 0.077
-0.035 0.011 0.055
-0.037 0.013 0.045
-0.017 0.001 0.057
-0.059 0.003 0.093
-0.041 0.007 0.099
-0.005 0.009 0.043
0.013 0.009 0.045
0.017 0.003 0.051
0.043 0.011 0.055
-0.051 -0.021 0.037
-0.035 -0.021 0.047
-0.049 -0.017 0.041
-0.039 -0.021 0.049
-0.039 -0.013 0.061
-0.039 -0.007 0.075
-0.059 -0.003 0.085
-0.043 -0.011 0.085
-0.039 -0.015 0.097
-0.039 -0.015 0.099
-0.051 -0.003 0.103
-0.023 -0.013 0.109
-0.033 -0.017 0.103
-0.023 -0.015 0.107
-0.025 -0.015 0.051
0.015 -0.025 0.041
-0.017 -0.017 0.055
-0.009 -0.019 0.067
-0.013 -0.019 0.055
-0.013 -0.017 0.057
-0.011 -0.017 0.067
-0.011 -0.017 0.067
-0.007 -0.017 0.073
-0.003 -0.019 0.079
-0.025 -0.021 0.091
-0.019 -0.025 0.101
-0.049 0.005 0.047
-0.039 0.017 0.039
-0.037 0.023 0.041
-0.049 0.001 0.059
-0.047 0.003 0.063
-0.047 0.003 0.063
-0.051 -0.001 0.045
-0.045 0.001 0.089
-0.039 -0.013 0.061
-0.039 -0.013 0.069
-0.037 -0.011 0.075
-0.039 -0.009 0.075
-0.015 -0.015 0.059
-0.029 -0.015 0.067
-0.041 -0.013 0.091
-0.051 -0.017 0.037
-0.045 -0.011 0.061
-0.053 -0.003 0.095
-0.031 -0.015 0.077
-0.033 0.003 0.073
-0.023 -0.023 0.091
-0.043 -0.011 0.103
-0.033 -0.019 0.101
-0.025 -0.013 0.109
-0.051 -0.003 0.049
-0.051 -0.001 0.055
-0.043 0.005 0.065
-0.045 0.003 0.067
-0.043 0.001 0.069
-0.043 -0.007 0.071
-0.037 0.007 0.063
-0.037 -0.003 0.091
-0.033 0.001 0.093
-0.043 0.003 0.095
-0.037 -0.001 0.075
-0.039 0.011 0.037
-0.053 0.007 0.083
-0.059 0.007 0.085
-0.043 0.009 0.095
-0.053 0.005 0.099
-0.037 0.019 0.043
0.019 0.007 0.053
0.019 0.015 0.049
0.021 0.013 0.055
0.021 0.007 0.063
-0.051 -0.001 0.057
-0.035 0.007 0.059
-0.047 0.005 0.089
-0.037 0.005 0.099
-0.029 0.001 0.075
-0.039 0.001 0.103
-0.019 0.001 0.095
-0.055 -0.001 0.105
-0.009 -0.005 0.103
-0.007 0.003 0.057
-0.011 -0.001 0.065
-0.001 -0.001 0.073
0.019 -0.001 0.053
0.019 -0.001 0.053
0.019 0.009 0.055
0.023 -0.001 0.081
0.019 -0.009 0.093
0.027 -0.009 0.091
-0.029 0.019 0.045
-0.039 0.021 0.037
-0.023 0.017 0.045
-0.027 0.017 0.047
-0.015 0.007 0.047
-0.031 0.021 0.045
-0.031 0.005 0.065
-0.055 0.013 0.087
-0.055 0.013 0.087
-0.063 0.007 0.093
-0.045 0.009 0.101
0.019 0.011 0.055
0.041 0.015 0.045
0.039 0.003 0.061
-0.021 -0.025 0.035
-0.005 -0.019 0.055
-0.031 -0.021 0.049
-0.023 -0.015 0.071
-0.031 -0.017 0.089
-0.005 -0.013 0.085
-0.019 -0.025 0.101
-0.017 -0.015 0.105
-0.021 -0.013 0.109
-0.013 -0.015 0.105
0.009 -0.017 0.041
0.009 -0.017 0.041
0.009 -0.013 0.053
0.027 -0.019 0.057
0.031 -0.015 0.045
0.013 -0.021 0.083
0.007 -0.019 0.087
0.001 -0.017 0.087
0.003 -0.015 0.089
-0.033 -0.019 0.051
-0.027 -0.021 0.045
-0.043 -0.017 0.049
-0.037 -0.021 0.051
-0.037 -0.013 0.081
0.005 0.003 0.039
0.015 -0.021 0.051
0.019 -0.021 0.059
0.017 -0.021 0.079
-0.029 -0.023 0.037
-0.049 -0.023 0.037
-0.043 -0.021 0.039
-0.047 -0.013 0.049
-0.031 -0.015 0.071
-0.025 -0.015 0.069
-0.027 -0.017 0.077
-0.025 -0.019 0.083
-0.021 -0.023 0.101
-0.033 -0.017 0.089
-0.033 -0.017 0.091
-0.027 -0.013 0.107
-0.015 -0.023 0.103
-0.045 -0.003 0.103
-0.027 -0.021 0.103
-0.017 -0.015 0.109
0.015 -0.021 0.047
0.015 -0.021 0.053
0.019 -0.021 0.059
-0.003 -0.021 0.069
-0.007 -0.017 0.073
0.007 -0.021 0.085
0.023 -0.021 0.055
0.017 -0.021 0.087
0.019 -0.021 0.085
-0.001 -0.003 0.083
0.029 -0.019 0.077
0.021 -0.017 0.091
0.027 -0.017 0.089
-0.051 0.001 0.055
-0.035 -0.013 0.077
-0.031 -0.015 0.077
-0.027 -0.019 0.087
-0.043 -0.009 0.101
-0.047 -0.007 0.099
-0.037 -0.017 0.095
-0.005 -0.019 0.075
0.011 -0.021 0.081
-0.003 0.003 0.053
0.021 0.011 0.063
-0.019 0.007 0.051
0.027 -0.001 0.083
0.031 -0.003 0.083
-0.001 -0.001 0.077
-0.011 0.001 0.063
-0.023 0.001 0.097
-0.021 -0.007 0.067
-0.049 -0.003 0.105
-0.019 -0.001 0.109
-0.009 -0.003 0.097
-0.009 -0.003 0.101
-0.005 -0.017 0.113
0.049 0.005 0.057
0.045 0.001 0.039
0.045 -0.001 0.069
0.047 0.007 0.059
0.055 -0.003 0.087
0.025 -0.003 0.053
0.023 -0.013 0.095
0.033 -0.013 0.089
-0.041 0.003 0.069
-0.043 0.009 0.095
-0.035 0.007 0.087
-0.049 0.007 0.103
-0.049 0.001 0.107
0.029 0.011 0.059
0.023 0.017 0.045
0.025 0.019 0.055
-0.039 -0.017 0.055
-0.037 -0.021 0.051
-0.035 -0.021 0.051
-0.041 -0.013 0.059
-0.041 -0.013 0.061
-0.025 -0.023 0.039
-0.019 -0.011 0.067
-0.045 -0.011 0.097
-0.013 -0.013 0.077
-0.009 -0.007 0.089
-0.025 -0.021 0.109
-0.005 -0.019 0.113
0.029 -0.021 0.039
0.029 -0.019 0.041
0.003 -0.019 0.065
0.015 -0.021 0.081
0.049 -0.003 0.059
0.015 -0.019 0.089
0.029 -0.005 0.087
0.039 -0.011 0.081
0.037 -0.009 0.083
-0.011 -0.013 0.081
-0.019 -0.025 0.101
-0.021 -0.023 0.101
-0.015 -0.015 0.095
0.009 -0.021 0.085
0.009 -0.019 0.089
-0.043 -0.007 0.103
0.027 -0.019 0.079
0.031 -0.011 0.091
0.031 -0.009 0.089
-0.019 0.005 0.053
-0.037 0.003 0.071
-0.045 0.005 0.061
-0.049 0.013 0.085
-0.005 0.001 0.065
-0.031 0.005 0.083
-0.039 0.003 0.101
-0.037 0.003 0.103
-0.015 -0.003 0.085
-0.011 -0.003 0.089
-0.023 0.001 0.077
-0.007 -0.001 0.069
-0.003 -0.005 0.083
-0.017 -0.001 0.103
-0.015 -0.001 0.091
-0.055 0.001 0.105
-0.057 -0.001 0.105
0.023 0.009 0.067
0.019 -0.003 0.069
0.017 -0.001 0.085
0.009 -0.009 0.055
0.019 -0.001 0.057
0.021 0.007 0.067
0.007 -0.001 0.081
0.031 -0.003 0.083
0.029 -0.003 0.085
-0.031 0.013 0.049
-0.051 0.003 0.045
-0.019 0.015 0.041
-0.015 0.005 0.053
-0.009 0.003 0.057
-0.051 0.009 0.089
-0.029 0.003 0.069
0.019 0.017 0.045
0.019 0.013 0.059
0.019 0.011 0.061
0.023 0.017 0.057
0.043 0.013 0.051
