0.011 -0.025 0.037
0.013 -0.013 0.037
0.013 -0.019 0.037
0.017 -0.021 0.047
0.011 -0.015 0.047
0.009 -0.013 0.047
0.011 -0.017 0.041
0.015 -0.019 0.047
-0.011 -0.007 0.041
-0.009 -0.007 0.041
0.009 -0.005 0.039
-0.007 -0.013 0.061
0.007 -0.021 0.063
0.013 -0.023 0.063
-0.013 -0.011 0.057
-0.009 -0.013 0.061
-0.003 -0.013 0.051
-0.007 -0.015 0.063
-0.005 -0.049 0.077
-0.001 -0.027 0.081
-0.001 -0.039 0.067
-0.005 -0.041 0.075
-0.003 -0.019 0.069
-0.009 -0.017 0.069
-0.005 -0.017 0.073
-0.005 -0.019 0.073
-0.001 -0.005 0.077
-0.001 -0.001 0.079
-0.001 -0.007 0.073
-0.005 -0.011 0.091
-0.003 -0.027 0.087
-0.011 -0.019 0.095
-0.003 -0.021 0.089
-0.005 -0.017 0.091
-0.005 -0.005 0.089
-0.001 -0.009 0.083
-0.001 -0.003 0.081
-0.005 -0.001 0.085
-0.007 -0.007 0.091
-0.011 -0.013 0.093
-0.011 -0.003 0.091
-0.007 -0.007 0.091
0.013 -0.027 0.035
0.015 -0.007 0.035
0.013 -0.035 0.033
0.011 -0.045 0.055
0.007 -0.045 0.061
0.011 -0.037 0.051
0.017 -0.027 0.055
0.009 -0.045 0.057
0.015 -0.021 0.035
0.013 -0.013 0.037
0.011 -0.015 0.039
0.015 -0.019 0.035
0.013 -0.015 0.039
0.013 -0.019 0.037
0.015 -0.019 0.049
0.013 -0.029 0.043
0.011 -0.031 0.045
0.017 -0.023 0.045
0.015 -0.019 0.047
0.015 -0.009 0.037
0.015 -0.009 0.033
0.013 -0.019 0.053
0.013 -0.019 0.057
0.011 -0.021 0.063
0.009 -0.027 0.063
0.015 -0.025 0.061
0.001 -0.041 0.067
0.009 -0.023 0.067
0.007 -0.021 0.069
0.019 0.039 0.041
0.013 0.039 0.035
0.009 0.025 0.053
0.017 0.023 0.045
0.009 0.009 0.045
0.021 0.031 0.045
0.001 0.017 0.057
-0.001 0.013 0.061
-0.003 0.015 0.061
-0.007 0.017 0.063
-0.007 0.017 0.063
0.003 0.021 0.055
0.009 0.033 0.057
-0.003 0.017 0.059
0.005 0.031 0.063
0.007 0.047 0.043
0.005 0.049 0.041
0.005 0.047 0.039
0.007 0.045 0.037
0.007 0.047 0.049
0.003 0.051 0.045
0.005 0.049 0.051
0.009 0.043 0.055
0.007 0.041 0.059
0.005 0.049 0.053
0.003 0.051 0.053
0.001 0.049 0.057
0.005 0.041 0.065
0.003 0.047 0.063
0.003 0.051 0.049
-0.001 0.051 0.057
-0.001 0.001 0.075
-0.005 0.009 0.075
-0.003 0.019 0.075
0.003 0.027 0.067
0.003 0.025 0.097
-0.005 0.003 0.083
-0.001 0.019 0.089
-0.003 0.013 0.091
-0.001 0.015 0.095
0.007 0.035 0.085
0.005 0.033 0.089
0.001 0.023 0.083
-0.001 0.025 0.081
0.003 0.029 0.085
0.001 0.039 0.073
-0.003 0.035 0.077
-0.001 0.033 0.077
0.009 0.043 0.085
0.011 0.047 0.085
0.011 0.049 0.087
0.005 0.037 0.089
0.007 0.035 0.095
-0.003 0.049 0.093
-0.001 0.019 0.099
-0.013 0.009 0.109
0.005 0.035 0.099
0.001 0.023 0.103
-0.001 0.021 0.103
0.009 0.049 0.099
0.001 0.039 0.105
0.001 0.057 0.103
0.015 0.019 0.035
0.015 0.017 0.033
0.021 0.037 0.035
0.013 0.013 0.039
0.015 0.013 0.037
0.021 0.029 0.039
0.019 0.027 0.041
0.025 0.035 0.041
0.021 0.027 0.037
0.001 0.001 0.061
0.003 0.013 0.057
0.005 0.019 0.053
0.003 0.021 0.055
0.005 0.025 0.055
0.007 0.031 0.059
0.009 0.045 0.043
0.021 0.035 0.033
0.023 0.037 0.039
0.003 0.049 0.039
0.009 0.041 0.051
0.005 0.031 0.095
0.005 0.033 0.069
0.003 0.045 0.065
0.007 0.037 0.083
0.007 0.047 0.089
0.013 0.049 0.083
0.011 0.051 0.087
0.005 0.061 0.085
0.011 0.055 0.089
0.005 0.031 0.097
0.001 0.021 0.107
0.001 0.025 0.105
0.009 0.049 0.101
0.009 0.047 0.099
0.007 0.053 0.101
-0.011 -0.039 0.033
-0.015 -0.033 0.033
-0.015 -0.015 0.033
-0.013 -0.037 0.037
-0.015 -0.031 0.043
-0.017 -0.033 0.065
-0.025 -0.025 0.039
-0.027 -0.019 0.039
-0.027 -0.021 0.039
-0.027 -0.015 0.039
-0.023 -0.021 0.043
-0.029 -0.019 0.037
-0.027 -0.019 0.039
-0.013 -0.009 0.037
-0.017 -0.009 0.047
-0.017 -0.009 0.049
-0.021 -0.025 0.059
-0.019 -0.025 0.053
-0.021 -0.021 0.053
-0.019 -0.015 0.055
-0.019 -0.031 0.063
-0.013 -0.015 0.065
-0.017 -0.011 0.055
-0.013 -0.009 0.051
-0.013 -0.015 0.063
-0.019 0.001 0.059
-0.019 -0.003 0.063
-0.017 -0.033 0.079
-0.019 -0.033 0.069
-0.011 -0.039 0.079
-0.009 -0.053 0.081
-0.009 -0.051 0.083
-0.007 -0.053 0.085
-0.005 -0.053 0.087
-0.007 -0.041 0.087
-0.015 -0.035 0.081
-0.019 -0.027 0.067
-0.021 -0.027 0.069
-0.017 -0.017 0.065
-0.019 -0.019 0.077
-0.017 -0.019 0.067
-0.021 -0.013 0.081
-0.017 -0.007 0.067
-0.021 -0.021 0.081
-0.019 -0.023 0.085
-0.019 -0.019 0.089
-0.013 -0.031 0.089
-0.017 -0.027 0.089
-0.015 -0.019 0.093
-0.019 -0.019 0.089
-0.019 -0.001 0.085
-0.017 -0.013 0.091
-0.017 -0.033 0.035
-0.017 -0.031 0.035
-0.013 -0.033 0.041
0.001 -0.039 0.047
-0.001 -0.047 0.049
-0.001 -0.037 0.055
-0.009 -0.041 0.063
-0.015 -0.033 0.061
-0.023 -0.019 0.045
-0.023 -0.013 0.041
-0.021 -0.017 0.051
-0.017 -0.011 0.039
-0.015 -0.009 0.039
-0.017 -0.009 0.047
-0.019 -0.015 0.059
-0.019 -0.019 0.063
-0.017 -0.017 0.063
-0.019 -0.017 0.059
-0.019 -0.019 0.061
-0.019 -0.011 0.053
-0.013 0.011 0.033
-0.025 0.023 0.033
-0.023 0.031 0.035
-0.019 0.041 0.035
-0.011 0.009 0.035
-0.019 0.003 0.055
-0.021 0.031 0.049
-0.019 0.029 0.049
-0.007 0.023 0.057
-0.017 0.029 0.051
-0.019 0.031 0.051
-0.013 0.027 0.053
-0.007 0.021 0.059
-0.011 0.027 0.061
-0.007 0.025 0.057
-0.013 0.027 0.063
-0.021 0.033 0.037
-0.021 0.037 0.039
-0.021 0.043 0.037
-0.019 0.041 0.047
-0.011 0.039 0.033
-0.017 0.047 0.041
-0.017 0.047 0.041
-0.023 0.049 0.037
-0.017 0.049 0.041
-0.021 0.039 0.049
-0.007 0.051 0.051
-0.007 0.051 0.053
-0.017 0.025 0.075
-0.017 0.027 0.075
-0.009 0.017 0.065
-0.011 0.019 0.067
-0.015 0.021 0.071
-0.013 0.021 0.069
-0.007 0.007 0.087
-0.025 0.015 0.095
-0.023 0.019 0.087
-0.019 0.025 0.083
-0.019 0.027 0.083
-0.019 0.027 0.085
-0.021 0.027 0.089
-0.025 0.019 0.097
-0.009 0.045 0.067
-0.009 0.041 0.073
-0.013 0.039 0.085
-0.011 0.043 0.087
-0.011 0.043 0.091
-0.011 0.045 0.091
-0.005 0.049 0.081
-0.003 0.055 0.087
-0.011 0.049 0.095
-0.017 0.011 0.107
-0.025 0.019 0.097
-0.023 0.023 0.097
-0.013 0.019 0.103
-0.021 0.025 0.103
-0.013 0.023 0.111
-0.013 0.031 0.105
-0.011 0.043 0.103
-0.013 0.035 0.105
-0.013 0.035 0.105
-0.009 0.051 0.097
-0.021 0.033 0.035
-0.021 0.033 0.037
-0.021 0.033 0.039
-0.019 0.037 0.035
-0.013 0.039 0.035
-0.017 0.009 0.043
-0.023 0.015 0.039
-0.023 0.017 0.039
-0.019 0.009 0.047
-0.021 0.015 0.049
-0.023 0.025 0.039
-0.019 0.023 0.041
-0.021 0.029 0.041
-0.019 0.029 0.049
-0.017 0.011 0.065
-0.009 0.027 0.055
-0.013 0.031 0.061
-0.019 0.041 0.041
-0.021 0.037 0.051
-0.019 0.041 0.047
-0.019 0.039 0.053
-0.013 0.033 0.061
-0.015 0.029 0.069
-0.015 0.033 0.087
-0.017 0.033 0.089
-0.015 0.033 0.085
-0.005 0.051 0.085
-0.003 0.055 0.089
-0.003 0.061 0.083
0.001 0.057 0.091
0.001 0.059 0.089
-0.015 0.039 0.099
-0.017 0.033 0.103
-0.007 0.053 0.099
-0.007 -0.043 0.035
-0.007 -0.041 0.037
-0.005 -0.043 0.037
-0.003 -0.043 0.041
-0.013 -0.033 0.039
-0.005 -0.039 0.041
-0.005 -0.039 0.043
-0.007 -0.045 0.061
-0.029 -0.023 0.035
-0.021 -0.027 0.043
-0.025 -0.021 0.041
-0.007 -0.041 0.037
-0.009 -0.039 0.037
-0.021 -0.025 0.049
-0.019 -0.027 0.047
-0.017 -0.027 0.051
-0.019 -0.027 0.057
-0.019 -0.031 0.061
-0.019 -0.031 0.063
-0.007 -0.045 0.059
-0.013 -0.033 0.059
-0.007 -0.043 0.059
-0.007 -0.045 0.061
-0.021 -0.025 0.061
-0.017 -0.027 0.053
-0.017 -0.033 0.063
-0.011 -0.041 0.067
-0.009 -0.045 0.065
-0.005 -0.045 0.069
-0.007 -0.045 0.071
-0.005 -0.045 0.071
-0.015 -0.037 0.073
-0.009 -0.033 0.087
-0.019 -0.031 0.077
-0.021 -0.025 0.079
-0.007 -0.045 0.069
-0.021 -0.027 0.069
-0.011 -0.045 0.073
-0.011 -0.049 0.079
-0.011 -0.047 0.077
-0.013 -0.035 0.087
-0.009 -0.051 0.083
-0.009 -0.049 0.085
-0.019 -0.017 0.089
-0.015 -0.021 0.093
0.001 -0.043 0.035
0.001 -0.043 0.035
0.013 -0.045 0.049
0.005 -0.049 0.059
-0.001 -0.049 0.053
0.003 -0.049 0.061
0.003 -0.043 0.037
-0.001 -0.043 0.049
0.009 -0.047 0.045
0.003 -0.049 0.051
-0.001 -0.047 0.047
-0.001 -0.047 0.051
-0.001 -0.023 0.049
-0.003 -0.041 0.043
-0.005 -0.039 0.043
-0.001 -0.045 0.045
0.001 -0.045 0.041
-0.001 -0.033 0.045
-0.001 -0.049 0.057
-0.001 -0.049 0.057
0.001 -0.049 0.057
0.011 -0.045 0.055
-0.013 -0.033 0.041
-0.023 -0.027 0.041
-0.019 0.007 0.049
-0.021 0.011 0.047
-0.015 -0.027 0.049
-0.013 -0.027 0.051
-0.021 0.013 0.043
-0.023 0.017 0.043
-0.021 0.027 0.045
-0.013 -0.031 0.043
-0.015 -0.031 0.043
-0.021 0.001 0.063
-0.019 -0.003 0.063
-0.019 -0.003 0.063
-0.019 -0.033 0.069
-0.021 -0.023 0.057
-0.021 -0.025 0.059
-0.021 -0.025 0.061
-0.021 -0.025 0.061
-0.019 -0.031 0.065
-0.019 -0.025 0.065
-0.019 -0.031 0.065
-0.021 0.029 0.041
-0.021 0.011 0.045
-0.023 -0.021 0.043
-0.019 -0.027 0.047
-0.021 -0.019 0.051
-0.021 0.045 0.039
-0.021 0.025 0.043
-0.021 0.001 0.065
-0.021 0.001 0.065
-0.021 -0.013 0.081
-0.013 -0.037 0.081
-0.021 -0.005 0.077
-0.019 -0.009 0.071
-0.017 -0.035 0.073
-0.017 -0.035 0.073
-0.021 -0.019 0.079
-0.021 0.015 0.093
-0.019 -0.029 0.083
-0.015 -0.021 0.093
-0.013 -0.035 0.087
-0.015 -0.029 0.089
-0.011 -0.027 0.093
-0.021 -0.003 0.069
-0.019 -0.029 0.083
-0.021 0.015 0.091
-0.019 -0.017 0.089
-0.017 -0.029 0.087
-0.019 -0.025 0.087
-0.019 -0.023 0.089
-0.015 0.011 0.093
-0.017 0.017 0.093
-0.017 0.017 0.095
-0.009 0.015 0.097
-0.015 0.013 0.095
-0.011 0.015 0.097
-0.017 -0.031 0.085
-0.019 -0.025 0.087
-0.017 -0.019 0.091
-0.019 0.003 0.111
-0.019 0.003 0.111
-0.007 0.005 0.101
-0.025 0.013 0.101
-0.025 0.013 0.097
-0.025 0.013 0.101
-0.021 0.017 0.101
-0.019 0.025 0.107
-0.009 0.017 0.101
-0.009 0.019 0.103
-0.017 0.005 0.109
-0.007 0.023 0.105
-0.017 0.021 0.101
-0.007 0.011 0.101
-0.009 0.019 0.103
-0.007 0.023 0.107
-0.001 -0.045 0.041
-0.009 -0.035 0.041
-0.005 -0.031 0.043
-0.007 -0.029 0.045
-0.003 -0.029 0.047
-0.005 -0.029 0.049
0.001 -0.027 0.047
-0.001 -0.023 0.051
-0.001 -0.045 0.045
-0.003 -0.029 0.047
-0.003 -0.047 0.053
-0.003 -0.027 0.053
0.001 -0.047 0.047
-0.001 -0.045 0.049
-0.009 -0.035 0.061
-0.009 -0.035 0.061
-0.011 -0.035 0.061
-0.013 -0.035 0.063
-0.007 -0.043 0.059
-0.013 -0.037 0.069
-0.005 -0.031 0.055
-0.013 -0.031 0.057
-0.003 -0.047 0.053
-0.001 -0.049 0.055
-0.015 -0.035 0.063
-0.013 -0.037 0.079
-0.013 -0.037 0.073
-0.011 -0.031 0.091
-0.013 -0.023 0.095
0.003 0.025 0.097
-0.003 0.011 0.099
0.009 0.051 0.103
-0.007 0.019 0.103
