0.017 -0.027 0.049
0.009 -0.043 0.059
0.007 -0.041 0.061
-0.003 -0.009 0.041
0.003 -0.009 0.047
0.013 -0.017 0.045
0.017 -0.021 0.047
-0.001 -0.017 0.053
0.011 -0.019 0.061
-0.007 -0.009 0.053
0.001 -0.011 0.049
0.001 0.001 0.055
0.001 0.001 0.059
-0.005 -0.051 0.079
-0.003 -0.045 0.071
-0.003 -0.035 0.073
-0.005 -0.035 0.065
-0.005 -0.043 0.075
-0.003 -0.031 0.079
-0.003 -0.031 0.081
-0.001 -0.031 0.075
-0.005 -0.041 0.085
-0.001 -0.021 0.075
-0.001 0.001 0.075
-0.001 -0.001 0.079
-0.001 0.001 0.079
-0.001 -0.003 0.073
-0.005 -0.025 0.089
-0.001 -0.007 0.083
0.017 -0.021 0.033
0.015 -0.039 0.039
0.015 -0.043 0.045
0.009 -0.037 0.053
0.011 -0.045 0.051
0.013 -0.039 0.049
0.007 -0.043 0.061
0.013 -0.027 0.035
0.017 -0.023 0.049
0.017 -0.023 0.045
0.013 -0.019 0.047
0.015 -0.009 0.037
0.015 -0.005 0.037
0.017 -0.021 0.055
0.011 -0.025 0.065
0.009 -0.021 0.065
0.007 -0.021 0.069
0.013 0.025 0.047
0.019 0.029 0.045
0.017 0.023 0.045
0.011 0.039 0.047
0.013 0.031 0.051
0.011 0.037 0.049
0.011 0.037 0.051
0.003 0.023 0.055
-0.007 0.019 0.059
0.001 0.017 0.057
0.003 0.029 0.065
0.001 0.027 0.063
0.007 0.045 0.037
0.003 0.051 0.049
-0.015 0.053 0.037
0.001 0.051 0.043
-0.005 0.013 0.067
-0.009 0.015 0.071
-0.007 0.013 0.071
-0.001 0.003 0.073
0.003 0.027 0.099
0.001 0.023 0.093
-0.005 0.007 0.087
-0.001 0.017 0.085
0.001 0.021 0.087
0.003 0.027 0.087
0.005 0.033 0.089
-0.001 0.019 0.085
0.001 0.021 0.085
0.007 0.035 0.085
0.001 0.039 0.073
-0.003 0.047 0.067
0.001 0.037 0.073
0.009 0.049 0.089
0.005 0.037 0.093
0.007 0.041 0.095
0.009 0.043 0.097
-0.007 0.045 0.093
-0.003 0.049 0.095
0.013 0.055 0.085
-0.001 0.017 0.097
0.001 0.033 0.105
-0.001 0.023 0.107
-0.001 0.023 0.107
-0.011 0.027 0.109
0.001 0.055 0.101
0.013 0.039 0.033
0.009 0.009 0.047
0.021 0.027 0.037
0.015 0.021 0.037
0.021 0.031 0.039
0.019 0.027 0.033
0.023 0.033 0.043
0.001 0.001 0.055
0.003 0.007 0.059
0.011 0.025 0.053
0.005 0.017 0.053
0.015 0.039 0.035
0.013 0.039 0.039
0.011 0.033 0.051
0.003 0.031 0.071
0.005 0.031 0.085
0.001 0.027 0.093
0.001 0.035 0.075
0.013 0.055 0.085
0.011 0.051 0.087
0.011 0.057 0.085
0.007 0.059 0.093
0.003 0.031 0.101
0.017 -0.021 0.033
0.011 -0.045 0.039
0.003 -0.049 0.057
0.007 -0.047 0.059
0.005 -0.047 0.061
0.003 -0.039 0.061
0.015 -0.041 0.043
0.015 -0.037 0.039
0.015 -0.037 0.041
0.013 -0.037 0.049
0.015 -0.039 0.037
0.015 -0.033 0.037
0.013 -0.035 0.049
0.009 -0.031 0.047
0.015 -0.031 0.041
0.017 -0.023 0.045
0.007 -0.013 0.049
-0.005 -0.031 0.059
-0.005 -0.029 0.051
-0.005 -0.029 0.055
0.011 -0.029 0.057
0.013 -0.019 0.057
0.017 -0.021 0.055
0.017 -0.023 0.059
-0.001 -0.039 0.069
-0.001 -0.041 0.069
-0.005 -0.041 0.077
-0.009 -0.035 0.083
-0.005 -0.033 0.083
-0.001 -0.029 0.065
-0.001 -0.031 0.065
0.009 -0.023 0.067
0.005 -0.023 0.071
-0.007 -0.015 0.073
-0.003 -0.013 0.079
-0.005 -0.033 0.083
-0.011 -0.027 0.093
-0.001 -0.005 0.081
-0.011 -0.009 0.093
0.013 -0.041 0.035
0.015 -0.043 0.043
0.011 -0.047 0.045
0.013 -0.037 0.049
0.015 -0.039 0.047
0.009 -0.041 0.057
0.007 -0.039 0.057
0.015 -0.031 0.039
0.015 -0.019 0.039
0.017 -0.025 0.049
0.013 -0.015 0.037
0.013 -0.015 0.033
0.013 -0.013 0.037
0.013 -0.013 0.037
0.015 -0.007 0.037
0.019 -0.023 0.051
0.013 -0.027 0.061
0.019 -0.023 0.051
0.011 0.007 0.033
0.007 0.005 0.035
0.021 0.025 0.035
-0.001 0.001 0.047
-0.003 0.007 0.035
-0.005 0.009 0.033
0.009 0.011 0.047
0.001 0.001 0.063
0.019 0.027 0.043
0.015 0.023 0.045
0.023 0.033 0.043
0.015 0.027 0.047
0.021 0.031 0.043
0.013 0.039 0.045
0.001 0.003 0.071
-0.001 0.023 0.071
-0.003 0.019 0.073
-0.001 -0.001 0.081
-0.003 0.011 0.087
-0.003 0.013 0.095
-0.003 0.009 0.089
0.001 0.023 0.085
0.001 0.035 0.075
0.003 0.029 0.085
0.005 0.033 0.095
0.005 0.035 0.093
-0.003 0.053 0.095
0.009 0.051 0.089
-0.023 0.013 0.097
-0.007 0.007 0.097
-0.015 0.007 0.111
0.001 0.021 0.097
-0.001 0.017 0.099
-0.003 0.013 0.099
-0.001 0.015 0.103
0.001 0.027 0.101
0.011 0.009 0.043
0.011 0.013 0.041
0.007 0.025 0.033
0.019 0.023 0.035
0.015 0.023 0.045
0.005 0.009 0.055
0.005 0.013 0.053
0.005 0.027 0.057
0.023 0.035 0.039
0.023 0.035 0.039
0.017 0.029 0.047
0.019 0.037 0.043
0.023 0.033 0.037
0.009 0.037 0.055
0.007 0.033 0.059
0.007 0.043 0.061
0.005 0.045 0.061
0.003 0.029 0.067
0.007 0.037 0.085
0.007 0.039 0.087
0.013 0.049 0.085
0.013 0.049 0.083
0.011 0.053 0.089
0.009 0.047 0.097
0.009 0.049 0.099
0.009 0.049 0.101
-0.013 -0.011 0.033
-0.009 -0.039 0.037
-0.005 -0.039 0.043
-0.015 -0.035 0.063
-0.019 -0.031 0.065
-0.027 -0.019 0.039
-0.027 -0.017 0.041
-0.025 -0.025 0.037
-0.027 -0.017 0.037
-0.017 -0.031 0.041
-0.023 -0.011 0.041
-0.019 -0.013 0.047
-0.013 -0.009 0.039
-0.013 -0.007 0.043
-0.019 -0.025 0.053
-0.021 -0.023 0.051
-0.019 -0.013 0.055
-0.017 0.001 0.053
-0.019 -0.001 0.063
-0.007 -0.053 0.075
-0.011 -0.047 0.077
-0.017 -0.035 0.067
-0.011 -0.039 0.069
-0.019 -0.033 0.073
-0.011 -0.039 0.079
-0.011 -0.043 0.083
-0.017 -0.031 0.083
-0.019 -0.023 0.067
-0.021 -0.001 0.073
-0.019 -0.013 0.075
-0.021 -0.005 0.081
-0.019 -0.031 0.081
-0.017 -0.017 0.091
-0.017 -0.019 0.091
-0.015 0.001 0.085
-0.017 -0.011 0.091
-0.013 -0.013 0.095
-0.017 -0.007 0.089
-0.001 -0.047 0.049
-0.001 -0.047 0.047
0.001 -0.041 0.047
-0.001 -0.041 0.045
0.001 -0.041 0.047
0.003 -0.033 0.049
-0.001 -0.047 0.051
-0.003 -0.039 0.057
-0.021 -0.023 0.043
-0.021 -0.021 0.049
-0.021 -0.019 0.051
-0.017 -0.009 0.043
0.001 -0.005 0.035
0.003 -0.005 0.039
-0.017 -0.019 0.067
-0.017 -0.017 0.063
-0.017 -0.017 0.075
-0.023 0.025 0.033
-0.017 0.005 0.045
-0.023 0.025 0.037
-0.017 0.021 0.045
-0.019 0.007 0.057
-0.019 0.005 0.061
-0.019 0.005 0.063
-0.017 0.015 0.057
-0.017 0.013 0.061
-0.013 0.019 0.055
-0.013 0.027 0.053
-0.011 0.025 0.063
-0.017 0.047 0.041
-0.021 0.033 0.037
-0.021 0.041 0.037
-0.021 0.041 0.037
-0.017 0.043 0.051
-0.007 0.051 0.053
-0.021 0.003 0.065
-0.015 0.009 0.071
-0.017 0.005 0.077
-0.011 0.013 0.073
-0.013 0.015 0.077
-0.013 0.015 0.077
-0.017 0.023 0.075
-0.017 0.023 0.075
-0.017 0.021 0.077
-0.015 0.029 0.075
-0.025 0.015 0.089
-0.025 0.015 0.089
-0.007 0.005 0.095
-0.015 0.013 0.089
-0.025 0.017 0.087
-0.011 0.041 0.069
-0.013 0.035 0.077
-0.013 0.039 0.085
-0.015 0.035 0.085
-0.011 0.043 0.087
-0.009 0.045 0.087
-0.015 0.037 0.089
-0.011 0.045 0.091
-0.005 0.049 0.081
-0.007 0.007 0.103
-0.025 0.017 0.097
-0.023 0.021 0.101
-0.021 0.029 0.103
-0.015 0.019 0.107
-0.021 0.027 0.105
-0.011 0.027 0.109
-0.021 0.027 0.105
-0.011 0.037 0.105
-0.005 0.059 0.101
-0.017 0.007 0.043
-0.019 0.009 0.049
-0.023 0.021 0.041
-0.015 0.029 0.051
-0.017 0.015 0.057
-0.017 0.047 0.041
-0.021 0.035 0.051
-0.013 0.039 0.063
-0.019 0.005 0.069
-0.019 0.003 0.073
-0.015 0.031 0.079
-0.017 0.031 0.085
-0.015 0.035 0.087
-0.009 0.045 0.085
-0.017 0.033 0.093
-0.015 0.037 0.097
-0.003 0.057 0.087
-0.015 0.037 0.103
-0.011 0.043 0.099
-0.001 0.047 0.105
-0.005 0.051 0.101
-0.007 0.049 0.099
-0.005 0.053 0.101
-0.011 -0.031 0.045
-0.007 -0.043 0.035
-0.005 -0.041 0.039
-0.003 -0.043 0.041
-0.011 -0.035 0.039
-0.007 -0.041 0.037
-0.005 -0.047 0.063
-0.019 -0.031 0.039
-0.019 -0.031 0.039
-0.017 -0.029 0.047
-0.021 -0.025 0.045
-0.021 -0.025 0.049
-0.021 -0.025 0.049
-0.015 -0.035 0.037
-0.009 -0.039 0.037
-0.015 -0.031 0.043
-0.021 -0.025 0.047
-0.009 -0.029 0.045
-0.011 -0.029 0.047
-0.011 -0.027 0.049
-0.007 -0.047 0.065
-0.005 -0.055 0.075
-0.007 -0.055 0.075
-0.017 -0.029 0.055
-0.019 -0.027 0.057
-0.019 -0.033 0.071
-0.003 -0.047 0.067
-0.001 -0.031 0.067
-0.011 -0.049 0.081
-0.013 -0.037 0.081
-0.009 -0.045 0.067
-0.005 -0.047 0.067
-0.001 -0.043 0.069
-0.005 -0.057 0.081
-0.011 -0.045 0.083
-0.007 -0.045 0.087
-0.021 -0.021 0.087
-0.013 -0.035 0.085
-0.005 -0.029 0.087
-0.001 -0.023 0.085
-0.001 -0.021 0.085
-0.009 -0.035 0.085
-0.007 -0.029 0.087
-0.001 -0.027 0.083
-0.013 -0.033 0.089
-0.015 -0.021 0.093
-0.021 -0.019 0.087
-0.017 -0.015 0.091
-0.015 -0.017 0.093
0.005 -0.047 0.041
0.009 -0.047 0.043
0.009 -0.047 0.055
0.007 -0.047 0.059
0.007 -0.049 0.057
0.003 -0.047 0.063
0.009 -0.049 0.053
0.007 -0.049 0.057
0.007 -0.047 0.059
0.007 -0.047 0.059
0.003 -0.043 0.065
0.013 -0.029 0.053
0.007 -0.025 0.063
0.017 -0.027 0.053
-0.001 -0.045 0.069
-0.009 -0.037 0.063
-0.005 -0.057 0.079
-0.023 0.015 0.033
-0.023 0.013 0.039
-0.025 0.017 0.033
-0.017 -0.033 0.081
-0.017 -0.035 0.073
-0.005 -0.055 0.085
-0.011 -0.033 0.089
-0.009 -0.031 0.089
-0.015 -0.033 0.085
-0.017 -0.035 0.079
-0.019 -0.031 0.081
-0.011 -0.043 0.083
-0.009 -0.035 0.085
-0.015 -0.033 0.085
-0.007 -0.027 0.089
-0.017 -0.027 0.089
-0.021 -0.023 0.083
-0.019 -0.025 0.087
-0.013 -0.023 0.095
-0.011 -0.031 0.091
-0.011 -0.027 0.093
-0.013 -0.025 0.093
-0.013 -0.023 0.095
-0.017 -0.021 0.091
-0.011 -0.019 0.095
-0.005 -0.021 0.091
-0.013 -0.009 0.095
-0.005 0.007 0.089
-0.005 0.007 0.089
-0.013 0.013 0.095
-0.019 0.017 0.089
-0.019 0.017 0.097
-0.001 0.015 0.095
-0.011 -0.013 0.095
-0.011 -0.019 0.095
-0.009 -0.007 0.091
-0.001 0.021 0.077
-0.007 0.007 0.089
-0.015 0.007 0.107
-0.011 0.017 0.103
-0.005 0.019 0.103
-0.003 0.013 0.103
-0.025 0.013 0.101
-0.003 0.009 0.101
-0.003 0.013 0.103
-0.017 0.005 0.113
-0.013 0.009 0.107
-0.011 0.015 0.105
-0.015 0.005 0.111
-0.009 0.019 0.107
-0.013 0.021 0.111
-0.009 0.021 0.109
-0.001 0.019 0.109
-0.013 0.021 0.111
0.009 -0.025 0.065
0.001 -0.043 0.067
0.011 -0.029 0.059
0.005 -0.025 0.063
0.007 -0.025 0.065
0.009 -0.023 0.067
0.005 -0.025 0.069
0.021 0.027 0.037
0.017 0.023 0.043
0.019 0.027 0.045
0.007 0.027 0.055
0.005 0.029 0.059
0.003 0.005 0.059
0.021 0.029 0.039
0.009 0.031 0.057
0.007 0.033 0.061
0.005 0.031 0.065
0.003 0.027 0.067
0.001 0.023 0.077
0.001 0.021 0.087
0.005 0.031 0.087
0.007 0.035 0.087
0.005 0.033 0.089
0.003 0.027 0.099
0.007 0.035 0.097
0.013 0.053 0.085
-0.001 0.015 0.103
0.001 0.031 0.105
