-0.023 0.027 0.107
-0.023 0.027 0.107
-0.017 0.025 0.105
-0.019 0.031 0.103
-0.021 0.031 0.103
-0.019 0.033 0.101
-0.015 0.003 0.085
-0.015 0.017 0.105
-0.015 0.017 0.103
-0.015 0.007 0.111
-0.015 0.013 0.111
-0.015 0.005 0.113
-0.017 0.005 0.113
-0.011 -0.013 0.095
-0.017 0.011 0.111
-0.017 0.011 0.111
-0.021 -0.015 0.053
-0.027 -0.017 0.041
-0.029 -0.019 0.035
-0.027 -0.015 0.041
-0.023 -0.013 0.045
-0.023 -0.017 0.045
-0.021 -0.019 0.051
-0.027 -0.019 0.041
-0.023 -0.017 0.045
-0.023 0.025 0.101
-0.023 0.023 0.097
-0.023 0.023 0.091
-0.019 0.005 0.065
-0.017 0.033 0.103
-0.019 0.033 0.101
-0.017 0.033 0.097
-0.023 0.025 0.109
-0.019 0.025 0.107
-0.021 0.025 0.109
-0.019 0.025 0.107
-0.015 0.023 0.107
-0.019 0.003 0.057
-0.019 0.001 0.059
-0.025 -0.015 0.045
-0.021 -0.013 0.045
-0.021 -0.011 0.043
-0.021 0.001 0.065
-0.017 0.037 0.095
-0.015 0.035 0.103
-0.019 0.029 0.091
-0.019 0.031 0.097
-0.021 -0.011 0.083
-0.021 -0.023 0.063
-0.027 0.013 0.095
-0.017 -0.001 0.087
-0.023 0.015 0.103
-0.015 0.019 0.101
-0.017 0.015 0.107
-0.013 0.027 0.107
-0.013 0.027 0.107
-0.015 0.015 0.109
-0.025 0.019 0.101
-0.021 0.031 0.103
-0.013 0.031 0.105
-0.021 0.027 0.093
-0.021 0.027 0.089
-0.013 0.037 0.103
-0.023 0.027 0.107
-0.017 0.027 0.105
-0.021 0.031 0.103
-0.011 -0.045 0.083
-0.007 -0.043 0.087
-0.019 0.003 0.113
-0.015 0.007 0.111
-0.015 0.005 0.113
-0.015 -0.021 0.093
-0.009 -0.049 0.085
-0.007 -0.041 0.087
-0.011 -0.027 0.093
-0.007 -0.027 0.089
-0.021 -0.009 0.083
-0.021 -0.025 0.073
-0.025 0.013 0.103
-0.021 -0.021 0.087
-0.021 -0.011 0.087
-0.021 -0.015 0.087
-0.019 -0.007 0.087
-0.007 -0.009 0.091
-0.007 -0.009 0.091
-0.019 -0.001 0.085
-0.015 0.017 0.109
-0.005 -0.015 0.091
-0.017 -0.005 0.089
-0.011 0.013 0.109
-0.005 -0.007 0.089
-0.023 0.019 0.103
-0.023 0.025 0.101
-0.025 0.019 0.101
-0.023 0.025 0.109
-0.023 0.015 0.103
-0.025 0.015 0.103
-0.025 0.017 0.103
-0.025 0.017 0.103
-0.015 0.001 0.087
-0.013 0.025 0.109
-0.013 0.023 0.115
-0.019 -0.019 0.089
-0.017 -0.023 0.091
-0.001 -0.021 0.085
-0.011 -0.023 0.095
-0.007 -0.023 0.091
-0.019 0.003 0.113
-0.011 -0.017 0.095
-0.005 -0.021 0.091
-0.019 -0.013 0.089
-0.019 -0.005 0.087
-0.019 -0.013 0.089
-0.005 0.009 0.103
-0.007 0.007 0.103
-0.001 -0.011 0.085
-0.011 0.021 0.115
-0.011 0.023 0.113
-0.009 -0.015 0.093
-0.015 0.005 0.113
-0.017 0.015 0.109
-0.015 0.013 0.111
-0.007 -0.007 0.091
-0.011 0.027 0.107
-0.011 0.031 0.105
-0.015 0.023 0.107
-0.013 0.023 0.115
-0.007 0.011 0.101
-0.005 0.015 0.103
-0.003 0.019 0.109
-0.011 0.027 0.107
-0.007 0.025 0.107
-0.007 0.027 0.105
-0.005 0.025 0.105
-0.003 0.025 0.105
-0.003 0.021 0.107
-0.013 0.019 0.109
-0.003 0.023 0.105
-0.003 0.019 0.109
-0.003 0.019 0.109
0.007 -0.041 0.061
-0.011 0.023 0.113
-0.005 0.011 0.103
-0.007 0.007 0.103
-0.005 0.011 0.103
-0.007 -0.009 0.091
-0.013 0.031 0.105
-0.007 0.029 0.105
-0.009 0.035 0.105
-0.005 0.029 0.105
-0.009 0.035 0.105
-0.007 0.035 0.105
-0.007 0.033 0.105
-0.007 0.037 0.105
-0.013 0.025 0.111
-0.009 0.025 0.109
-0.005 0.025 0.105
-0.005 0.023 0.105
-0.007 0.025 0.107
-0.007 0.029 0.105
-0.005 0.031 0.105
-0.005 0.031 0.105
-0.003 0.031 0.105
-0.005 0.029 0.105
-0.003 0.031 0.105
-0.015 0.039 0.101
-0.013 0.041 0.103
-0.013 0.039 0.103
-0.011 0.041 0.103
-0.007 0.043 0.103
-0.003 0.045 0.103
-0.003 0.043 0.103
-0.013 0.041 0.097
-0.013 0.043 0.101
-0.009 0.043 0.101
-0.009 0.037 0.105
-0.001 0.021 0.107
-0.003 0.021 0.107
-0.009 0.027 0.107
-0.007 0.025 0.107
-0.009 0.027 0.107
-0.003 0.027 0.105
-0.001 0.023 0.107
-0.003 0.023 0.105
-0.005 0.017 0.107
-0.003 0.019 0.107
-0.003 0.017 0.109
0.015 -0.025 0.061
-0.005 0.017 0.103
-0.005 0.015 0.103
-0.003 0.019 0.107
-0.001 0.023 0.107
-0.001 0.019 0.109
0.019 -0.021 0.051
-0.009 0.031 0.105
-0.011 0.035 0.105
-0.003 -0.019 0.089
-0.003 0.009 0.101
-0.003 0.017 0.109
-0.013 0.031 0.055
-0.011 0.039 0.073
-0.023 0.025 0.039
-0.015 0.033 0.053
-0.017 0.039 0.055
-0.015 0.039 0.057
-0.013 0.043 0.059
-0.015 0.043 0.055
-0.013 0.047 0.049
-0.019 0.019 0.043
-0.017 0.021 0.043
-0.017 0.015 0.055
-0.015 0.037 0.085
-0.015 0.023 0.051
-0.015 0.023 0.051
-0.017 0.027 0.075
-0.019 0.027 0.083
-0.015 0.039 0.097
-0.019 0.029 0.049
-0.023 0.029 0.037
-0.021 0.039 0.051
-0.021 0.039 0.047
-0.023 0.021 0.041
-0.021 0.035 0.051
-0.019 0.031 0.051
-0.015 0.029 0.051
-0.007 0.047 0.065
-0.009 0.049 0.059
-0.021 0.023 0.085
-0.019 0.015 0.053
-0.019 0.015 0.053
-0.017 0.017 0.055
-0.019 0.007 0.067
-0.019 0.009 0.067
-0.019 0.009 0.067
-0.019 0.011 0.059
-0.017 0.013 0.059
-0.019 0.009 0.065
-0.017 0.027 0.077
-0.011 0.043 0.103
-0.011 0.043 0.101
-0.017 0.029 0.051
-0.017 0.029 0.051
-0.015 0.031 0.073
-0.015 0.033 0.073
-0.013 0.033 0.061
-0.013 0.043 0.093
-0.013 0.043 0.093
-0.013 0.037 0.073
-0.021 0.037 0.039
-0.019 0.041 0.045
-0.019 0.045 0.039
-0.023 0.047 0.039
-0.021 0.045 0.039
-0.019 0.041 0.051
-0.021 0.037 0.051
-0.021 0.035 0.051
-0.017 0.043 0.047
-0.015 0.045 0.051
-0.011 0.047 0.051
-0.017 0.053 0.035
-0.017 0.051 0.039
-0.013 0.051 0.037
-0.015 0.051 0.039
-0.003 0.051 0.047
-0.001 0.051 0.045
-0.005 0.051 0.047
-0.019 0.037 0.053
-0.013 0.041 0.063
-0.015 0.041 0.057
-0.013 0.045 0.057
-0.013 0.041 0.065
-0.011 0.045 0.063
-0.005 0.051 0.057
-0.009 0.049 0.059
-0.001 0.049 0.061
-0.003 0.049 0.063
-0.021 0.027 0.103
-0.019 0.031 0.095
-0.015 0.039 0.101
-0.011 0.037 0.105
-0.013 0.039 0.103
-0.009 0.029 0.105
-0.009 0.027 0.107
-0.013 0.029 0.105
-0.015 0.035 0.103
-0.013 0.035 0.105
-0.013 0.035 0.105
-0.017 0.027 0.077
-0.017 0.029 0.083
-0.011 0.043 0.103
-0.009 0.043 0.101
-0.015 0.037 0.085
-0.015 0.033 0.073
-0.015 0.037 0.085
-0.011 0.043 0.103
-0.009 0.043 0.103
-0.015 0.035 0.085
-0.023 0.025 0.109
-0.023 0.019 0.103
-0.017 0.027 0.105
-0.013 0.003 0.089
-0.019 0.031 0.103
-0.011 0.033 0.105
-0.011 0.031 0.105
-0.009 0.029 0.105
-0.007 0.031 0.105
-0.019 0.027 0.105
-0.005 0.027 0.105
-0.003 0.023 0.105
-0.021 0.029 0.097
-0.023 0.025 0.097
-0.021 0.027 0.093
-0.019 0.029 0.089
-0.017 0.031 0.085
-0.019 0.029 0.091
-0.017 0.031 0.091
-0.023 0.023 0.099
-0.021 0.029 0.105
-0.021 0.029 0.105
-0.023 0.025 0.097
-0.023 0.025 0.101
-0.021 0.027 0.099
-0.017 0.033 0.095
-0.009 0.033 0.105
-0.005 0.035 0.105
-0.017 0.037 0.095
-0.017 0.037 0.095
-0.005 0.043 0.103
-0.005 0.047 0.101
-0.007 0.043 0.103
-0.007 0.043 0.101
-0.005 0.041 0.105
-0.003 0.037 0.105
-0.005 0.057 0.081
-0.005 0.055 0.083
-0.005 0.053 0.085
-0.005 0.055 0.083
-0.013 0.045 0.093
-0.009 0.045 0.083
-0.009 0.053 0.095
-0.009 0.053 0.097
-0.009 0.049 0.097
-0.013 0.041 0.085
-0.011 0.043 0.083
-0.007 0.049 0.085
-0.007 0.055 0.097
-0.011 0.043 0.101
-0.011 0.043 0.103
-0.011 0.041 0.103
-0.007 0.043 0.103
-0.005 0.045 0.101
-0.009 0.039 0.105
-0.009 0.041 0.103
-0.009 0.043 0.101
-0.007 0.043 0.103
-0.013 0.045 0.093
-0.007 0.049 0.099
-0.007 0.047 0.099
-0.003 0.049 0.105
-0.005 0.053 0.087
-0.005 0.059 0.101
-0.009 0.051 0.097
-0.009 0.053 0.097
-0.005 0.057 0.103
-0.005 0.053 0.101
-0.025 0.013 0.103
-0.025 0.015 0.103
-0.023 0.019 0.103
-0.017 0.007 0.113
-0.015 0.021 0.107
-0.011 0.023 0.113
-0.005 0.017 0.107
-0.005 0.017 0.107
-0.005 0.017 0.103
-0.013 0.023 0.115
-0.015 0.013 0.111
-0.013 0.019 0.115
-0.021 0.025 0.109
-0.019 0.027 0.105
-0.011 0.027 0.109
-0.013 0.025 0.111
-0.009 0.025 0.111
-0.007 0.025 0.107
-0.001 0.025 0.105
-0.013 0.023 0.113
-0.003 0.019 0.109
-0.005 0.021 0.105
-0.013 0.027 0.107
-0.011 0.027 0.107
-0.013 0.031 0.105
-0.011 0.031 0.105
-0.005 0.025 0.105
-0.001 0.025 0.105
-0.005 0.029 0.105
-0.003 0.029 0.105
-0.013 0.023 0.115
-0.011 0.023 0.113
-0.017 0.033 0.103
-0.009 0.039 0.105
-0.009 0.043 0.103
-0.007 0.043 0.101
-0.003 0.051 0.105
-0.003 0.051 0.103
-0.001 0.047 0.105
-0.001 0.049 0.107
-0.009 0.049 0.097
-0.007 0.053 0.099
-0.003 0.053 0.103
-0.003 0.055 0.103
-0.005 0.057 0.103
-0.007 0.053 0.099
-0.005 0.059 0.101
-0.001 0.051 0.107
-0.001 0.049 0.107
-0.001 0.057 0.105
-0.007 0.055 0.099
-0.003 0.059 0.101
0.017 0.039 0.039
-0.009 0.051 0.097
-0.009 0.051 0.097
-0.005 0.053 0.101
-0.005 0.053 0.101
-0.005 0.057 0.103
-0.003 0.059 0.103
-0.003 0.055 0.103
-0.007 0.047 0.099
-0.009 0.053 0.097
-0.007 0.051 0.099
-0.005 0.051 0.081
0.001 0.057 0.091
-0.003 0.057 0.087
0.001 0.057 0.091
-0.001 0.057 0.089
-0.003 0.059 0.081
0.001 0.059 0.089
0.001 0.061 0.087
-0.003 0.059 0.085
0.001 0.057 0.091
0.003 0.059 0.093
0.019 0.037 0.043
0.003 0.061 0.091
0.005 0.061 0.087
0.019 0.033 0.045
0.003 0.059 0.093
0.003 0.059 0.093
-0.005 0.047 0.101
-0.005 0.047 0.101
-0.009 0.037 0.105
-0.005 0.057 0.103
-0.003 0.059 0.103
-0.007 0.055 0.097
-0.007 0.049 0.085
0.001 0.055 0.091
-0.005 0.059 0.101
-0.005 0.059 0.101
0.001 0.051 0.047
0.003 0.051 0.045
-0.001 0.051 0.045
-0.001 0.051 0.047
0.003 0.051 0.051
0.009 0.043 0.053
0.005 0.049 0.051
0.005 0.049 0.055
0.019 0.039 0.039
0.017 0.035 0.043
0.003 0.051 0.049
0.005 0.049 0.055
-0.001 0.061 0.083
-0.001 0.057 0.089
0.001 0.059 0.089
0.001 0.057 0.091
-0.003 0.061 0.083
-0.001 0.061 0.085
0.005 0.049 0.051
-0.005 0.051 0.101
-0.001 0.037 0.105
-0.003 0.059 0.099
-0.001 0.055 0.089
-0.005 0.059 0.101
-0.003 0.057 0.087
-0.003 0.057 0.087
-0.003 0.053 0.103
-0.001 0.049 0.107
0.001 0.051 0.107
0.005 0.053 0.091
0.003 0.055 0.105
0.009 0.051 0.089
0.001 0.043 0.101
-0.001 0.051 0.107
0.001 0.039 0.103
0.003 0.037 0.103
-0.001 0.049 0.107
0.001 0.055 0.091
0.003 0.059 0.093
0.005 0.061 0.093
0.009 0.057 0.089
0.001 0.061 0.087
0.007 0.057 0.093
0.001 0.025 0.105
-0.001 0.033 0.105
0.003 0.033 0.103
0.001 0.033 0.105
0.001 0.039 0.105
0.003 0.037 0.103
-0.001 0.051 0.107
-0.001 0.053 0.105
0.007 0.051 0.105
0.007 0.045 0.101
-0.001 0.053 0.105
-0.001 0.057 0.105
0.005 0.055 0.105
0.001 0.049 0.107
