-0.005 -0.049 0.087
-0.011 -0.037 0.083
-0.009 -0.033 0.087
-0.013 -0.029 0.091
-0.017 -0.035 0.069
-0.003 -0.023 0.087
-0.015 -0.031 0.087
-0.009 -0.053 0.081
-0.017 -0.035 0.075
-0.007 -0.053 0.085
-0.019 -0.023 0.089
-0.017 -0.025 0.089
-0.007 -0.027 0.089
-0.001 -0.043 0.069
0.015 -0.043 0.045
0.001 -0.049 0.061
0.001 -0.041 0.067
0.007 -0.025 0.049
0.003 -0.023 0.047
0.007 -0.025 0.065
0.003 -0.021 0.073
-0.021 0.029 0.047
-0.019 -0.015 0.089
-0.015 0.027 0.051
-0.015 -0.003 0.089
-0.011 0.005 0.087
-0.011 0.013 0.081
-0.003 0.009 0.093
-0.023 0.015 0.101
-0.003 0.017 0.105
-0.003 0.035 0.105
-0.003 0.037 0.105
-0.019 0.023 0.105
-0.015 0.019 0.109
0.015 0.007 0.035
0.005 0.007 0.055
0.001 -0.001 0.071
-0.003 0.011 0.101
-0.001 0.015 0.103
-0.001 0.023 0.107
0.003 0.035 0.103
0.001 0.019 0.107
-0.013 -0.037 0.033
-0.023 -0.021 0.043
-0.021 -0.021 0.057
-0.015 -0.005 0.063
-0.019 -0.019 0.065
-0.007 -0.053 0.075
-0.011 -0.041 0.071
-0.007 -0.049 0.087
-0.005 -0.053 0.087
-0.019 -0.023 0.067
-0.019 -0.033 0.077
-0.011 -0.031 0.091
-0.013 -0.027 0.093
-0.019 -0.005 0.087
-0.003 -0.047 0.061
-0.007 -0.047 0.065
-0.019 0.013 0.037
-0.021 0.011 0.041
-0.021 -0.015 0.047
-0.021 0.029 0.045
-0.019 0.009 0.057
-0.021 -0.001 0.067
-0.021 0.035 0.049
-0.013 0.037 0.065
-0.017 0.035 0.055
-0.013 -0.001 0.091
-0.015 0.013 0.091
-0.013 0.037 0.065
-0.015 0.031 0.073
-0.017 0.027 0.075
-0.023 0.015 0.089
-0.007 0.011 0.101
-0.025 0.013 0.103
-0.021 -0.015 0.047
-0.011 0.003 0.041
-0.021 -0.017 0.053
-0.021 -0.021 0.061
-0.021 -0.025 0.063
-0.021 -0.005 0.075
-0.019 0.005 0.075
-0.015 0.017 0.077
-0.013 0.011 0.081
-0.011 0.013 0.089
-0.025 0.013 0.097
-0.025 0.013 0.101
-0.025 0.015 0.101
-0.013 0.025 0.111
-0.001 0.049 0.107
-0.001 -0.041 0.031
-0.013 -0.037 0.037
0.011 -0.047 0.043
0.007 -0.049 0.049
0.009 -0.047 0.045
0.015 -0.033 0.041
0.015 -0.029 0.053
-0.001 -0.023 0.057
-0.003 -0.045 0.071
-0.005 -0.035 0.075
-0.005 -0.041 0.077
0.003 -0.049 0.047
0.015 -0.029 0.053
0.017 -0.025 0.049
0.001 0.005 0.063
0.005 0.009 0.055
0.003 0.007 0.059
0.011 0.005 0.039
0.007 0.029 0.057
-0.001 -0.005 0.079
0.001 0.027 0.077
-0.003 0.009 0.097
-0.021 0.015 0.097
-0.003 0.009 0.095
0.013 0.007 0.039
0.013 0.007 0.039
0.009 0.011 0.047
0.015 0.017 0.035
0.005 0.033 0.095
0.005 0.035 0.093
0.007 0.041 0.095
0.013 0.049 0.085
-0.003 -0.041 0.073
-0.009 -0.019 0.093
-0.011 -0.023 0.095
-0.001 -0.023 0.053
-0.009 -0.033 0.087
-0.013 -0.035 0.087
-0.007 -0.043 0.087
-0.005 -0.043 0.085
-0.013 -0.033 0.089
-0.001 -0.029 0.075
-0.001 -0.027 0.077
-0.001 -0.027 0.083
-0.019 -0.001 0.085
0.009 -0.027 0.063
0.015 -0.027 0.059
0.013 -0.025 0.061
0.015 -0.027 0.059
0.011 -0.019 0.061
-0.003 0.009 0.095
0.003 0.011 0.057
-0.007 0.007 0.103
-0.001 0.013 0.093
-0.001 0.015 0.097
0.001 0.031 0.105
0.003 0.035 0.103
-0.015 -0.001 0.087
-0.013 0.003 0.089
-0.003 0.001 0.083
-0.001 0.041 0.105
-0.011 0.015 0.109
-0.021 0.023 0.107
-0.011 0.039 0.103
0.003 0.005 0.055
0.003 0.031 0.073
0.001 0.025 0.079
0.013 0.049 0.085
-0.001 0.049 0.059
0.001 0.047 0.061
0.013 0.031 0.049
0.007 0.033 0.061
0.009 0.053 0.091
-0.003 -0.049 0.081
-0.001 -0.017 0.085
-0.001 -0.001 0.079
-0.003 -0.017 0.087
-0.003 -0.019 0.089
0.009 0.053 0.103
0.007 -0.013 0.039
0.013 -0.019 0.059
0.007 -0.021 0.065
-0.007 0.047 0.039
-0.007 0.049 0.059
-0.005 0.045 0.067
-0.007 0.047 0.065
-0.007 0.051 0.049
0.013 0.055 0.087
-0.007 0.045 0.069
-0.015 0.039 0.097
-0.003 0.059 0.099
-0.007 0.055 0.097
-0.011 0.041 0.071
0.005 0.063 0.093
0.023 0.037 0.041
0.005 0.043 0.065
0.013 0.039 0.035
0.003 0.047 0.037
0.005 0.061 0.091
0.009 0.057 0.089
0.009 0.045 0.101
0.013 -0.017 0.037
0.013 -0.015 0.037
0.015 -0.029 0.057
-0.003 -0.009 0.043
0.011 -0.017 0.049
-0.007 -0.007 0.043
-0.007 -0.039 0.077
-0.009 -0.015 0.065
-0.001 -0.029 0.073
-0.001 -0.005 0.075
-0.001 -0.001 0.077
-0.005 -0.007 0.089
0.009 -0.043 0.059
0.013 -0.015 0.037
0.011 -0.021 0.063
0.019 -0.021 0.051
0.007 -0.021 0.069
0.021 0.029 0.039
0.013 0.037 0.045
0.013 0.031 0.051
-0.001 0.049 0.039
0.007 0.045 0.059
-0.001 0.051 0.049
-0.003 0.017 0.077
-0.001 0.015 0.093
0.003 0.025 0.087
-0.003 0.041 0.073
-0.003 0.039 0.089
-0.001 0.019 0.097
-0.005 0.009 0.099
0.001 0.039 0.105
0.003 0.045 0.103
0.005 0.047 0.103
0.007 0.055 0.105
0.021 0.037 0.033
0.017 0.023 0.045
0.015 0.031 0.047
0.003 0.009 0.057
0.021 0.039 0.037
0.019 0.039 0.037
0.005 0.041 0.065
0.011 0.057 0.087
0.007 0.059 0.089
0.007 -0.045 0.037
0.017 -0.025 0.047
-0.005 -0.029 0.053
0.019 -0.021 0.051
-0.005 -0.001 0.049
-0.001 -0.029 0.067
0.009 -0.023 0.067
-0.005 -0.007 0.089
0.007 -0.039 0.031
0.019 -0.025 0.051
-0.001 0.005 0.037
0.007 0.017 0.049
-0.001 0.007 0.071
-0.001 0.007 0.073
-0.003 0.023 0.067
-0.005 0.003 0.083
-0.009 0.013 0.085
-0.003 0.011 0.089
-0.003 0.011 0.093
0.003 0.031 0.069
0.001 0.033 0.075
0.001 0.031 0.077
0.001 0.033 0.105
0.019 0.023 0.033
0.011 0.011 0.041
0.019 0.027 0.041
0.003 0.023 0.055
0.021 0.029 0.035
0.007 0.043 0.059
0.005 0.047 0.057
0.001 0.033 0.075
0.009 0.045 0.083
0.009 0.045 0.085
0.007 0.039 0.095
0.007 0.039 0.099
-0.019 -0.029 0.041
-0.025 -0.017 0.043
-0.017 -0.029 0.043
-0.013 -0.001 0.049
-0.013 -0.037 0.075
-0.017 -0.033 0.081
-0.015 -0.007 0.091
-0.001 -0.047 0.051
-0.001 -0.029 0.047
-0.019 -0.031 0.071
-0.025 0.019 0.033
-0.019 0.005 0.073
-0.013 0.011 0.071
-0.015 0.019 0.075
-0.007 0.009 0.089
-0.023 0.015 0.097
-0.013 0.037 0.073
-0.011 0.041 0.071
-0.019 0.005 0.111
-0.013 0.025 0.107
-0.013 0.001 0.045
-0.011 0.019 0.057
-0.019 0.011 0.059
-0.017 0.029 0.051
-0.021 0.035 0.043
-0.019 0.031 0.051
-0.013 0.027 0.053
-0.013 0.029 0.061
-0.025 0.017 0.101
-0.015 0.037 0.089
-0.017 0.033 0.093
-0.011 0.045 0.095
-0.011 0.043 0.095
0.001 0.059 0.089
-0.011 0.039 0.103
-0.001 0.037 0.105
-0.011 -0.039 0.031
-0.007 -0.043 0.035
-0.005 -0.039 0.059
-0.021 -0.019 0.047
-0.025 -0.025 0.039
-0.017 -0.027 0.053
-0.021 -0.021 0.061
-0.011 -0.039 0.073
-0.009 -0.043 0.085
-0.013 -0.033 0.089
-0.019 -0.017 0.077
-0.019 -0.009 0.073
-0.027 -0.021 0.039
-0.001 -0.041 0.053
-0.019 -0.021 0.051
-0.021 -0.017 0.055
-0.015 0.007 0.039
-0.011 0.003 0.041
-0.017 0.027 0.049
-0.019 0.039 0.045
-0.019 0.003 0.079
-0.017 0.021 0.079
-0.007 0.009 0.087
-0.021 0.025 0.087
-0.023 0.023 0.095
-0.013 0.039 0.089
-0.013 0.037 0.091
-0.005 0.055 0.081
-0.019 0.003 0.061
-0.011 0.049 0.049
-0.017 0.037 0.095
-0.015 0.039 0.099
-0.001 -0.043 0.033
0.001 -0.049 0.053
-0.001 -0.049 0.055
-0.003 -0.047 0.061
0.001 -0.049 0.061
-0.007 -0.055 0.079
-0.017 -0.029 0.087
0.007 -0.049 0.057
0.001 -0.045 0.039
-0.001 -0.047 0.047
0.009 -0.047 0.057
0.001 -0.047 0.063
0.001 -0.049 0.055
0.015 -0.043 0.043
0.005 -0.049 0.059
-0.003 -0.033 0.077
-0.003 -0.005 0.065
0.003 -0.023 0.069
-0.005 0.009 0.091
-0.005 -0.055 0.085
-0.003 0.019 0.081
-0.001 0.017 0.093
-0.005 0.009 0.091
-0.011 0.013 0.109
-0.021 0.017 0.099
-0.019 0.023 0.105
0.011 -0.047 0.045
0.015 -0.039 0.037
0.015 -0.029 0.053
0.007 0.039 0.095
0.005 0.031 0.097
-0.025 -0.025 0.039
-0.021 -0.007 0.077
-0.019 -0.019 0.061
-0.017 0.005 0.045
-0.017 -0.009 0.069
-0.023 0.027 0.033
-0.023 0.049 0.037
-0.021 0.025 0.041
-0.021 0.035 0.039
-0.019 0.003 0.057
-0.009 0.023 0.055
-0.017 0.043 0.053
-0.025 0.019 0.093
-0.021 0.025 0.105
-0.013 0.027 0.107
-0.005 0.045 0.101
-0.005 0.047 0.101
-0.007 0.055 0.099
-0.021 0.035 0.039
-0.011 0.047 0.051
-0.013 0.039 0.061
-0.003 0.051 0.053
0.003 0.059 0.089
-0.003 0.055 0.089
-0.015 0.039 0.099
-0.007 0.043 0.101
0.005 -0.007 0.039
0.003 0.007 0.057
0.001 0.011 0.059
0.003 0.013 0.057
0.007 0.007 0.049
-0.003 0.011 0.069
-0.005 -0.051 0.075
-0.001 -0.023 0.075
0.003 -0.021 0.073
-0.005 -0.041 0.079
-0.003 0.001 0.083
-0.001 -0.009 0.079
-0.011 -0.009 0.095
-0.011 -0.023 0.095
-0.003 -0.019 0.089
0.015 -0.035 0.045
0.007 -0.003 0.039
0.013 -0.005 0.039
0.005 0.049 0.051
0.007 0.043 0.061
0.007 0.035 0.063
0.009 0.033 0.057
0.011 0.019 0.049
0.011 0.039 0.047
-0.009 0.049 0.055
0.009 0.045 0.043
-0.003 0.051 0.043
0.011 0.049 0.087
0.003 0.029 0.073
-0.001 0.015 0.093
-0.005 0.003 0.083
0.005 0.031 0.095
0.005 0.045 0.089
0.013 0.055 0.085
-0.005 0.043 0.089
0.007 0.053 0.101
0.005 0.061 0.091
-0.017 0.027 0.105
-0.009 0.027 0.107
-0.009 0.023 0.109
-0.009 0.039 0.105
0.005 0.055 0.103
0.013 0.019 0.045
0.023 0.035 0.037
0.023 0.037 0.041
0.009 0.059 0.087
0.007 0.053 0.103
-0.015 0.017 0.103
-0.019 -0.011 0.049
-0.023 -0.013 0.045
-0.019 0.009 0.065
-0.013 0.031 0.105
-0.013 0.035 0.105
-0.009 -0.025 0.091
-0.013 0.025 0.111
-0.007 0.007 0.103
-0.015 0.039 0.101
-0.015 0.023 0.107
0.007 -0.039 0.059
-0.013 0.039 0.103
-0.005 0.017 0.103
-0.005 0.017 0.107
0.001 0.025 0.105
-0.013 0.043 0.093
-0.017 0.037 0.095
-0.013 0.035 0.071
-0.015 0.029 0.077
-0.015 0.041 0.057
-0.017 0.029 0.083
-0.009 0.049 0.097
-0.021 0.029 0.099
-0.011 0.047 0.095
-0.013 0.045 0.093
-0.009 0.045 0.085
-0.007 0.053 0.099
-0.015 0.019 0.109
-0.023 0.023 0.101
-0.013 0.021 0.109
-0.007 0.055 0.099
-0.005 0.057 0.103
0.007 0.063 0.093
-0.007 0.051 0.099
0.001 0.055 0.091
-0.003 0.045 0.103
-0.001 0.029 0.105
0.003 0.061 0.091
0.005 0.053 0.091
-0.023 -0.015 0.039
-0.021 0.001 0.075
-0.019 -0.021 0.077
-0.021 -0.001 0.075
-0.025 0.017 0.089
-0.015 -0.009 0.041
-0.019 0.007 0.051
-0.017 0.019 0.053
-0.021 0.001 0.063
-0.013 0.039 0.059
-0.017 0.043 0.053
-0.017 0.003 0.081
-0.017 0.033 0.093
-0.023 0.019 0.087
-0.007 0.041 0.073
-0.013 0.041 0.091
-0.009 0.053 0.095
-0.009 0.053 0.095
-0.005 0.051 0.093
-0.003 0.051 0.093
-0.025 0.021 0.097
-0.005 0.047 0.101
-0.009 0.039 0.105
-0.017 0.043 0.047
-0.019 0.041 0.049
-0.005 0.051 0.043
-0.011 0.049 0.053
0.003 0.047 0.037
-0.013 0.045 0.093
-0.003 0.043 0.071
-0.003 0.047 0.067
