64
8
8388608
1073741824
32
262144
16777216
1024
2048
4096
2147483648
65536
256
4
524288
2
268435456
67108864
4194304
1
16
134217728
1048576
8192
536870912
512
128
131072
32768
16384
2097152
33554432
8196
32896
268435520
1048704
536871040
8388736
516
129
268566528
132
201326592
301989888
1073741828
4224
2147483652
136
2180
2097668
2180
16900
4194848
2415921156
2453667840
4262016
8521220
133268
8522372
272763072
2156006020
2424441476
2160265872
2160200341
2160528020
2462199440
3101895296
2294493076
2294753950
3401789082
3368251038
2867015326
3938660030
4207099550
4207099614
