32768
32896
32900
34948
166020
166532
2147650180
2156038788
2156038804
2160233108
2160298644
2160306836
2160307860
2294525588
2294525590
2294525598
3368267422
3401821854
3401825950
3402088094
128
132
2180
8390788
8521860
8522372
2156006020
2156006036
2160200340
2160265876
2160274068
3234015892
3368233620
3368233628
3368233630
3368234654
3401789086
3938659998
3938664094
1048576
1048704
1114240
1116288
2148599936
2156988544
2156989056
2157120128
2157120144
2161314448
2161322640
3235064464
3369282192
3369282200
3369282202
3369283226
3402837658
3939708570
3939708574
3939712670
1024
1028
1540
8390148
8521220
8521348
8521364
2156005012
2156007060
2160201364
2160209556
2160275092
2294492820
2294492828
2296589980
2296589982
2330144414
2867015326
2867019422
2867281566
