67108864
64
262144
2147483648
33554432
512
131072
2097152
2
2048
256
65536
1073741824
16384
4096
8388608
536870912
134217728
1
268435456
16
524288
128
4194304
16777216
8
1024
1048576
8192
4
32768
32
268435464
2147491840
201326592
134217736
8256
150994944
2105344
2151677952
136
134225920
8224
12288
142606336
1032
136323072
134217738
402653192
134225936
134218760
401536
2155880480
2147627008
159392768
9053184
1182856
144712832
2147616940
2156094080
142785664
2156602020
2292327820
2160735884
2829264524
2363696270
2177578700
2297636558
2296588270
2295017454
2298162430
2379167470
2565582830
