2
10
134217738
134219786
134285322
134286346
142674954
142675082
142806154
142806158
2290289806
2290289822
2290298014
2294492318
2294492382
2295016670
2311793886
2311793918
2311794430
2311827198
256
134217984
134217992
134219016
134284552
134292744
134292872
142681480
142812552
144909704
144909708
2292393356
2292393358
2296587662
2296587726
2296588238
2296588270
2297112558
2297145326
16777216
150994944
150995968
159384576
159392768
159458304
159458432
159982720
160113792
160113796
2307597444
2307597452
2307597964
2311792268
2311792332
2311792334
2311792366
2311825134
268435456
268435464
402653192
402654216
402654220
402656268
402787340
411175948
411176076
413273228
2560756876
2560765068
2560765132
2564959436
2565024972
2565024974
2565025230
2565025262
2565549550
2565550062
2565582830
