-0.015 -0.011 0.039
-0.007 -0.013 0.039
-0.019 -0.013 0.049
-0.019 -0.015 0.047
-0.013 -0.007 0.049
-0.019 -0.011 0.053
0.059 -0.007 0.085
-0.023 -0.009 0.067
-0.019 -0.013 0.059
0.049 -0.009 0.097
-0.005 -0.013 0.039
-0.017 -0.015 0.035
-0.007 -0.009 0.039
0.043 -0.007 0.061
-0.015 -0.009 0.051
-0.015 -0.007 0.051
-0.005 -0.013 0.039
0.035 -0.009 0.057
0.039 -0.009 0.057
0.043 -0.007 0.061
-0.021 -0.017 0.049
-0.021 -0.017 0.053
-0.021 -0.015 0.053
-0.015 -0.009 0.051
-0.021 -0.011 0.063
-0.011 -0.005 0.049
0.051 -0.009 0.099
-0.021 -0.007 0.067
0.045 -0.009 0.045
0.049 -0.005 0.045
0.033 -0.019 0.045
0.031 -0.013 0.051
0.047 -0.007 0.053
0.045 -0.007 0.057
0.035 -0.011 0.053
0.045 -0.005 0.063
0.041 -0.009 0.055
0.039 -0.009 0.057
0.039 -0.013 0.039
0.051 -0.003 0.049
0.035 -0.011 0.055
0.033 -0.015 0.045
0.037 -0.005 0.069
0.035 -0.007 0.063
0.043 -0.003 0.067
0.041 -0.003 0.069
0.035 -0.011 0.055
0.039 -0.007 0.059
0.043 -0.005 0.065
0.039 -0.017 0.037
0.039 -0.017 0.039
0.039 -0.013 0.037
0.039 -0.011 0.037
0.045 -0.005 0.037
0.045 -0.007 0.039
0.035 -0.015 0.045
0.037 -0.011 0.049
0.037 -0.011 0.049
0.047 -0.007 0.043
0.045 -0.009 0.049
0.061 -0.005 0.091
0.061 -0.005 0.085
0.039 -0.003 0.071
0.061 -0.005 0.087
0.061 -0.005 0.091
0.043 -0.003 0.095
0.055 -0.003 0.105
0.053 -0.005 0.101
0.045 -0.003 0.067
0.061 -0.003 0.091
0.037 -0.005 0.089
0.059 -0.007 0.093
0.053 -0.007 0.099
0.059 -0.007 0.087
0.031 -0.001 0.105
0.055 -0.007 0.105
0.053 -0.007 0.103
0.055 -0.007 0.105
0.047 -0.003 0.105
0.055 -0.005 0.105
0.055 -0.003 0.105
0.051 -0.001 0.107
0.057 -0.001 0.105
0.043 -0.005 0.065
0.047 0.003 0.067
0.041 -0.001 0.071
0.043 0.001 0.071
0.061 -0.005 0.085
0.063 -0.007 0.093
0.039 -0.003 0.089
0.043 -0.003 0.089
0.041 -0.001 0.089
0.059 -0.003 0.093
0.043 0.001 0.089
0.051 0.003 0.093
0.043 -0.005 0.065
0.047 -0.003 0.063
0.045 0.005 0.067
0.041 -0.001 0.071
0.045 0.007 0.069
0.047 0.009 0.063
0.017 0.019 0.049
0.015 0.021 0.051
0.041 0.009 0.071
0.041 0.009 0.073
0.041 0.009 0.073
0.041 0.011 0.071
0.041 0.011 0.071
0.061 -0.005 0.087
0.061 -0.005 0.093
0.059 -0.005 0.089
0.039 -0.003 0.071
0.061 -0.003 0.087
0.055 0.005 0.083
0.059 -0.001 0.089
0.061 -0.001 0.087
0.039 0.009 0.075
0.057 0.003 0.087
0.045 0.009 0.085
0.039 0.011 0.073
0.055 -0.003 0.101
0.053 -0.007 0.099
0.055 -0.003 0.101
0.057 -0.001 0.103
0.059 0.001 0.101
0.051 0.001 0.107
0.043 0.007 0.101
0.043 0.007 0.103
0.021 -0.001 0.107
0.021 0.003 0.107
-0.047 0.005 0.089
0.043 0.007 0.087
0.055 -0.003 0.105
0.057 -0.005 0.093
0.053 0.009 0.095
0.053 0.009 0.095
0.053 0.009 0.097
0.037 0.015 0.085
0.041 0.015 0.093
0.035 0.015 0.087
0.037 -0.001 0.105
0.023 0.007 0.107
0.025 0.005 0.105
0.055 -0.003 0.105
0.055 0.001 0.105
0.027 0.007 0.105
0.041 0.005 0.105
0.041 0.013 0.103
0.037 0.013 0.103
0.035 0.013 0.105
0.033 0.011 0.105
0.051 0.001 0.049
0.049 0.009 0.045
0.047 -0.001 0.037
0.049 0.003 0.039
0.049 0.003 0.037
0.051 -0.003 0.053
0.049 -0.003 0.055
0.049 0.009 0.053
0.049 0.009 0.057
0.049 0.003 0.063
0.051 0.005 0.045
0.051 0.005 0.049
0.049 0.009 0.047
0.047 0.011 0.047
0.045 0.013 0.051
0.045 0.013 0.053
0.041 0.019 0.045
0.043 0.015 0.041
0.021 0.025 0.035
0.045 0.013 0.053
0.041 0.019 0.051
0.045 0.013 0.053
0.061 0.001 0.083
0.047 0.007 0.065
0.043 0.013 0.059
0.043 -0.001 0.069
0.045 0.007 0.069
0.059 0.003 0.081
0.047 0.007 0.065
0.045 0.011 0.065
0.047 0.009 0.037
0.049 0.011 0.039
0.049 0.011 0.039
0.045 0.013 0.045
0.051 0.013 0.037
0.043 0.019 0.041
0.039 0.021 0.049
0.043 0.013 0.059
0.045 0.013 0.057
0.049 0.011 0.051
0.045 0.011 0.063
0.045 0.011 0.065
0.045 0.011 0.065
0.041 0.015 0.057
0.061 0.001 0.085
0.051 0.007 0.083
0.035 0.013 0.077
0.059 -0.001 0.089
0.059 -0.003 0.093
0.041 0.013 0.085
0.031 0.015 0.077
0.057 0.001 0.105
0.043 0.007 0.101
0.057 -0.001 0.105
0.051 0.003 0.105
0.043 0.011 0.101
0.043 0.011 0.103
0.055 -0.003 0.103
0.025 0.023 0.097
0.041 0.013 0.095
0.027 0.021 0.095
0.031 0.019 0.095
0.027 0.021 0.093
0.039 0.015 0.095
0.035 0.017 0.097
0.037 0.013 0.071
0.053 0.005 0.085
0.057 0.001 0.089
0.041 0.013 0.085
0.045 0.009 0.087
0.057 0.005 0.099
0.059 0.001 0.103
0.035 0.001 0.105
0.051 -0.001 0.107
0.041 0.013 0.103
0.027 0.009 0.107
0.033 0.013 0.105
0.025 0.009 0.109
0.027 0.013 0.107
0.023 0.015 0.107
0.011 0.017 0.111
0.029 0.019 0.105
0.031 0.021 0.103
0.027 0.017 0.105
0.059 0.001 0.103
0.043 0.009 0.099
0.049 0.001 0.107
0.059 0.005 0.101
0.059 0.005 0.101
0.057 0.001 0.105
-0.039 0.011 0.035
-0.033 0.017 0.035
-0.045 -0.001 0.041
-0.043 0.001 0.037
-0.041 0.003 0.043
-0.039 0.001 0.043
-0.049 0.001 0.055
-0.047 0.001 0.051
-0.045 0.007 0.061
-0.045 0.007 0.063
-0.043 0.007 0.059
-0.039 0.003 0.057
-0.035 0.015 0.037
-0.035 0.015 0.037
-0.035 0.015 0.037
-0.033 0.001 0.045
-0.029 0.005 0.049
-0.027 0.009 0.049
-0.029 0.003 0.047
-0.029 0.005 0.049
-0.029 0.009 0.045
-0.029 0.013 0.047
-0.021 0.025 0.041
-0.021 0.023 0.043
-0.019 0.027 0.041
-0.019 0.027 0.039
-0.025 0.021 0.049
-0.029 0.017 0.055
-0.035 0.009 0.061
-0.045 0.007 0.067
-0.033 0.019 0.069
-0.033 0.019 0.073
-0.033 0.019 0.073
-0.011 0.017 0.073
0.007 -0.005 0.033
0.013 0.023 0.039
0.007 0.017 0.043
0.005 0.009 0.039
0.009 0.017 0.041
0.011 0.019 0.051
-0.003 0.013 0.055
-0.003 0.017 0.057
-0.005 0.017 0.063
-0.001 0.019 0.059
0.013 0.019 0.055
0.011 0.019 0.059
0.009 0.019 0.045
0.011 0.019 0.051
0.011 0.019 0.051
0.025 0.017 0.045
0.017 0.023 0.041
0.021 0.017 0.049
0.027 0.013 0.053
0.025 0.009 0.059
0.033 0.013 0.061
0.037 0.013 0.065
0.035 0.019 0.053
0.037 0.013 0.059
0.019 0.013 0.071
0.021 0.015 0.071
0.015 0.015 0.081
0.017 0.017 0.081
0.027 0.015 0.067
0.023 0.021 0.085
0.027 0.019 0.085
0.027 0.021 0.089
0.029 0.019 0.091
0.029 0.021 0.097
0.033 0.015 0.087
0.031 0.017 0.087
0.035 0.015 0.087
0.037 0.015 0.085
0.049 0.007 0.085
0.035 0.015 0.091
0.063 -0.005 0.093
0.015 0.015 0.099
0.025 0.023 0.101
0.031 0.021 0.103
0.037 0.015 0.103
0.039 0.015 0.101
-0.037 0.013 0.031
-0.021 0.013 0.031
-0.041 0.009 0.033
-0.035 0.015 0.035
-0.037 0.009 0.039
-0.035 0.015 0.033
-0.035 0.015 0.035
-0.047 0.005 0.059
-0.037 0.003 0.057
-0.035 0.013 0.063
-0.033 0.013 0.059
-0.035 0.011 0.061
-0.023 0.021 0.035
-0.025 0.025 0.039
-0.023 0.023 0.041
-0.023 0.029 0.037
-0.023 0.029 0.037
-0.017 0.027 0.041
-0.027 0.021 0.037
-0.027 0.023 0.037
-0.025 0.025 0.039
-0.017 0.029 0.033
-0.019 0.029 0.035
-0.027 0.019 0.047
-0.023 0.021 0.043
-0.021 0.023 0.043
-0.019 0.029 0.037
-0.013 0.027 0.039
-0.015 0.025 0.043
-0.017 0.021 0.047
-0.033 0.017 0.063
-0.003 0.009 0.055
-0.017 0.021 0.057
-0.001 0.015 0.051
-0.003 0.015 0.055
-0.023 0.021 0.061
-0.027 0.019 0.051
-0.025 0.019 0.053
-0.017 0.021 0.049
-0.023 0.021 0.055
-0.017 0.021 0.057
-0.013 0.019 0.049
-0.001 0.019 0.057
-0.049 0.011 0.079
-0.045 0.009 0.069
-0.045 0.011 0.071
-0.037 0.011 0.065
-0.043 0.013 0.075
-0.039 0.011 0.075
-0.053 0.005 0.087
-0.049 0.007 0.087
-0.037 0.013 0.081
-0.035 0.013 0.083
-0.035 0.013 0.085
-0.027 0.021 0.071
-0.021 0.019 0.069
-0.035 0.015 0.077
-0.011 0.013 0.069
-0.013 0.017 0.073
-0.021 0.019 0.067
-0.017 0.017 0.065
-0.007 0.015 0.065
-0.015 0.019 0.075
-0.021 0.019 0.069
-0.027 0.019 0.077
-0.025 0.021 0.077
-0.023 0.019 0.073
-0.001 0.021 0.067
-0.033 0.015 0.083
-0.031 0.017 0.083
-0.027 0.017 0.089
-0.025 0.017 0.089
-0.027 0.017 0.089
-0.023 0.017 0.091
-0.021 0.017 0.091
-0.025 0.021 0.083
-0.021 0.019 0.089
-0.013 0.019 0.089
-0.009 0.019 0.089
-0.001 0.013 0.091
-0.007 0.015 0.091
-0.031 0.019 0.081
-0.019 0.021 0.085
-0.013 0.021 0.083
-0.015 0.021 0.085
-0.011 0.021 0.087
-0.005 0.019 0.087
-0.003 0.019 0.085
-0.015 0.019 0.089
0.015 0.023 0.033
0.005 0.009 0.037
0.009 0.011 0.035
0.009 0.015 0.037
0.007 0.015 0.039
0.007 0.015 0.041
0.019 0.023 0.037
0.015 0.019 0.033
0.009 0.017 0.041
0.011 0.021 0.045
0.021 0.025 0.035
0.019 0.025 0.035
0.029 0.021 0.043
-0.003 0.011 0.053
0.001 0.015 0.049
0.001 0.021 0.065
0.019 0.015 0.055
0.025 0.015 0.051
0.025 0.015 0.051
0.029 0.011 0.055
0.009 0.019 0.059
0.009 0.019 0.059
0.031 0.013 0.059
0.003 0.019 0.053
0.001 0.019 0.057
0.009 0.019 0.061
0.029 0.023 0.037
0.041 0.021 0.037
0.041 0.017 0.043
0.037 0.019 0.043
0.037 0.019 0.043
0.047 0.017 0.041
0.045 0.011 0.063
0.045 0.013 0.057
0.041 0.019 0.053
0.043 0.017 0.051
0.037 0.021 0.051
-0.005 0.021 0.071
-0.001 0.021 0.071
-0.003 0.021 0.075
-0.003 0.021 0.079
0.003 0.019 0.079
0.021 0.011 0.067
0.031 0.015 0.069
0.015 0.013 0.073
0.019 0.017 0.077
0.005 0.019 0.071
0.001 0.019 0.079
0.019 0.017 0.079
0.027 0.017 0.077
0.027 0.017 0.079
-0.003 0.019 0.085
-0.001 0.017 0.087
0.013 0.015 0.085
0.013 0.015 0.095
0.015 0.015 0.095
0.013 0.015 0.089
0.011 0.015 0.093
0.025 0.021 0.087
0.021 0.023 0.089
0.023 0.023 0.095
0.029 0.019 0.095
0.027 0.021 0.095
0.037 0.013 0.067
0.045 0.011 0.065
0.025 0.017 0.079
0.027 0.017 0.079
0.035 0.013 0.073
0.025 0.021 0.087
0.039 0.013 0.087
0.039 0.013 0.085
0.025 0.023 0.097
0.033 0.017 0.089
0.047 0.007 0.085
0.055 0.003 0.089
0.009 0.007 0.101
0.005 0.019 0.111
0.009 0.017 0.107
0.015 0.015 0.105
0.013 0.017 0.107
0.017 0.013 0.103
0.017 0.009 0.101
0.017 0.005 0.103
0.011 0.017 0.107
0.009 0.017 0.109
0.023 0.015 0.105
0.019 0.015 0.109
0.013 0.025 0.101
0.011 0.017 0.109
0.019 0.025 0.097
0.017 0.023 0.099
0.025 0.023 0.097
0.025 0.023 0.097
0.027 0.021 0.101
0.019 0.025 0.099
0.025 0.023 0.109
0.033 0.017 0.097
0.037 0.015 0.099
0.041 0.013 0.099
0.027 0.021 0.105
0.027 0.021 0.105
0.051 0.001 0.107
