-0.041 -0.015 0.039
-0.035 -0.013 0.033
-0.045 -0.013 0.049
-0.039 -0.013 0.051
-0.021 -0.011 0.037
-0.023 -0.017 0.059
-0.023 -0.015 0.061
0.029 -0.021 0.037
0.021 -0.015 0.037
0.033 -0.023 0.043
0.039 -0.001 0.073
0.043 -0.009 0.083
0.039 -0.007 0.087
0.033 -0.003 0.091
0.049 -0.013 0.083
0.053 -0.013 0.085
-0.045 -0.013 0.045
-0.047 -0.011 0.053
-0.029 -0.015 0.055
-0.041 -0.003 0.065
-0.045 0.001 0.069
-0.043 -0.001 0.067
-0.035 0.003 0.071
-0.047 0.005 0.067
-0.001 -0.001 0.067
-0.025 0.001 0.077
-0.021 0.001 0.081
-0.025 0.011 0.093
-0.019 0.009 0.093
-0.031 0.005 0.085
-0.017 0.009 0.093
-0.005 0.005 0.059
0.017 -0.009 0.047
0.011 0.015 0.089
0.023 -0.001 0.075
0.031 -0.001 0.077
0.023 -0.001 0.099
0.045 -0.007 0.089
0.045 -0.005 0.089
0.013 0.011 0.109
0.037 -0.005 0.099
-0.031 -0.015 0.037
-0.041 -0.011 0.055
-0.021 -0.017 0.055
-0.023 -0.013 0.063
0.033 -0.023 0.043
0.049 -0.003 0.047
0.047 -0.001 0.063
0.041 -0.005 0.089
0.029 -0.005 0.097
0.055 -0.005 0.105
-0.015 -0.009 0.039
0.009 -0.015 0.035
-0.021 0.001 0.055
-0.017 0.003 0.055
-0.009 0.011 0.093
0.039 -0.007 0.033
0.047 0.003 0.035
0.049 -0.003 0.057
0.035 -0.005 0.099
0.047 -0.007 0.095
0.021 0.011 0.115
-0.049 -0.005 0.047
-0.047 -0.001 0.063
-0.025 -0.017 0.059
-0.027 -0.009 0.057
-0.027 -0.015 0.059
-0.025 -0.009 0.065
-0.027 -0.007 0.059
0.005 -0.009 0.037
0.029 -0.005 0.061
0.037 -0.009 0.057
0.037 -0.007 0.063
0.029 -0.005 0.097
0.033 -0.005 0.093
0.053 -0.011 0.089
0.035 -0.007 0.095
0.021 -0.001 0.099
0.037 -0.003 0.103
0.051 -0.007 0.105
0.049 -0.001 0.107
-0.043 0.007 0.035
-0.055 0.005 0.075
-0.049 0.003 0.059
-0.029 0.017 0.047
-0.017 0.025 0.045
-0.043 0.013 0.075
-0.003 0.001 0.059
-0.029 0.011 0.091
-0.053 0.007 0.085
-0.029 0.001 0.077
-0.031 0.017 0.083
-0.025 0.015 0.091
-0.011 0.003 0.089
-0.019 0.005 0.091
-0.011 0.011 0.095
-0.001 0.001 0.077
0.021 0.001 0.075
0.003 0.011 0.089
-0.017 0.015 0.093
0.015 0.001 0.097
0.015 0.001 0.097
0.013 0.003 0.103
0.005 0.015 0.111
0.033 0.005 0.105
0.039 0.003 0.105
-0.027 0.017 0.053
-0.017 0.025 0.045
-0.017 0.021 0.053
-0.007 0.005 0.041
0.035 0.013 0.061
0.037 0.013 0.061
0.025 0.011 0.053
0.043 0.013 0.057
0.055 0.001 0.089
0.043 0.011 0.099
-0.009 0.011 0.035
-0.009 0.013 0.037
-0.015 0.027 0.039
-0.025 0.021 0.043
-0.025 0.021 0.047
-0.029 0.017 0.059
-0.009 0.015 0.053
-0.003 0.019 0.065
-0.017 0.013 0.071
-0.003 0.019 0.067
-0.025 0.013 0.093
-0.031 0.017 0.085
-0.023 0.019 0.087
-0.021 0.021 0.087
0.025 0.023 0.035
0.011 0.021 0.045
0.013 0.021 0.043
0.027 0.013 0.063
0.001 0.021 0.063
0.011 0.017 0.063
0.009 0.015 0.073
0.003 0.021 0.067
0.025 0.021 0.087
0.017 0.025 0.093
0.039 0.013 0.081
0.021 0.025 0.099
0.021 0.015 0.103
0.029 0.021 0.097
0.037 0.015 0.103
-0.039 -0.005 0.059
-0.039 -0.009 0.055
-0.043 -0.007 0.061
-0.015 -0.009 0.049
-0.013 -0.009 0.047
-0.021 -0.017 0.055
-0.023 -0.017 0.057
0.023 -0.017 0.045
0.033 -0.017 0.045
0.045 -0.009 0.051
0.035 -0.011 0.055
0.033 -0.011 0.055
0.047 -0.007 0.055
-0.039 0.003 0.043
0.001 0.001 0.079
0.051 -0.007 0.105
0.039 -0.003 0.101
0.041 0.005 0.105
0.029 0.001 0.105
0.039 0.001 0.105
0.035 0.005 0.105
-0.041 0.009 0.083
-0.043 0.009 0.085
-0.023 0.001 0.083
-0.003 0.013 0.093
0.027 0.011 0.107
-0.025 0.005 0.089
-0.015 0.013 0.095
0.017 0.003 0.109
-0.013 0.015 0.093
0.049 0.009 0.059
0.045 0.015 0.051
0.049 0.007 0.059
0.051 -0.001 0.107
0.057 -0.001 0.105
0.057 0.001 0.105
0.051 0.007 0.099
0.051 -0.001 0.107
0.051 0.001 0.089
0.025 0.007 0.107
0.029 0.009 0.105
0.031 0.019 0.103
0.027 0.021 0.045
0.013 0.019 0.055
0.011 0.017 0.067
0.021 0.013 0.055
0.051 -0.001 0.045
0.049 0.011 0.095
0.045 -0.001 0.067
0.061 -0.003 0.087
0.051 0.005 0.087
0.047 -0.001 0.089
0.055 -0.003 0.101
0.059 0.003 0.099
0.001 0.021 0.063
0.001 0.021 0.069
0.013 0.021 0.049
-0.013 0.025 0.039
-0.013 0.023 0.043
-0.013 0.027 0.039
0.019 0.015 0.055
0.003 0.019 0.075
0.001 0.021 0.075
-0.019 0.017 0.067
-0.011 0.021 0.081
0.005 0.017 0.077
-0.001 0.021 0.075
-0.015 0.021 0.083
0.041 0.013 0.067
0.013 0.021 0.053
0.033 0.013 0.079
0.029 0.017 0.085
0.047 0.007 0.087
0.045 0.011 0.091
0.041 0.015 0.093
0.007 0.019 0.111
-0.033 -0.015 0.035
-0.023 -0.019 0.053
-0.019 -0.013 0.053
-0.003 -0.015 0.035
0.037 -0.023 0.041
0.037 -0.023 0.043
0.037 -0.021 0.041
-0.019 -0.013 0.053
-0.021 -0.013 0.059
-0.019 -0.009 0.057
0.037 -0.017 0.031
0.031 -0.011 0.053
0.035 -0.023 0.037
0.057 -0.013 0.085
0.055 -0.003 0.101
0.037 -0.023 0.041
0.039 -0.019 0.039
0.035 -0.023 0.043
-0.021 -0.007 0.061
-0.019 0.001 0.059
0.023 -0.013 0.049
-0.023 0.001 0.061
-0.015 0.003 0.053
0.009 -0.003 0.057
-0.021 0.001 0.067
-0.043 0.005 0.087
-0.015 0.001 0.081
-0.021 -0.003 0.069
-0.027 0.001 0.079
0.003 -0.001 0.071
0.025 -0.001 0.075
0.039 -0.005 0.089
0.045 0.009 0.035
0.043 -0.007 0.037
0.049 0.001 0.037
0.047 0.015 0.041
0.043 0.017 0.047
0.051 0.001 0.057
0.041 -0.005 0.067
0.007 0.003 0.073
0.053 -0.005 0.083
0.051 0.003 0.081
0.043 0.003 0.071
0.059 -0.005 0.089
0.051 0.003 0.095
0.055 -0.001 0.101
0.055 -0.005 0.103
0.059 0.001 0.101
0.059 0.001 0.103
0.055 0.001 0.097
-0.049 0.001 0.055
-0.049 0.005 0.087
-0.041 0.009 0.085
-0.025 -0.013 0.061
-0.027 -0.009 0.059
-0.017 0.011 0.095
-0.011 0.011 0.095
-0.009 0.013 0.095
-0.013 0.011 0.095
-0.013 0.011 0.095
0.031 -0.001 0.105
0.019 0.003 0.109
0.053 -0.005 0.105
-0.033 0.015 0.039
-0.049 0.011 0.079
-0.041 0.011 0.081
-0.035 0.011 0.061
-0.035 0.011 0.061
-0.025 0.021 0.063
-0.023 0.019 0.089
-0.035 0.017 0.073
-0.023 0.003 0.087
-0.017 0.019 0.089
0.025 0.011 0.053
-0.019 0.019 0.089
0.007 0.019 0.053
0.009 0.019 0.067
0.027 0.013 0.053
0.015 0.021 0.089
0.047 0.017 0.041
0.049 0.017 0.041
0.021 0.019 0.101
-0.003 0.007 0.089
0.011 0.013 0.087
-0.005 0.021 0.077
0.011 0.013 0.087
0.017 0.025 0.097
0.019 0.021 0.101
0.011 0.003 0.101
0.011 0.013 0.109
0.013 0.015 0.111
0.013 0.015 0.111
0.027 0.023 0.107
-0.037 -0.009 0.053
-0.029 -0.013 0.037
-0.025 -0.017 0.059
0.011 -0.011 0.041
0.019 -0.003 0.055
0.039 -0.007 0.033
0.047 -0.007 0.043
0.025 -0.001 0.079
0.027 -0.003 0.083
0.049 -0.011 0.087
0.047 -0.005 0.089
0.055 -0.013 0.087
0.055 -0.007 0.091
0.045 -0.009 0.101
0.055 -0.003 0.105
-0.005 -0.009 0.039
-0.013 -0.009 0.043
-0.017 0.001 0.053
-0.021 -0.005 0.063
-0.021 -0.009 0.065
-0.007 0.011 0.093
0.013 -0.011 0.043
0.033 -0.019 0.045
0.047 -0.003 0.063
0.003 0.003 0.079
0.027 -0.003 0.071
0.029 -0.003 0.087
0.037 -0.005 0.089
0.011 0.003 0.091
0.021 -0.001 0.097
0.043 -0.009 0.083
0.043 -0.007 0.099
0.051 -0.009 0.101
0.051 -0.009 0.103
0.057 -0.009 0.089
0.013 0.003 0.103
0.027 0.011 0.107
-0.033 -0.007 0.049
-0.021 -0.017 0.045
-0.033 -0.015 0.035
-0.025 -0.017 0.047
-0.013 -0.009 0.047
-0.001 -0.001 0.061
0.027 -0.019 0.045
0.005 -0.011 0.039
0.007 -0.011 0.043
0.025 -0.013 0.051
0.019 -0.007 0.051
0.033 -0.021 0.039
0.049 -0.005 0.045
0.031 -0.003 0.073
0.039 -0.005 0.065
0.041 -0.009 0.099
-0.041 -0.013 0.035
-0.035 -0.013 0.047
-0.011 -0.005 0.047
-0.035 -0.015 0.039
-0.027 -0.015 0.059
-0.005 0.007 0.057
-0.039 0.001 0.067
-0.035 0.003 0.071
-0.039 0.007 0.077
-0.021 -0.003 0.073
-0.003 0.001 0.077
-0.023 0.011 0.095
-0.017 0.001 0.083
0.015 -0.009 0.045
0.007 -0.011 0.041
0.025 -0.005 0.055
0.033 -0.021 0.041
0.023 -0.017 0.045
0.029 -0.019 0.045
0.029 -0.005 0.061
0.003 0.001 0.075
0.003 0.001 0.075
0.033 -0.005 0.087
0.015 0.001 0.101
0.015 0.001 0.101
0.031 -0.001 0.105
0.039 -0.003 0.101
-0.031 -0.013 0.033
-0.035 -0.013 0.047
-0.015 -0.013 0.035
0.007 -0.011 0.031
0.011 -0.015 0.035
0.007 -0.009 0.045
0.019 -0.015 0.035
0.031 -0.013 0.049
0.039 -0.019 0.035
0.045 -0.007 0.053
0.055 -0.011 0.089
-0.033 0.003 0.063
-0.023 -0.017 0.047
-0.009 -0.015 0.037
-0.025 -0.015 0.061
-0.001 -0.001 0.059
-0.003 0.003 0.057
-0.035 0.005 0.067
-0.019 0.003 0.065
-0.019 0.003 0.069
-0.021 0.001 0.071
-0.021 0.003 0.073
-0.013 0.003 0.077
0.001 -0.001 0.065
-0.019 0.001 0.081
-0.021 0.005 0.091
0.015 0.003 0.061
0.013 -0.005 0.051
0.019 -0.005 0.053
0.045 -0.005 0.037
0.045 -0.009 0.043
0.015 0.007 0.065
0.017 0.001 0.097
0.021 0.001 0.103
0.029 -0.003 0.099
0.047 -0.007 0.095
0.053 0.001 0.097
-0.049 -0.009 0.051
-0.049 -0.007 0.049
-0.045 0.001 0.051
-0.043 0.001 0.047
-0.029 0.005 0.051
-0.029 0.009 0.053
-0.043 0.013 0.075
-0.031 0.015 0.043
-0.025 0.019 0.055
-0.023 0.021 0.051
-0.019 0.021 0.047
-0.025 0.019 0.057
-0.005 0.017 0.065
0.017 0.011 0.103
0.017 0.015 0.099
-0.047 0.005 0.059
-0.033 0.013 0.041
-0.027 0.021 0.043
-0.003 0.019 0.061
-0.045 0.007 0.071
-0.037 0.013 0.067
-0.033 0.011 0.089
-0.033 0.013 0.089
-0.029 0.013 0.091
-0.021 0.023 0.043
0.003 0.017 0.047
0.021 0.023 0.037
0.017 0.025 0.035
-0.023 0.021 0.055
0.023 0.017 0.045
0.037 0.021 0.039
0.037 0.021 0.047
0.037 0.015 0.057
-0.025 0.021 0.083
-0.001 0.021 0.071
0.027 0.017 0.079
-0.015 0.021 0.087
0.013 0.027 0.095
0.025 0.015 0.073
0.015 0.023 0.089
0.005 0.019 0.111
0.019 0.025 0.099
0.021 0.025 0.099
-0.041 0.005 0.039
-0.045 0.001 0.049
-0.031 0.017 0.041
-0.037 0.009 0.063
-0.033 0.019 0.067
-0.023 0.019 0.053
0.007 0.011 0.037
-0.003 0.011 0.051
0.011 0.021 0.045
-0.005 0.015 0.061
0.011 0.021 0.047
0.015 0.021 0.045
0.027 0.021 0.043
0.043 0.011 0.085
0.033 0.017 0.091
-0.029 0.021 0.039
-0.023 0.025 0.039
-0.019 0.027 0.041
-0.027 0.017 0.053
-0.031 0.013 0.057
-0.021 0.021 0.053
-0.013 0.015 0.071
-0.011 0.017 0.071
-0.015 0.019 0.089
-0.015 0.019 0.089
0.007 0.009 0.035
0.007 0.017 0.043
0.013 0.021 0.053
0.021 0.009 0.057
0.033 0.021 0.039
-0.011 0.021 0.077
0.005 0.019 0.075
0.003 0.013 0.087
0.001 0.013 0.089
0.027 0.021 0.089
0.041 0.013 0.083
0.039 0.013 0.087
0.053 0.009 0.097
