-0.029 0.003 0.085
-0.035 0.005 0.079
-0.029 0.013 0.091
-0.015 0.011 0.093
-0.039 -0.005 0.059
-0.035 -0.009 0.051
-0.033 -0.013 0.047
-0.037 0.009 0.083
-0.041 -0.011 0.055
-0.045 -0.003 0.065
-0.039 -0.013 0.051
-0.043 0.007 0.087
-0.043 0.009 0.085
-0.035 0.009 0.085
-0.031 0.011 0.091
-0.043 -0.011 0.055
-0.045 -0.009 0.057
-0.039 -0.009 0.055
-0.039 0.005 0.073
-0.035 0.007 0.081
-0.039 0.001 0.065
-0.043 -0.007 0.061
-0.047 -0.007 0.059
-0.045 -0.003 0.065
-0.043 -0.007 0.061
-0.039 0.001 0.069
-0.021 -0.011 0.063
-0.025 0.003 0.087
-0.019 0.005 0.091
-0.019 -0.005 0.065
-0.019 0.001 0.085
-0.023 0.011 0.095
-0.019 0.013 0.095
-0.017 0.013 0.095
-0.029 -0.011 0.045
-0.025 -0.005 0.069
-0.029 -0.011 0.045
-0.027 0.003 0.087
-0.021 0.001 0.085
-0.017 -0.011 0.051
-0.021 0.001 0.085
-0.023 0.005 0.089
-0.025 0.011 0.093
-0.021 0.005 0.091
-0.003 -0.013 0.037
-0.007 0.003 0.087
-0.009 0.013 0.095
-0.013 0.013 0.095
-0.005 0.009 0.091
-0.005 0.013 0.093
-0.007 0.009 0.091
-0.015 0.003 0.089
-0.015 0.003 0.089
-0.011 0.011 0.095
-0.023 -0.013 0.063
-0.025 -0.005 0.069
-0.027 -0.009 0.063
-0.021 -0.003 0.073
-0.019 0.003 0.089
-0.021 -0.011 0.063
-0.023 0.001 0.085
-0.023 0.001 0.085
-0.015 0.005 0.091
-0.011 0.007 0.091
-0.025 -0.005 0.069
-0.021 0.003 0.089
0.007 0.005 0.103
0.007 0.007 0.093
0.013 0.007 0.101
0.015 0.015 0.109
0.019 0.013 0.109
0.025 -0.001 0.105
0.021 -0.001 0.107
0.005 -0.009 0.043
0.003 0.005 0.083
0.007 0.015 0.111
0.005 0.017 0.113
0.007 0.005 0.103
0.007 0.007 0.103
0.003 0.003 0.081
0.015 0.005 0.103
0.015 0.007 0.101
0.015 0.013 0.109
0.017 0.011 0.109
0.019 0.013 0.115
0.015 0.005 0.103
0.001 0.009 0.087
0.009 0.007 0.103
0.011 0.007 0.099
0.017 0.005 0.107
0.017 0.005 0.107
0.023 0.003 0.105
0.015 0.007 0.101
0.017 0.007 0.101
0.019 0.007 0.103
0.013 0.011 0.109
0.019 0.011 0.109
0.021 0.013 0.115
0.021 0.009 0.109
0.033 -0.021 0.045
0.035 -0.025 0.041
0.031 -0.003 0.103
0.029 0.011 0.105
0.033 0.011 0.105
0.027 0.001 0.105
0.029 0.003 0.105
0.029 0.003 0.105
0.029 0.005 0.105
0.037 0.009 0.105
0.037 0.007 0.105
0.039 0.011 0.103
0.043 0.013 0.101
0.031 0.003 0.105
0.037 0.007 0.105
0.039 0.007 0.105
0.035 0.007 0.105
0.039 0.007 0.105
0.039 0.009 0.105
0.027 0.003 0.105
0.031 0.005 0.105
0.037 0.007 0.105
0.041 0.007 0.105
0.041 0.009 0.103
0.005 0.007 0.101
0.005 0.001 0.075
0.001 0.003 0.083
0.025 0.007 0.107
0.021 0.005 0.105
0.023 0.005 0.105
0.025 0.003 0.105
0.035 0.001 0.105
0.039 0.001 0.105
0.043 -0.003 0.101
0.045 -0.001 0.103
0.037 -0.001 0.105
0.031 0.001 0.105
0.037 0.001 0.105
0.039 -0.001 0.105
0.043 -0.001 0.101
0.045 -0.001 0.103
0.043 -0.005 0.099
0.047 -0.003 0.105
0.047 -0.007 0.101
0.055 -0.003 0.105
0.055 -0.001 0.105
0.057 0.003 0.103
0.049 -0.003 0.107
0.059 0.001 0.103
0.059 -0.007 0.093
0.029 -0.003 0.101
0.047 -0.007 0.101
0.035 -0.003 0.103
0.043 -0.003 0.101
0.041 0.001 0.105
0.041 0.001 0.105
0.047 -0.003 0.105
0.035 -0.001 0.105
0.049 -0.009 0.101
0.049 -0.003 0.107
0.051 -0.001 0.107
-0.019 0.021 0.087
-0.039 0.011 0.075
-0.041 0.011 0.069
-0.029 0.017 0.087
-0.033 0.015 0.085
-0.039 0.011 0.081
-0.039 0.009 0.081
-0.041 0.009 0.085
-0.039 0.009 0.081
-0.045 0.009 0.085
-0.043 0.009 0.085
-0.041 0.011 0.081
-0.045 0.007 0.087
-0.041 0.009 0.083
-0.035 0.011 0.087
-0.031 0.013 0.091
-0.033 0.011 0.089
-0.031 0.015 0.087
-0.031 0.017 0.085
-0.027 0.015 0.089
-0.025 0.015 0.091
-0.029 0.019 0.061
-0.027 0.021 0.071
-0.025 0.021 0.073
-0.027 0.013 0.093
-0.029 0.017 0.087
-0.027 0.013 0.093
-0.025 0.013 0.093
-0.023 0.013 0.095
-0.027 0.021 0.075
-0.027 0.019 0.079
-0.025 0.021 0.083
-0.011 0.015 0.091
-0.011 0.019 0.089
-0.011 0.021 0.087
-0.015 0.021 0.079
-0.009 0.019 0.089
-0.009 0.021 0.083
-0.003 0.017 0.087
-0.029 0.019 0.041
-0.029 0.017 0.045
-0.025 0.021 0.043
-0.019 0.021 0.059
-0.023 0.023 0.041
-0.019 0.023 0.043
-0.017 0.025 0.043
-0.029 0.019 0.041
-0.025 0.021 0.073
-0.019 0.023 0.045
-0.019 0.021 0.059
-0.017 0.021 0.051
-0.017 0.023 0.045
-0.017 0.025 0.045
-0.011 0.019 0.053
-0.015 0.025 0.045
-0.015 0.025 0.043
-0.011 0.019 0.049
-0.025 0.015 0.091
-0.025 0.011 0.093
-0.021 0.013 0.095
-0.019 0.011 0.095
-0.025 0.019 0.087
-0.025 0.021 0.083
-0.027 0.011 0.093
-0.027 0.009 0.091
-0.021 0.011 0.095
-0.029 0.019 0.083
-0.011 0.013 0.095
-0.003 0.015 0.089
-0.001 0.011 0.091
-0.009 0.021 0.085
-0.005 0.015 0.089
-0.005 0.013 0.093
-0.013 0.019 0.089
-0.013 0.019 0.089
-0.027 0.021 0.075
-0.023 0.021 0.055
-0.023 0.021 0.063
-0.023 0.021 0.063
-0.021 0.021 0.061
-0.003 0.021 0.081
-0.001 0.021 0.077
-0.053 0.009 0.081
-0.051 0.009 0.083
-0.041 0.005 0.087
-0.041 0.005 0.083
-0.041 0.007 0.083
-0.035 0.011 0.087
-0.033 0.013 0.089
-0.031 0.007 0.087
-0.033 0.015 0.085
-0.037 0.013 0.075
-0.041 0.005 0.083
-0.043 0.009 0.085
-0.045 0.007 0.087
-0.033 0.005 0.083
-0.035 0.011 0.087
-0.035 0.011 0.087
-0.053 0.005 0.087
-0.049 0.007 0.087
-0.051 0.003 0.087
-0.051 0.003 0.087
-0.043 0.007 0.087
-0.041 0.007 0.087
-0.047 0.007 0.087
-0.033 0.013 0.087
-0.033 0.015 0.085
-0.019 0.013 0.095
-0.017 0.015 0.093
-0.017 0.019 0.089
-0.019 0.015 0.093
-0.031 0.003 0.083
-0.031 0.005 0.085
-0.027 0.003 0.087
-0.009 0.011 0.095
-0.005 0.007 0.089
-0.015 0.007 0.091
-0.025 0.021 0.083
-0.029 0.019 0.083
-0.017 0.021 0.087
-0.001 0.021 0.077
-0.005 0.021 0.083
-0.015 0.021 0.087
-0.013 0.021 0.087
-0.011 0.019 0.089
-0.003 0.021 0.079
-0.031 0.003 0.083
-0.025 0.005 0.089
-0.027 0.005 0.087
-0.021 0.009 0.093
-0.031 0.009 0.089
-0.027 0.011 0.093
-0.027 0.009 0.091
-0.025 0.013 0.093
-0.023 0.013 0.095
-0.021 0.009 0.093
-0.017 0.009 0.093
-0.019 0.011 0.095
-0.019 0.015 0.093
-0.003 0.003 0.085
-0.001 0.003 0.083
-0.013 0.005 0.091
-0.013 0.005 0.091
-0.009 0.011 0.095
-0.003 0.013 0.093
-0.029 0.019 0.083
-0.029 0.017 0.087
-0.025 0.019 0.087
-0.017 0.021 0.087
-0.019 0.019 0.089
-0.011 0.021 0.087
-0.013 0.019 0.089
-0.009 0.017 0.091
-0.011 0.019 0.089
-0.005 0.017 0.089
0.009 0.013 0.075
0.017 0.025 0.097
0.021 0.023 0.041
0.021 0.023 0.039
0.027 0.023 0.037
0.031 0.019 0.103
0.027 0.021 0.095
0.003 0.019 0.113
0.007 0.015 0.077
0.005 0.017 0.079
0.007 0.017 0.075
0.009 0.017 0.069
0.011 0.019 0.061
0.007 0.019 0.071
-0.001 0.011 0.091
-0.001 0.017 0.087
0.019 0.017 0.097
0.023 0.017 0.101
0.019 0.021 0.101
0.013 0.025 0.097
0.013 0.021 0.053
0.011 0.019 0.051
0.015 0.021 0.051
0.021 0.023 0.041
0.027 0.021 0.045
0.029 0.021 0.045
0.031 0.021 0.043
0.025 0.021 0.043
0.025 0.021 0.043
0.027 0.019 0.047
0.031 0.021 0.049
0.009 0.013 0.111
0.011 0.017 0.111
0.013 0.015 0.065
0.019 0.015 0.109
0.023 0.023 0.101
0.031 0.015 0.053
0.023 0.015 0.107
0.015 0.015 0.097
0.025 0.021 0.109
0.013 0.025 0.097
0.013 0.027 0.095
0.013 0.025 0.097
0.001 0.021 0.069
0.013 0.017 0.061
0.015 0.025 0.097
0.029 0.017 0.051
0.029 0.017 0.051
0.029 0.021 0.105
0.037 0.015 0.057
0.043 0.013 0.057
0.045 0.013 0.057
0.039 0.017 0.055
0.045 0.011 0.065
0.053 0.015 0.037
0.047 0.013 0.049
0.041 0.013 0.099
0.043 0.021 0.039
0.039 0.021 0.051
0.033 0.021 0.049
0.035 0.021 0.051
0.039 0.019 0.053
0.053 0.017 0.035
0.049 0.021 0.039
0.039 0.015 0.057
0.045 0.013 0.057
0.037 0.013 0.063
0.041 0.013 0.061
0.043 0.013 0.061
0.041 0.013 0.103
0.043 0.011 0.103
0.035 0.017 0.055
0.037 0.019 0.053
0.009 0.007 0.087
0.011 0.017 0.111
0.011 0.013 0.071
0.001 0.003 0.083
0.003 0.005 0.083
0.007 0.007 0.099
0.007 0.015 0.077
0.013 0.015 0.095
0.009 0.015 0.073
0.019 0.013 0.113
0.019 0.015 0.109
0.019 0.013 0.115
0.021 0.021 0.101
0.019 0.021 0.101
0.027 0.023 0.107
0.017 0.011 0.109
0.017 0.015 0.109
0.019 0.009 0.107
0.027 0.011 0.109
0.015 0.017 0.091
0.015 0.017 0.091
0.009 0.017 0.069
0.005 0.019 0.075
0.001 0.021 0.075
0.009 0.007 0.089
0.013 0.007 0.097
0.005 0.017 0.113
0.005 0.017 0.113
0.001 0.019 0.113
0.011 0.017 0.111
0.011 0.015 0.111
0.011 0.017 0.111
0.007 0.007 0.101
0.007 0.007 0.097
0.013 0.013 0.109
0.013 0.017 0.107
0.015 0.013 0.109
0.019 0.005 0.103
0.029 0.009 0.105
0.017 0.019 0.097
0.017 0.019 0.097
0.029 0.017 0.105
0.017 0.005 0.107
0.019 0.003 0.107
0.029 0.003 0.105
0.013 0.025 0.101
0.017 0.023 0.103
0.021 0.023 0.101
0.027 0.021 0.107
0.017 0.025 0.103
0.017 0.025 0.103
0.017 0.021 0.101
0.023 0.023 0.099
0.027 0.021 0.107
0.023 0.023 0.101
0.029 0.019 0.105
0.027 0.021 0.107
0.039 0.013 0.103
0.035 0.017 0.099
0.041 0.015 0.093
0.037 0.017 0.095
0.029 0.009 0.105
0.035 0.015 0.103
0.031 0.009 0.105
0.037 0.011 0.105
0.039 0.011 0.103
0.045 0.007 0.099
0.043 0.009 0.103
0.031 0.013 0.105
0.031 0.019 0.103
0.043 0.013 0.101
0.033 0.009 0.105
0.033 0.003 0.105
0.041 0.009 0.103
0.043 0.009 0.103
0.033 0.013 0.105
0.035 0.013 0.105
0.035 0.013 0.105
0.031 0.017 0.103
0.031 0.013 0.105
0.035 0.013 0.105
0.043 0.013 0.093
0.051 0.007 0.099
0.049 0.005 0.101
0.051 0.009 0.097
0.007 0.007 0.101
0.007 0.007 0.103
0.007 0.005 0.103
0.009 0.005 0.103
0.013 0.007 0.101
0.015 0.017 0.109
0.023 0.003 0.105
0.021 0.003 0.107
0.017 0.015 0.109
0.019 0.015 0.105
0.027 0.001 0.105
0.031 0.007 0.105
0.007 0.017 0.113
0.009 0.017 0.111
0.017 0.021 0.101
0.023 0.021 0.107
0.017 0.021 0.101
0.019 0.023 0.103
0.023 0.023 0.101
0.025 0.021 0.109
0.025 0.021 0.109
0.031 0.019 0.103
0.025 0.017 0.105
0.029 0.021 0.105
0.045 0.003 0.103
0.043 0.007 0.103
0.045 0.005 0.101
0.039 0.015 0.101
0.035 0.015 0.103
0.043 0.011 0.103
0.045 0.011 0.097
0.043 0.013 0.101
0.039 0.003 0.105
0.035 0.011 0.105
0.051 0.007 0.099
0.053 0.007 0.099
0.053 0.003 0.103
0.051 0.005 0.101
0.057 0.005 0.103
