-0.041 -0.013 0.035
-0.043 -0.011 0.037
-0.039 -0.011 0.033
-0.035 -0.015 0.041
-0.035 -0.013 0.047
-0.045 -0.013 0.049
-0.039 -0.015 0.041
-0.023 -0.015 0.043
-0.031 -0.015 0.041
-0.021 -0.017 0.043
-0.029 -0.011 0.045
-0.027 -0.013 0.047
-0.011 -0.013 0.037
-0.019 -0.013 0.037
-0.021 -0.013 0.039
-0.015 -0.013 0.039
-0.023 -0.019 0.055
-0.027 -0.015 0.059
-0.025 -0.019 0.055
-0.025 -0.011 0.065
-0.025 -0.007 0.067
-0.021 -0.009 0.065
-0.021 -0.003 0.073
0.015 -0.015 0.035
0.011 -0.009 0.047
0.015 -0.015 0.037
0.007 -0.001 0.061
0.029 -0.011 0.055
0.033 -0.021 0.041
0.033 -0.017 0.045
0.039 -0.013 0.045
0.041 -0.009 0.053
0.027 -0.003 0.067
0.033 -0.005 0.067
0.037 -0.007 0.087
0.033 -0.005 0.089
0.045 -0.005 0.089
0.019 -0.001 0.107
0.047 -0.009 0.101
0.045 -0.009 0.099
0.049 -0.007 0.103
-0.039 -0.015 0.041
-0.031 -0.015 0.041
-0.043 0.005 0.035
-0.047 -0.011 0.047
-0.049 -0.001 0.055
-0.043 -0.003 0.065
-0.039 -0.011 0.053
-0.043 -0.013 0.051
-0.041 -0.009 0.057
-0.039 -0.011 0.053
-0.023 0.001 0.053
-0.029 -0.015 0.057
-0.029 -0.011 0.059
-0.029 0.003 0.059
-0.033 0.003 0.063
-0.041 -0.003 0.065
-0.003 0.007 0.055
-0.025 -0.011 0.065
-0.057 0.005 0.079
-0.049 0.005 0.079
-0.047 -0.001 0.065
-0.041 0.001 0.069
-0.041 0.005 0.077
-0.039 0.007 0.079
-0.051 0.003 0.083
-0.047 0.003 0.087
-0.035 0.011 0.087
-0.021 0.001 0.071
-0.005 0.001 0.071
-0.013 0.007 0.073
-0.015 0.001 0.079
-0.003 0.001 0.077
-0.019 0.003 0.075
-0.015 0.003 0.087
-0.003 0.001 0.083
-0.003 0.003 0.085
-0.017 0.011 0.095
-0.037 0.009 0.083
-0.031 0.007 0.087
-0.023 0.007 0.091
0.013 -0.013 0.039
0.013 -0.011 0.041
0.005 0.003 0.037
0.007 -0.001 0.035
0.013 -0.013 0.039
0.005 -0.005 0.041
0.003 -0.003 0.051
0.001 -0.001 0.055
0.017 -0.003 0.055
0.023 0.003 0.055
0.025 0.005 0.059
-0.003 0.003 0.057
0.027 -0.007 0.055
0.013 -0.007 0.047
0.011 -0.007 0.049
0.025 0.001 0.067
0.023 0.003 0.055
0.001 0.001 0.079
0.021 0.005 0.069
0.027 -0.001 0.077
0.015 0.011 0.073
0.015 0.005 0.081
0.001 0.007 0.085
-0.001 0.007 0.087
0.009 0.003 0.097
0.015 0.001 0.089
0.009 0.003 0.101
0.017 0.001 0.097
0.031 -0.005 0.087
0.025 -0.003 0.089
0.023 -0.001 0.089
0.039 -0.001 0.089
0.025 -0.003 0.097
0.047 0.001 0.089
0.009 0.003 0.101
0.013 0.011 0.107
0.011 0.003 0.101
0.027 0.001 0.105
0.013 0.011 0.107
0.019 0.001 0.103
0.019 0.009 0.105
0.023 -0.001 0.105
0.025 -0.001 0.105
-0.045 -0.001 0.041
-0.047 -0.011 0.053
-0.049 -0.005 0.055
-0.049 0.001 0.061
-0.047 -0.001 0.063
-0.055 0.007 0.075
-0.047 0.003 0.061
-0.047 0.003 0.065
-0.043 0.009 0.063
-0.031 0.007 0.053
-0.049 0.007 0.073
-0.027 -0.009 0.063
-0.027 -0.009 0.063
-0.051 0.009 0.077
-0.055 0.005 0.077
-0.037 0.013 0.079
-0.045 0.009 0.085
-0.049 0.011 0.081
-0.045 0.011 0.077
-0.045 0.011 0.083
-0.043 0.009 0.085
-0.045 0.011 0.083
-0.035 0.013 0.087
-0.027 0.017 0.089
-0.031 0.015 0.087
-0.031 0.005 0.085
-0.029 0.019 0.083
-0.015 0.013 0.095
0.007 0.005 0.103
0.007 0.007 0.103
0.025 0.003 0.105
0.039 -0.001 0.105
-0.039 0.007 0.039
-0.039 0.009 0.037
-0.039 0.011 0.035
-0.045 0.007 0.063
-0.035 0.015 0.065
-0.031 0.015 0.043
-0.029 0.017 0.055
-0.023 0.025 0.039
-0.019 0.027 0.041
-0.029 0.017 0.047
-0.027 0.019 0.049
-0.025 0.021 0.047
-0.031 0.007 0.053
-0.037 0.013 0.073
-0.035 0.015 0.075
-0.037 0.013 0.081
-0.033 0.019 0.075
-0.003 0.017 0.061
-0.053 0.009 0.081
-0.037 0.013 0.081
-0.035 0.017 0.079
-0.055 0.005 0.087
-0.053 0.005 0.087
-0.049 0.007 0.087
-0.035 0.011 0.087
-0.051 0.009 0.081
-0.047 0.009 0.085
-0.033 0.013 0.089
-0.027 0.021 0.075
-0.015 0.021 0.079
-0.025 0.003 0.087
-0.015 0.013 0.095
-0.013 0.013 0.095
-0.031 0.017 0.085
-0.021 0.019 0.089
0.009 0.015 0.039
0.001 0.017 0.053
-0.035 0.017 0.069
-0.015 0.021 0.053
0.011 0.019 0.043
0.011 0.021 0.043
-0.023 0.019 0.089
-0.019 0.021 0.081
0.001 0.021 0.063
0.043 0.021 0.039
0.031 0.021 0.049
0.039 0.015 0.057
-0.021 0.015 0.093
-0.013 0.021 0.087
-0.019 0.015 0.093
-0.013 0.021 0.087
-0.007 0.021 0.085
0.017 0.017 0.079
-0.009 0.021 0.085
0.007 0.005 0.089
0.009 0.007 0.089
0.005 0.005 0.095
0.007 0.007 0.097
0.013 0.015 0.095
0.007 0.007 0.089
0.007 0.007 0.089
0.015 0.017 0.091
0.013 0.023 0.097
0.013 0.023 0.095
0.021 0.017 0.079
0.015 0.017 0.087
0.015 0.009 0.097
0.015 0.021 0.093
0.015 0.021 0.097
0.019 0.017 0.099
0.019 0.009 0.103
0.005 0.015 0.111
0.019 0.015 0.101
0.025 0.017 0.105
0.023 0.021 0.103
0.001 0.017 0.113
0.005 0.015 0.113
0.003 0.017 0.111
0.017 0.003 0.109
0.007 0.017 0.113
0.023 0.019 0.105
0.027 0.017 0.105
0.019 0.013 0.113
0.019 0.011 0.115
-0.021 0.025 0.041
-0.021 0.021 0.053
-0.045 0.003 0.053
-0.027 0.019 0.059
-0.041 0.001 0.053
-0.025 0.021 0.059
-0.039 0.007 0.063
-0.035 0.017 0.067
-0.031 0.019 0.067
-0.015 0.025 0.045
-0.019 0.021 0.053
-0.015 0.021 0.053
-0.003 -0.001 0.035
-0.001 -0.007 0.033
-0.005 -0.003 0.039
-0.007 0.011 0.039
-0.007 0.013 0.041
-0.013 0.017 0.059
-0.015 0.015 0.063
0.017 0.023 0.041
0.025 0.021 0.041
0.039 0.021 0.049
0.041 0.019 0.053
0.019 0.017 0.047
0.017 0.023 0.043
0.033 0.021 0.041
0.033 0.021 0.041
0.035 0.021 0.043
0.015 0.013 0.063
0.013 0.015 0.065
0.017 0.009 0.063
0.021 0.009 0.057
0.043 0.017 0.053
0.045 0.013 0.057
0.049 0.007 0.057
0.041 0.013 0.067
0.031 0.017 0.083
0.035 0.015 0.087
0.039 0.011 0.073
0.045 0.009 0.085
0.047 0.001 0.089
0.045 0.011 0.091
0.055 0.003 0.085
0.055 0.003 0.087
0.059 0.003 0.083
0.035 0.017 0.099
0.051 0.005 0.101
0.055 0.003 0.103
-0.035 0.015 0.037
-0.029 0.017 0.045
-0.043 0.005 0.057
-0.031 0.019 0.065
-0.015 0.027 0.037
-0.023 0.021 0.047
-0.009 0.013 0.037
-0.007 0.013 0.041
-0.023 0.025 0.039
-0.025 0.025 0.039
-0.025 0.021 0.047
-0.015 0.027 0.037
-0.009 0.017 0.041
-0.009 0.017 0.047
-0.021 0.021 0.053
-0.013 0.015 0.059
-0.011 0.015 0.057
0.005 0.019 0.057
-0.009 0.015 0.051
0.001 0.019 0.055
-0.023 0.021 0.049
-0.021 0.021 0.055
-0.021 0.021 0.053
-0.021 0.021 0.061
-0.001 0.019 0.063
-0.051 0.007 0.075
-0.051 0.009 0.077
-0.049 0.011 0.079
-0.053 0.009 0.079
-0.031 0.019 0.079
-0.049 0.009 0.083
-0.051 0.007 0.087
-0.053 0.009 0.081
-0.043 0.009 0.085
-0.031 0.017 0.083
-0.011 0.021 0.077
0.001 0.021 0.071
-0.015 0.013 0.065
-0.005 0.021 0.079
-0.005 0.021 0.081
-0.009 0.021 0.081
0.001 0.019 0.077
0.005 0.015 0.081
-0.027 0.019 0.067
-0.007 0.019 0.073
-0.025 0.017 0.089
-0.017 0.015 0.093
-0.019 0.017 0.091
-0.007 0.015 0.091
-0.011 0.013 0.093
-0.027 0.017 0.089
-0.017 0.019 0.089
0.019 0.023 0.037
0.041 0.021 0.037
0.045 0.023 0.037
0.023 0.023 0.037
0.025 0.023 0.037
0.015 0.023 0.039
0.011 0.021 0.045
0.029 0.023 0.035
0.015 0.011 0.061
0.027 0.013 0.063
0.029 0.011 0.059
0.029 0.013 0.061
0.011 0.019 0.055
0.031 0.021 0.049
0.047 0.023 0.039
0.039 0.019 0.037
0.037 0.021 0.037
0.039 0.021 0.047
0.033 0.021 0.045
0.045 0.015 0.051
0.041 0.019 0.051
0.009 0.013 0.077
0.027 0.015 0.067
0.027 0.015 0.071
0.025 0.017 0.079
0.021 0.021 0.085
0.003 0.015 0.085
0.019 0.023 0.087
0.017 0.025 0.093
0.035 0.017 0.093
0.051 0.005 0.093
0.051 0.009 0.095
0.009 0.007 0.103
0.031 0.013 0.105
0.019 0.015 0.109
0.009 0.017 0.109
0.039 0.015 0.097
0.053 0.009 0.097
0.051 0.007 0.099
0.033 0.017 0.097
-0.033 -0.015 0.037
-0.031 -0.015 0.039
-0.035 -0.015 0.041
-0.041 -0.015 0.045
-0.035 -0.015 0.045
-0.047 -0.011 0.053
-0.045 -0.009 0.057
-0.021 -0.017 0.043
-0.029 -0.013 0.037
-0.019 -0.015 0.039
-0.023 -0.017 0.045
-0.021 -0.019 0.051
-0.019 -0.017 0.045
-0.003 -0.013 0.035
-0.003 -0.007 0.039
-0.011 -0.007 0.043
-0.021 -0.015 0.055
-0.021 -0.013 0.059
-0.021 -0.013 0.061
-0.021 -0.007 0.069
0.027 -0.019 0.039
0.011 -0.011 0.043
0.011 -0.009 0.045
0.031 -0.021 0.039
0.019 -0.015 0.041
0.019 -0.011 0.047
0.011 -0.007 0.051
0.035 -0.023 0.043
0.039 -0.007 0.033
0.039 -0.017 0.041
0.039 -0.013 0.043
0.041 -0.011 0.041
0.035 -0.011 0.055
0.039 -0.009 0.055
0.049 -0.007 0.049
0.027 -0.003 0.091
0.055 -0.013 0.087
0.061 -0.005 0.085
0.047 -0.005 0.103
0.051 -0.007 0.097
0.053 -0.009 0.103
0.055 -0.005 0.103
-0.017 -0.013 0.045
-0.019 -0.017 0.043
-0.011 -0.011 0.037
-0.025 -0.009 0.065
-0.037 0.003 0.063
-0.023 -0.009 0.067
-0.009 -0.005 0.043
-0.019 0.001 0.053
-0.007 -0.005 0.039
-0.009 0.003 0.043
-0.013 -0.003 0.051
-0.011 0.003 0.051
-0.009 0.007 0.053
-0.009 0.009 0.053
-0.019 0.001 0.059
-0.021 -0.005 0.061
-0.021 -0.005 0.063
-0.021 0.001 0.057
-0.017 0.003 0.059
-0.015 0.007 0.065
-0.039 0.001 0.069
-0.039 0.001 0.069
-0.039 0.007 0.077
-0.029 0.001 0.079
-0.041 0.007 0.081
-0.023 -0.007 0.069
-0.023 -0.007 0.071
-0.015 0.009 0.065
-0.029 0.001 0.079
-0.023 0.001 0.075
-0.001 0.001 0.073
-0.001 0.001 0.073
-0.007 0.001 0.083
0.005 0.001 0.073
-0.029 0.003 0.085
-0.017 0.003 0.087
-0.003 0.003 0.085
-0.007 0.007 0.091
-0.005 0.005 0.089
-0.005 0.011 0.093
0.037 -0.011 0.047
0.023 -0.013 0.049
0.025 -0.013 0.047
0.013 -0.005 0.053
0.027 -0.017 0.047
0.029 -0.013 0.051
0.025 -0.011 0.053
0.031 -0.007 0.059
0.013 -0.001 0.059
0.025 0.001 0.057
0.027 -0.001 0.063
0.047 -0.007 0.043
0.049 -0.005 0.047
0.043 -0.007 0.061
0.051 0.017 0.039
0.049 0.001 0.063
0.041 -0.003 0.069
0.045 0.001 0.069
0.011 0.001 0.067
0.009 0.007 0.077
0.009 0.009 0.079
0.017 0.003 0.077
0.021 0.001 0.079
0.031 -0.001 0.077
0.021 0.001 0.079
0.025 -0.003 0.085
0.001 0.007 0.085
0.011 0.003 0.089
0.017 0.001 0.093
0.011 0.003 0.091
0.017 0.001 0.095
0.017 0.001 0.093
0.027 -0.003 0.083
0.027 -0.003 0.099
0.025 -0.001 0.105
0.037 -0.003 0.101
0.047 -0.011 0.083
0.041 -0.005 0.089
0.049 -0.005 0.089
0.053 -0.009 0.091
0.061 -0.005 0.087
0.015 0.001 0.097
0.025 -0.001 0.105
0.029 0.005 0.105
0.025 0.009 0.111
0.021 0.009 0.109
0.037 -0.001 0.105
0.057 0.001 0.099
0.057 0.001 0.101
0.059 0.001 0.103
