-0.021 -0.017 0.055
-0.021 -0.017 0.051
-0.017 -0.011 0.041
-0.045 -0.011 0.051
-0.035 -0.015 0.045
-0.037 -0.015 0.045
-0.033 -0.015 0.035
-0.033 -0.015 0.043
-0.033 -0.015 0.039
-0.033 -0.013 0.047
-0.025 -0.017 0.057
-0.025 -0.017 0.059
-0.035 -0.015 0.043
-0.033 -0.013 0.047
-0.041 -0.013 0.051
-0.027 -0.013 0.061
-0.041 -0.011 0.055
-0.023 -0.015 0.061
-0.043 -0.009 0.059
-0.037 -0.013 0.049
-0.035 -0.009 0.051
-0.025 -0.015 0.061
-0.035 -0.003 0.051
-0.023 -0.013 0.063
-0.021 -0.019 0.051
-0.029 -0.013 0.037
-0.019 -0.015 0.047
-0.017 -0.015 0.043
-0.015 -0.011 0.039
-0.017 -0.013 0.045
-0.019 -0.013 0.047
-0.021 -0.017 0.055
-0.019 -0.013 0.053
-0.019 -0.015 0.047
-0.017 -0.013 0.045
-0.019 -0.015 0.049
-0.019 -0.013 0.049
-0.017 -0.011 0.047
-0.017 -0.013 0.041
-0.019 -0.013 0.047
-0.019 -0.013 0.053
-0.019 -0.011 0.055
-0.019 -0.013 0.059
-0.019 -0.011 0.061
-0.021 -0.013 0.061
-0.007 -0.015 0.037
-0.005 -0.015 0.037
-0.005 -0.015 0.035
-0.003 -0.015 0.035
-0.003 -0.013 0.037
-0.003 -0.009 0.035
-0.003 -0.009 0.033
-0.005 -0.015 0.037
-0.003 -0.013 0.037
-0.009 -0.005 0.041
-0.013 -0.009 0.043
-0.009 -0.003 0.047
-0.025 -0.017 0.059
-0.019 -0.015 0.049
-0.019 -0.009 0.055
-0.023 -0.013 0.063
-0.023 -0.011 0.063
-0.019 -0.009 0.059
-0.011 -0.005 0.049
-0.023 -0.007 0.069
0.015 -0.013 0.041
0.025 -0.013 0.047
0.027 -0.013 0.051
0.039 -0.021 0.037
0.039 -0.013 0.045
0.029 -0.021 0.039
0.029 -0.021 0.039
0.027 -0.019 0.041
0.029 -0.019 0.045
0.009 -0.013 0.039
0.007 -0.013 0.039
0.011 -0.015 0.037
0.017 -0.011 0.047
0.017 -0.011 0.047
0.017 -0.011 0.047
0.009 -0.013 0.041
0.017 -0.015 0.041
0.011 -0.011 0.043
0.011 -0.009 0.047
0.009 -0.007 0.051
0.027 -0.017 0.047
0.019 -0.013 0.045
0.019 -0.011 0.049
0.017 -0.005 0.051
0.015 -0.003 0.055
0.011 -0.001 0.059
0.021 -0.007 0.051
0.021 -0.003 0.055
0.029 -0.007 0.057
0.031 -0.005 0.067
0.037 -0.025 0.041
0.039 -0.021 0.037
0.039 -0.017 0.035
0.039 -0.021 0.037
0.039 -0.019 0.037
0.039 -0.017 0.039
0.037 -0.025 0.041
0.037 -0.025 0.041
0.035 -0.023 0.043
0.037 -0.021 0.043
0.035 -0.019 0.043
0.039 -0.015 0.039
0.039 -0.013 0.043
0.047 -0.005 0.039
0.047 -0.007 0.043
0.039 -0.013 0.041
0.039 -0.013 0.045
0.037 -0.011 0.047
0.043 -0.009 0.043
0.047 -0.007 0.045
0.047 -0.007 0.047
0.041 -0.009 0.049
0.035 -0.011 0.053
0.041 -0.009 0.055
0.035 -0.007 0.063
0.041 -0.007 0.057
0.041 -0.007 0.059
0.037 -0.007 0.061
0.037 -0.007 0.063
0.045 -0.005 0.063
0.047 -0.003 0.061
0.047 -0.001 0.061
0.051 -0.003 0.051
0.051 -0.001 0.053
0.049 -0.001 0.057
0.035 -0.007 0.085
0.025 -0.003 0.089
0.025 -0.003 0.091
0.037 -0.005 0.069
0.037 -0.003 0.071
0.043 -0.009 0.085
0.047 -0.011 0.085
0.045 -0.009 0.085
0.045 -0.009 0.087
0.051 -0.009 0.089
0.049 -0.009 0.089
0.047 -0.007 0.089
0.039 -0.005 0.099
0.045 -0.009 0.101
0.051 -0.011 0.087
0.051 -0.011 0.087
0.057 -0.013 0.085
0.059 -0.009 0.087
0.061 -0.005 0.087
0.053 -0.011 0.089
0.057 -0.007 0.091
0.063 -0.007 0.093
0.023 -0.001 0.099
0.023 -0.001 0.099
0.027 -0.003 0.097
0.027 -0.001 0.103
0.033 -0.003 0.103
0.049 -0.009 0.099
0.037 -0.003 0.103
0.039 -0.003 0.101
0.039 -0.001 0.103
0.045 -0.009 0.101
0.045 -0.007 0.101
0.037 -0.001 0.105
0.049 -0.003 0.107
0.051 -0.009 0.099
0.055 -0.003 0.103
0.053 -0.009 0.105
0.051 -0.003 0.107
-0.019 -0.003 0.051
-0.025 0.001 0.047
-0.017 -0.011 0.051
-0.015 -0.009 0.051
-0.011 -0.007 0.041
-0.011 -0.005 0.049
-0.009 -0.001 0.047
-0.009 0.003 0.045
-0.023 -0.013 0.063
-0.019 -0.011 0.057
-0.019 0.001 0.057
-0.035 -0.007 0.051
-0.027 -0.013 0.061
-0.023 -0.011 0.063
-0.021 -0.005 0.061
-0.043 -0.005 0.063
-0.043 -0.003 0.065
-0.045 -0.003 0.065
-0.039 0.001 0.067
-0.039 0.003 0.069
-0.023 -0.003 0.071
-0.017 -0.011 0.051
-0.015 -0.007 0.051
-0.017 -0.007 0.053
-0.013 -0.007 0.049
-0.011 -0.005 0.049
-0.009 -0.003 0.047
-0.015 -0.009 0.051
-0.015 -0.009 0.051
-0.015 0.003 0.053
-0.015 0.003 0.055
-0.009 0.003 0.047
-0.025 0.001 0.047
-0.025 0.003 0.049
-0.019 0.003 0.063
-0.009 0.005 0.037
-0.007 0.005 0.041
0.001 -0.001 0.059
0.003 -0.001 0.059
0.003 -0.001 0.061
0.003 -0.001 0.061
-0.017 0.003 0.059
-0.013 0.003 0.055
-0.001 -0.001 0.061
-0.001 -0.001 0.063
0.001 -0.001 0.071
0.005 0.001 0.073
0.001 0.001 0.077
-0.013 0.007 0.061
-0.013 0.007 0.061
-0.003 0.001 0.073
-0.001 0.001 0.075
0.003 0.001 0.077
0.005 0.001 0.073
0.003 -0.001 0.071
-0.023 0.001 0.051
-0.021 -0.007 0.069
-0.019 0.003 0.065
-0.021 -0.003 0.071
-0.021 0.001 0.067
-0.021 0.001 0.061
-0.021 -0.003 0.065
-0.021 -0.003 0.073
-0.019 0.001 0.059
-0.015 0.003 0.059
-0.021 0.001 0.061
-0.021 0.001 0.071
-0.011 0.001 0.049
0.001 -0.001 0.071
0.001 -0.001 0.069
0.003 -0.001 0.069
0.009 0.003 0.071
-0.015 0.003 0.059
-0.015 0.005 0.061
0.001 -0.001 0.067
0.003 0.001 0.077
-0.017 0.005 0.067
-0.003 0.001 0.077
-0.001 0.001 0.079
0.001 0.001 0.079
-0.007 0.003 0.087
0.001 0.001 0.079
0.003 0.001 0.077
-0.001 0.001 0.081
-0.047 0.003 0.081
-0.039 0.003 0.069
-0.031 0.001 0.071
-0.031 0.001 0.071
-0.033 0.003 0.077
-0.031 0.001 0.075
-0.027 0.001 0.081
-0.033 0.003 0.077
-0.027 0.001 0.083
-0.023 0.003 0.087
-0.043 0.005 0.073
-0.041 0.005 0.083
-0.033 0.005 0.083
-0.035 0.007 0.081
-0.031 0.005 0.085
-0.027 0.003 0.087
-0.019 0.005 0.091
-0.049 0.003 0.085
-0.043 0.005 0.087
-0.031 0.005 0.085
-0.027 0.009 0.091
-0.031 0.009 0.089
-0.021 -0.005 0.071
-0.031 0.001 0.069
-0.017 0.005 0.067
-0.007 0.001 0.083
-0.007 0.001 0.083
-0.031 0.001 0.075
-0.019 0.001 0.081
-0.007 0.005 0.089
-0.005 0.001 0.075
0.001 -0.001 0.069
0.001 0.001 0.077
-0.011 0.001 0.081
-0.009 0.001 0.079
-0.005 0.001 0.075
-0.007 0.001 0.077
-0.017 0.003 0.087
-0.011 0.005 0.091
-0.009 0.001 0.083
-0.007 0.003 0.087
-0.009 0.003 0.087
-0.007 0.003 0.087
-0.011 0.007 0.091
-0.011 0.011 0.093
0.003 0.005 0.081
0.005 0.007 0.081
0.003 0.005 0.083
-0.003 0.007 0.089
0.015 0.001 0.101
-0.025 0.001 0.083
-0.027 0.003 0.087
-0.019 0.001 0.081
-0.027 0.005 0.087
-0.027 0.009 0.091
-0.019 0.005 0.091
-0.029 0.009 0.089
-0.025 0.009 0.091
-0.025 0.007 0.089
-0.021 0.011 0.095
-0.019 0.009 0.093
-0.017 0.011 0.095
-0.015 0.001 0.085
-0.011 0.001 0.085
0.001 0.009 0.087
-0.011 0.003 0.089
-0.013 0.007 0.091
-0.011 0.007 0.091
-0.009 0.007 0.091
-0.015 0.009 0.093
-0.013 0.011 0.093
-0.011 0.011 0.093
-0.013 0.011 0.095
-0.013 0.011 0.095
-0.009 0.011 0.095
-0.017 0.009 0.093
-0.017 0.011 0.095
-0.015 0.013 0.095
-0.013 0.013 0.095
-0.017 0.011 0.095
-0.009 0.017 0.091
0.021 -0.009 0.051
0.025 -0.009 0.053
0.025 -0.005 0.055
0.039 -0.009 0.057
0.041 -0.007 0.057
0.039 -0.007 0.061
0.035 -0.007 0.063
0.033 -0.005 0.067
0.041 -0.005 0.065
0.045 -0.009 0.045
0.047 -0.007 0.053
0.015 -0.005 0.053
0.023 -0.011 0.051
0.021 -0.007 0.051
0.017 -0.005 0.051
0.015 -0.003 0.055
0.019 -0.003 0.055
0.009 -0.005 0.055
0.011 0.001 0.065
0.035 -0.011 0.053
0.035 -0.007 0.063
0.025 -0.001 0.069
0.035 -0.007 0.083
0.041 -0.005 0.067
0.049 -0.013 0.083
0.037 -0.007 0.083
0.033 -0.003 0.073
0.045 -0.009 0.085
0.047 -0.009 0.087
0.049 -0.011 0.087
0.049 -0.009 0.089
0.013 0.003 0.065
0.011 0.003 0.069
0.017 0.003 0.059
0.027 -0.001 0.075
0.017 0.003 0.059
0.031 -0.003 0.073
0.027 -0.001 0.077
0.029 -0.003 0.073
0.025 -0.001 0.077
0.021 -0.001 0.087
0.045 -0.005 0.063
0.049 -0.003 0.059
0.053 0.015 0.035
0.057 -0.013 0.085
0.053 -0.013 0.085
0.055 -0.013 0.087
0.049 0.017 0.041
0.055 -0.013 0.087
0.055 -0.013 0.087
0.049 0.007 0.059
0.057 -0.013 0.085
0.047 -0.009 0.087
0.055 -0.009 0.089
0.053 -0.009 0.091
0.051 0.003 0.057
0.051 0.005 0.055
0.051 0.007 0.053
0.051 0.003 0.057
0.049 0.007 0.061
0.049 0.009 0.057
0.051 -0.009 0.089
0.053 -0.009 0.091
0.009 0.001 0.067
0.007 0.001 0.071
0.011 0.001 0.067
0.011 0.003 0.069
0.009 0.003 0.071
0.021 -0.001 0.085
0.007 0.005 0.077
0.007 0.007 0.079
0.011 0.007 0.073
0.017 0.001 0.089
0.021 -0.001 0.087
0.017 0.001 0.089
0.019 0.001 0.091
0.015 0.001 0.089
0.023 -0.001 0.097
0.033 -0.007 0.085
0.027 -0.001 0.077
0.031 -0.005 0.095
0.039 -0.007 0.095
0.043 -0.009 0.097
0.045 -0.009 0.101
0.027 -0.003 0.083
0.025 -0.003 0.085
0.041 -0.003 0.099
0.023 -0.001 0.095
0.025 -0.003 0.097
0.035 -0.003 0.103
0.003 0.005 0.083
0.009 0.003 0.089
0.017 0.001 0.097
0.023 -0.001 0.101
0.011 0.003 0.095
0.015 0.001 0.095
0.017 0.001 0.103
0.021 -0.001 0.101
0.025 0.001 0.105
0.023 0.001 0.107
0.023 0.001 0.107
0.021 0.001 0.107
0.023 0.001 0.107
0.023 -0.001 0.089
0.039 -0.007 0.097
0.031 -0.003 0.091
0.039 -0.001 0.103
0.027 0.005 0.105
0.035 0.003 0.105
0.025 0.007 0.107
0.027 0.013 0.107
0.031 0.011 0.105
0.055 -0.013 0.087
0.055 -0.013 0.087
0.053 -0.011 0.089
0.051 -0.009 0.089
0.049 -0.009 0.099
0.039 -0.005 0.089
0.047 -0.009 0.101
0.047 -0.007 0.101
0.045 -0.005 0.101
0.053 -0.009 0.105
0.051 0.001 0.089
0.041 -0.003 0.099
0.041 0.001 0.103
0.051 -0.005 0.105
0.053 -0.005 0.105
0.037 -0.003 0.103
0.037 -0.003 0.103
0.049 -0.005 0.105
0.051 -0.005 0.105
0.043 -0.001 0.101
0.043 0.007 0.101
0.049 -0.001 0.107
0.053 -0.003 0.105
0.051 0.001 0.107
0.055 -0.001 0.091
0.059 -0.003 0.093
0.051 0.001 0.089
0.063 -0.007 0.093
0.057 -0.003 0.091
0.057 -0.001 0.105
0.041 0.005 0.105
0.011 0.003 0.101
0.017 0.001 0.103
0.019 0.011 0.109
0.011 0.015 0.111
0.015 0.011 0.109
0.023 -0.001 0.105
0.025 -0.001 0.105
0.025 0.009 0.109
0.027 0.009 0.107
0.025 0.001 0.105
0.027 0.001 0.105
0.029 0.001 0.105
0.031 0.001 0.105
0.031 0.005 0.105
0.021 0.011 0.111
0.029 0.009 0.105
0.025 0.009 0.109
0.027 0.009 0.107
0.025 0.013 0.111
0.025 0.011 0.113
0.035 0.013 0.105
0.031 0.013 0.105
0.025 0.019 0.107
0.025 0.019 0.107
0.021 0.011 0.115
0.021 0.011 0.115
0.045 -0.003 0.103
0.041 0.011 0.103
0.039 -0.001 0.105
0.039 0.003 0.105
0.039 0.009 0.105
0.057 0.001 0.099
0.057 0.001 0.105
0.055 -0.001 0.105
0.035 0.015 0.103
