-0.017 -0.009 0.053
-0.017 -0.009 0.053
-0.015 -0.009 0.051
-0.009 -0.005 0.045
-0.023 -0.015 0.059
-0.021 -0.017 0.049
-0.019 -0.013 0.053
-0.021 -0.017 0.053
-0.019 -0.011 0.059
-0.021 -0.009 0.065
-0.021 -0.009 0.063
-0.019 -0.009 0.055
-0.037 -0.013 0.049
-0.021 -0.015 0.057
-0.039 -0.015 0.047
-0.023 -0.015 0.059
-0.021 -0.007 0.069
-0.039 -0.009 0.055
-0.021 -0.005 0.071
-0.041 -0.007 0.061
-0.043 -0.011 0.053
-0.041 -0.011 0.055
-0.021 -0.005 0.071
-0.021 -0.007 0.067
-0.021 -0.009 0.065
-0.023 -0.007 0.071
-0.019 -0.017 0.045
-0.019 -0.015 0.049
-0.019 -0.015 0.049
-0.019 -0.015 0.035
-0.015 -0.011 0.039
-0.015 -0.009 0.041
-0.017 -0.011 0.043
-0.013 -0.007 0.049
-0.009 -0.003 0.045
-0.021 -0.017 0.055
-0.019 -0.013 0.053
-0.017 -0.015 0.043
-0.019 -0.015 0.047
-0.019 -0.013 0.049
-0.019 -0.013 0.051
-0.007 -0.013 0.039
-0.003 -0.013 0.035
-0.007 -0.011 0.037
-0.005 -0.009 0.039
-0.005 -0.009 0.039
-0.007 -0.009 0.039
-0.009 -0.005 0.043
-0.009 -0.005 0.041
-0.009 -0.003 0.041
0.009 -0.007 0.051
-0.011 -0.007 0.045
-0.013 -0.007 0.047
-0.013 -0.007 0.049
-0.021 -0.015 0.057
-0.023 -0.013 0.063
-0.019 -0.011 0.061
-0.017 -0.011 0.051
-0.019 -0.013 0.059
-0.019 -0.011 0.061
-0.023 -0.011 0.063
-0.023 -0.015 0.061
-0.021 -0.013 0.061
-0.019 -0.011 0.059
-0.021 -0.007 0.063
-0.013 -0.005 0.051
-0.011 -0.003 0.049
0.057 -0.011 0.085
0.031 -0.019 0.045
0.027 -0.019 0.045
0.009 -0.013 0.041
0.011 -0.011 0.043
0.009 -0.011 0.043
0.053 -0.013 0.085
0.049 -0.011 0.087
0.011 -0.011 0.043
0.019 -0.011 0.049
0.011 -0.007 0.051
0.013 -0.007 0.047
0.013 -0.007 0.047
0.029 -0.015 0.047
0.031 -0.015 0.047
0.029 -0.017 0.047
0.037 -0.011 0.051
0.037 -0.011 0.049
0.043 -0.009 0.055
0.043 -0.009 0.055
0.021 -0.013 0.047
0.027 -0.013 0.051
0.043 -0.009 0.095
0.005 -0.001 0.063
0.045 -0.009 0.097
0.049 -0.013 0.085
0.055 -0.013 0.087
0.037 -0.021 0.039
0.035 -0.023 0.043
0.039 -0.013 0.035
0.039 -0.015 0.041
0.041 -0.011 0.041
0.049 -0.005 0.051
0.045 -0.009 0.043
0.041 -0.011 0.045
0.045 -0.009 0.045
0.047 -0.007 0.047
0.049 -0.005 0.049
0.051 -0.003 0.045
0.051 -0.001 0.049
0.039 -0.009 0.057
0.039 -0.009 0.057
0.047 -0.007 0.055
0.047 -0.003 0.063
0.051 -0.001 0.055
0.049 -0.003 0.057
0.005 -0.001 0.069
0.053 -0.009 0.101
0.053 -0.007 0.099
0.051 -0.007 0.105
0.037 -0.005 0.099
0.037 -0.003 0.101
0.041 -0.007 0.099
0.035 -0.003 0.103
0.033 -0.003 0.103
0.049 -0.009 0.089
0.053 -0.007 0.099
0.049 -0.005 0.089
0.051 -0.009 0.099
0.049 -0.009 0.101
0.051 -0.005 0.105
0.053 -0.005 0.099
0.049 -0.003 0.089
0.055 -0.003 0.091
0.047 -0.007 0.089
0.047 -0.005 0.103
0.055 -0.013 0.087
0.059 -0.007 0.093
0.063 -0.007 0.093
0.061 -0.005 0.093
0.057 -0.001 0.091
0.037 -0.005 0.099
0.033 -0.005 0.099
0.039 -0.003 0.101
0.053 -0.007 0.105
0.053 -0.003 0.105
0.053 -0.009 0.103
0.051 -0.007 0.105
0.055 -0.003 0.105
-0.025 -0.001 0.047
0.035 -0.005 0.099
0.049 -0.003 0.107
0.051 -0.005 0.105
0.019 -0.001 0.095
0.021 -0.001 0.097
-0.023 0.001 0.057
-0.035 -0.001 0.049
0.001 0.001 0.079
-0.021 -0.003 0.073
-0.021 -0.003 0.073
-0.021 -0.003 0.073
-0.039 -0.001 0.063
-0.021 -0.003 0.073
-0.019 0.001 0.081
-0.015 0.001 0.085
-0.025 0.001 0.073
-0.007 0.001 0.083
-0.011 0.001 0.083
-0.013 0.003 0.085
-0.005 0.003 0.087
0.009 0.007 0.103
0.007 -0.001 0.067
-0.015 -0.001 0.049
0.001 -0.001 0.063
0.035 -0.003 0.103
0.001 0.001 0.077
0.003 0.001 0.077
-0.017 0.003 0.057
0.049 -0.007 0.103
0.051 -0.003 0.107
0.045 -0.007 0.101
0.041 -0.007 0.099
0.035 -0.007 0.097
0.039 -0.003 0.101
0.045 -0.007 0.101
0.041 -0.005 0.099
0.047 -0.003 0.105
0.035 0.003 0.105
0.033 0.005 0.105
0.041 0.001 0.105
0.041 0.009 0.103
0.041 0.007 0.105
0.039 0.011 0.103
0.039 0.007 0.105
0.031 0.005 0.105
0.039 0.007 0.105
0.039 0.007 0.105
0.039 0.007 0.105
0.043 0.003 0.103
0.043 0.009 0.103
0.043 0.005 0.103
0.043 0.005 0.103
0.041 0.005 0.105
0.041 0.007 0.105
-0.017 0.001 0.053
0.021 -0.001 0.101
0.023 0.001 0.107
-0.021 0.001 0.063
-0.021 0.001 0.065
-0.009 0.001 0.079
-0.019 0.001 0.059
-0.003 0.001 0.075
0.019 -0.001 0.107
0.033 -0.005 0.099
0.029 -0.005 0.097
0.033 -0.003 0.103
0.041 0.001 0.105
0.037 -0.001 0.105
0.035 0.001 0.105
0.043 0.003 0.103
0.025 -0.001 0.101
0.035 -0.001 0.105
0.037 0.001 0.105
0.027 0.005 0.105
-0.001 0.011 0.091
0.027 0.009 0.107
0.025 0.007 0.107
0.025 0.009 0.111
0.041 0.003 0.105
-0.041 0.005 0.079
-0.043 0.005 0.087
-0.045 0.003 0.083
-0.041 0.005 0.085
-0.045 0.003 0.083
-0.041 0.001 0.069
-0.025 0.003 0.087
-0.025 0.001 0.079
-0.011 0.001 0.085
-0.015 0.003 0.089
-0.017 0.003 0.089
-0.041 0.005 0.079
-0.043 0.005 0.081
-0.021 0.007 0.091
-0.025 0.005 0.089
-0.045 0.003 0.087
-0.017 0.011 0.095
-0.021 0.001 0.071
-0.029 0.001 0.071
-0.017 0.001 0.085
-0.023 0.001 0.073
0.017 0.005 0.103
0.019 0.001 0.109
0.017 0.005 0.107
-0.027 0.001 0.077
-0.025 0.001 0.079
0.001 0.001 0.075
0.027 0.003 0.105
0.025 0.001 0.105
0.021 0.005 0.105
-0.005 0.001 0.079
-0.005 0.001 0.081
-0.005 0.003 0.087
0.001 0.001 0.079
0.015 0.007 0.101
0.021 0.009 0.109
-0.003 0.013 0.093
0.013 0.011 0.109
0.035 0.009 0.105
0.027 0.009 0.107
0.017 0.011 0.109
0.021 0.011 0.113
0.025 0.009 0.111
0.023 0.011 0.113
0.027 0.009 0.107
-0.027 0.003 0.085
-0.021 0.001 0.085
-0.027 0.001 0.083
-0.023 0.005 0.089
-0.021 0.005 0.091
-0.021 0.011 0.095
-0.021 0.013 0.095
-0.013 0.011 0.095
-0.015 0.001 0.085
-0.011 0.003 0.089
-0.003 0.003 0.085
-0.013 0.005 0.091
-0.005 0.011 0.093
0.009 0.007 0.103
-0.005 0.013 0.093
-0.017 0.015 0.093
-0.017 0.013 0.095
0.009 0.013 0.111
0.021 0.011 0.115
0.009 0.013 0.111
0.023 0.011 0.113
0.015 0.011 0.109
0.059 -0.009 0.087
0.061 -0.003 0.091
0.059 0.001 0.087
0.061 -0.003 0.087
0.049 0.007 0.059
0.035 0.017 0.055
0.043 0.013 0.061
0.049 -0.003 0.089
0.049 -0.003 0.089
0.053 -0.005 0.099
0.053 -0.009 0.103
0.053 -0.009 0.105
0.055 -0.005 0.105
0.055 -0.003 0.103
0.055 -0.003 0.105
0.051 -0.003 0.107
0.055 0.001 0.105
0.061 -0.003 0.087
0.061 -0.005 0.085
0.049 -0.001 0.059
0.047 -0.001 0.061
0.043 0.011 0.069
0.059 0.003 0.101
0.053 0.003 0.103
0.059 0.005 0.101
0.055 0.007 0.097
0.037 0.013 0.073
0.031 0.019 0.051
0.031 0.019 0.051
0.041 0.019 0.053
0.041 0.017 0.055
0.039 0.017 0.055
0.035 0.017 0.055
0.051 -0.001 0.107
0.055 -0.007 0.105
0.055 -0.007 0.105
0.051 -0.007 0.105
0.049 -0.003 0.107
0.049 -0.003 0.089
0.059 0.001 0.103
0.055 0.005 0.083
0.055 -0.003 0.105
0.057 -0.001 0.105
0.055 0.003 0.103
0.055 -0.001 0.105
0.049 0.007 0.099
0.045 0.007 0.099
0.057 0.005 0.103
0.039 0.009 0.105
0.057 0.005 0.103
0.051 0.001 0.045
0.051 0.003 0.045
0.051 0.005 0.045
0.049 0.009 0.057
0.049 0.009 0.045
0.049 0.007 0.043
0.049 0.009 0.051
0.051 0.007 0.051
0.051 0.013 0.037
0.051 -0.001 0.047
0.051 0.005 0.051
0.051 0.007 0.047
0.051 0.007 0.051
0.043 0.019 0.041
0.047 0.021 0.039
0.045 0.023 0.039
0.041 0.019 0.053
0.043 0.015 0.045
0.045 0.015 0.051
0.045 0.015 0.051
0.049 0.009 0.055
0.043 0.013 0.059
0.041 0.013 0.063
0.051 0.007 0.083
0.043 0.011 0.069
0.045 0.013 0.057
0.045 0.009 0.067
0.045 0.009 0.067
0.047 0.009 0.063
0.049 0.001 0.061
0.049 0.001 0.063
0.049 0.001 0.063
0.039 0.017 0.055
0.041 0.017 0.055
0.037 0.019 0.053
0.039 0.019 0.053
0.043 0.017 0.053
0.039 -0.005 0.099
0.049 0.001 0.107
0.041 0.005 0.105
0.041 0.007 0.105
0.033 -0.003 0.103
0.039 -0.001 0.105
0.031 0.003 0.105
0.041 0.005 0.105
0.053 -0.007 0.105
0.047 -0.003 0.089
0.051 0.001 0.107
0.057 0.001 0.105
0.049 0.007 0.099
0.049 -0.003 0.107
0.051 -0.003 0.107
0.053 -0.003 0.105
0.049 0.001 0.107
0.041 0.007 0.105
0.051 0.009 0.097
0.021 -0.001 0.101
0.035 -0.001 0.105
0.031 -0.001 0.105
0.029 0.003 0.105
0.033 0.001 0.105
0.031 0.003 0.105
0.027 0.007 0.105
0.027 0.005 0.105
0.035 0.005 0.105
0.031 0.005 0.105
0.025 -0.001 0.105
0.023 0.001 0.107
0.027 0.003 0.105
0.029 0.007 0.105
0.029 0.005 0.105
0.029 0.011 0.105
0.035 -0.003 0.103
0.051 -0.003 0.107
0.051 -0.001 0.107
0.045 0.007 0.099
0.031 -0.003 0.103
0.035 -0.003 0.103
0.041 0.001 0.103
0.039 -0.001 0.103
0.037 0.011 0.105
0.037 0.011 0.105
0.035 0.013 0.105
0.033 0.019 0.101
0.041 0.013 0.103
0.041 0.013 0.103
0.041 0.013 0.103
0.037 0.015 0.103
0.061 0.003 0.083
0.059 0.001 0.087
0.053 0.005 0.087
0.051 0.005 0.101
0.051 0.007 0.099
0.049 0.007 0.099
0.043 0.011 0.099
0.049 0.009 0.097
0.047 0.009 0.097
0.053 0.007 0.099
0.051 0.009 0.097
0.047 -0.001 0.105
0.051 -0.003 0.107
0.051 0.001 0.107
0.041 -0.001 0.101
0.041 0.001 0.105
0.049 -0.001 0.107
0.043 0.005 0.103
0.041 0.013 0.097
0.043 0.009 0.101
0.043 0.007 0.101
0.043 0.011 0.101
0.049 0.007 0.099
0.059 -0.001 0.089
0.059 0.003 0.085
0.059 0.003 0.099
0.051 0.009 0.097
0.039 0.015 0.099
0.019 0.003 0.109
0.023 -0.001 0.105
0.023 0.001 0.107
0.019 0.001 0.109
0.019 0.001 0.109
0.023 0.013 0.115
0.023 0.013 0.115
0.009 0.013 0.111
0.027 -0.001 0.103
0.021 0.001 0.107
0.023 0.001 0.107
0.027 0.013 0.107
0.023 0.007 0.107
0.025 0.009 0.111
0.031 0.011 0.105
0.019 0.003 0.109
0.023 0.007 0.107
0.029 0.001 0.105
0.025 0.009 0.109
0.025 0.013 0.111
0.029 0.013 0.105
0.017 0.021 0.101
0.007 0.015 0.111
0.013 0.017 0.109
0.025 0.017 0.105
0.025 0.019 0.107
0.027 0.019 0.105
0.025 0.019 0.107
0.037 0.015 0.103
0.031 0.019 0.103
0.033 0.015 0.103
0.025 0.023 0.109
0.027 0.021 0.107
0.025 0.023 0.109
0.029 0.021 0.105
0.005 0.015 0.113
0.021 0.011 0.115
0.035 0.001 0.105
0.051 -0.001 0.107
0.055 -0.001 0.105
0.053 -0.001 0.105
0.049 0.003 0.105
0.043 0.005 0.103
0.043 0.011 0.103
0.043 0.011 0.103
0.041 0.009 0.103
0.043 0.009 0.103
0.033 0.007 0.105
0.057 0.001 0.099
0.055 0.003 0.103
0.057 0.003 0.103
0.051 0.009 0.097
0.051 0.001 0.107
