-0.023 -0.007 0.031
-0.017 -0.005 0.031
-0.015 -0.003 0.031
-0.037 -0.013 0.033
-0.045 -0.013 0.041
-0.047 -0.011 0.049
-0.045 -0.013 0.049
-0.037 -0.011 0.051
-0.035 -0.011 0.049
-0.037 -0.005 0.053
-0.041 -0.003 0.063
-0.025 -0.017 0.047
-0.021 -0.017 0.047
-0.029 -0.013 0.035
-0.019 -0.015 0.039
-0.021 -0.017 0.033
-0.023 -0.011 0.037
-0.023 -0.015 0.041
-0.021 -0.015 0.041
-0.019 -0.015 0.047
-0.023 -0.017 0.047
-0.017 -0.013 0.041
-0.019 -0.015 0.047
-0.013 -0.013 0.033
-0.009 -0.015 0.037
-0.001 -0.015 0.033
-0.023 -0.019 0.055
-0.019 -0.015 0.049
-0.021 -0.019 0.051
-0.015 -0.009 0.049
-0.025 -0.015 0.061
-0.027 -0.013 0.061
-0.015 -0.009 0.051
-0.015 -0.009 0.051
0.031 -0.019 0.031
0.031 -0.021 0.033
0.005 -0.013 0.035
0.005 -0.013 0.037
0.011 -0.011 0.039
0.009 -0.013 0.039
0.005 -0.009 0.043
0.013 -0.007 0.045
0.017 -0.015 0.035
0.027 -0.021 0.037
0.031 -0.021 0.033
0.021 -0.013 0.047
0.003 -0.003 0.051
0.005 -0.003 0.049
0.007 -0.005 0.053
0.023 -0.009 0.053
0.027 -0.009 0.055
0.027 -0.009 0.055
0.035 -0.021 0.035
0.039 -0.019 0.035
0.039 -0.021 0.037
0.039 -0.019 0.039
0.043 -0.007 0.037
0.049 -0.005 0.041
0.037 -0.011 0.049
0.043 -0.009 0.049
0.045 -0.007 0.055
0.049 -0.005 0.053
0.027 -0.003 0.071
0.025 -0.001 0.077
0.031 -0.005 0.083
0.025 -0.003 0.085
0.023 -0.001 0.089
0.031 -0.003 0.091
0.045 -0.003 0.065
0.035 -0.007 0.083
0.039 -0.007 0.083
0.045 -0.009 0.087
0.035 -0.005 0.089
0.053 -0.013 0.083
0.059 -0.009 0.087
0.049 -0.009 0.089
0.041 -0.009 0.097
0.039 -0.001 0.103
0.047 -0.009 0.099
0.053 -0.009 0.103
0.053 -0.007 0.099
0.051 -0.007 0.097
-0.031 -0.013 0.033
-0.027 -0.011 0.031
-0.027 -0.013 0.039
-0.041 -0.013 0.051
-0.043 -0.005 0.063
-0.029 -0.013 0.059
-0.021 -0.011 0.037
-0.021 -0.015 0.041
-0.023 -0.017 0.047
-0.023 -0.017 0.047
-0.021 -0.017 0.049
-0.007 -0.015 0.035
-0.009 -0.015 0.035
-0.005 -0.015 0.035
-0.005 -0.005 0.039
-0.009 -0.005 0.041
-0.009 -0.005 0.043
-0.009 -0.003 0.041
-0.009 -0.001 0.045
-0.007 0.007 0.047
0.001 0.001 0.047
-0.009 -0.015 0.035
-0.013 -0.007 0.039
-0.011 -0.007 0.041
-0.017 -0.013 0.045
-0.015 -0.009 0.045
-0.011 -0.007 0.043
-0.009 -0.005 0.045
-0.013 -0.009 0.043
-0.009 -0.003 0.043
-0.021 -0.017 0.053
-0.021 -0.015 0.053
-0.023 -0.015 0.061
-0.027 -0.009 0.063
-0.003 0.005 0.051
-0.009 0.005 0.051
-0.015 0.003 0.059
-0.003 0.001 0.063
-0.005 0.003 0.063
-0.005 0.003 0.063
-0.015 -0.009 0.049
-0.011 -0.005 0.049
-0.021 -0.013 0.061
-0.021 0.001 0.063
-0.015 0.005 0.061
-0.011 0.003 0.051
-0.011 0.005 0.053
-0.045 -0.003 0.065
-0.039 -0.001 0.065
-0.043 0.003 0.071
-0.043 0.005 0.073
-0.033 0.003 0.079
-0.045 0.005 0.075
-0.055 0.003 0.087
-0.055 0.005 0.085
-0.041 0.005 0.083
-0.045 0.003 0.085
-0.045 0.003 0.087
-0.043 0.005 0.081
-0.025 -0.011 0.065
-0.017 0.005 0.067
-0.017 0.005 0.067
-0.019 0.001 0.079
-0.009 0.005 0.071
-0.013 0.005 0.075
-0.015 0.005 0.075
-0.011 0.003 0.075
-0.023 -0.007 0.069
-0.021 0.001 0.071
-0.017 0.005 0.067
-0.025 0.001 0.075
-0.031 0.007 0.087
-0.023 0.011 0.095
-0.019 0.005 0.091
-0.015 0.001 0.085
-0.015 0.003 0.087
-0.009 0.003 0.087
-0.021 0.001 0.079
0.031 -0.021 0.033
0.033 -0.021 0.033
0.041 0.001 0.031
0.013 -0.015 0.035
0.009 -0.013 0.039
0.035 -0.021 0.035
0.023 -0.019 0.035
0.011 -0.009 0.047
0.013 -0.007 0.047
0.035 -0.023 0.037
0.027 -0.019 0.039
0.035 -0.015 0.045
0.015 0.005 0.063
0.021 -0.003 0.055
0.025 -0.011 0.053
0.027 -0.009 0.055
0.035 -0.011 0.055
0.009 -0.005 0.055
0.021 -0.011 0.049
0.019 -0.007 0.051
0.023 -0.013 0.049
0.039 -0.015 0.035
0.039 -0.021 0.037
0.037 -0.011 0.049
0.045 -0.009 0.043
0.049 0.011 0.035
0.047 -0.005 0.057
0.047 -0.003 0.063
0.051 -0.003 0.049
0.009 0.001 0.069
0.013 0.003 0.065
0.011 0.005 0.071
0.007 0.001 0.073
0.015 0.011 0.073
0.023 0.003 0.067
0.023 0.001 0.071
0.017 0.003 0.077
0.005 -0.001 0.069
0.029 -0.001 0.077
0.001 0.003 0.081
0.007 0.009 0.081
0.015 0.005 0.083
0.009 0.003 0.093
0.019 0.003 0.083
0.021 0.001 0.091
0.017 0.001 0.093
0.023 -0.001 0.093
0.023 -0.001 0.083
0.021 -0.001 0.085
0.031 -0.005 0.087
0.031 -0.005 0.087
0.035 -0.001 0.075
0.039 0.003 0.075
0.041 0.001 0.073
0.037 -0.001 0.073
0.035 0.001 0.077
0.045 0.003 0.095
0.037 -0.005 0.089
0.037 -0.005 0.093
0.047 0.007 0.093
0.047 0.007 0.093
0.057 -0.001 0.083
0.053 0.003 0.095
0.015 0.003 0.099
0.009 0.003 0.095
0.011 0.003 0.101
0.021 -0.001 0.099
0.019 -0.001 0.095
0.021 -0.001 0.105
0.021 -0.001 0.105
0.019 0.001 0.105
0.023 0.007 0.107
0.021 -0.001 0.097
0.023 -0.001 0.097
0.021 -0.001 0.101
0.047 -0.003 0.097
0.049 -0.009 0.099
0.041 -0.007 0.095
0.041 -0.009 0.099
0.035 -0.003 0.103
0.035 -0.003 0.103
0.053 0.001 0.097
-0.043 0.003 0.039
-0.041 0.007 0.037
-0.043 0.001 0.037
-0.047 0.001 0.047
-0.047 -0.003 0.045
-0.049 0.001 0.053
-0.045 0.003 0.053
-0.037 -0.001 0.049
-0.029 0.005 0.051
-0.033 0.011 0.043
-0.031 0.013 0.043
-0.035 -0.001 0.047
-0.031 0.011 0.045
-0.029 0.009 0.045
-0.025 0.021 0.043
-0.025 0.021 0.045
-0.025 0.023 0.041
-0.023 0.023 0.041
-0.021 0.025 0.041
-0.025 0.021 0.047
-0.023 0.021 0.051
-0.031 0.011 0.055
-0.029 0.005 0.051
-0.035 0.005 0.059
-0.025 0.019 0.053
-0.025 0.019 0.055
-0.033 0.019 0.071
0.009 0.001 0.033
0.011 0.021 0.039
0.007 0.015 0.039
-0.015 0.025 0.043
-0.015 0.025 0.043
-0.011 0.023 0.041
0.005 0.005 0.037
0.003 0.005 0.039
0.007 0.005 0.035
0.007 0.009 0.035
0.001 0.013 0.045
0.001 0.011 0.045
-0.001 0.013 0.049
0.005 0.013 0.041
0.011 0.021 0.045
-0.003 0.017 0.059
0.001 0.019 0.057
-0.003 0.017 0.059
0.013 0.019 0.055
0.011 0.019 0.059
0.011 0.019 0.057
0.011 0.019 0.059
0.011 0.021 0.047
0.009 0.019 0.053
0.015 0.023 0.041
0.019 0.021 0.043
0.023 0.023 0.039
0.029 0.021 0.039
0.021 0.017 0.049
0.021 0.017 0.049
0.035 0.021 0.045
0.027 0.013 0.063
0.031 0.013 0.063
0.039 0.017 0.055
-0.007 0.017 0.067
0.017 0.013 0.075
0.015 0.015 0.093
0.029 0.015 0.069
0.037 0.013 0.067
0.017 0.025 0.097
0.017 0.025 0.097
0.029 0.021 0.097
0.033 0.017 0.089
0.039 0.013 0.085
0.049 0.007 0.083
0.045 0.009 0.085
0.047 0.007 0.087
0.055 0.005 0.083
0.057 0.003 0.087
0.045 0.011 0.091
0.017 0.019 0.099
0.013 0.025 0.101
0.019 0.025 0.099
0.019 0.025 0.099
0.021 0.025 0.099
0.035 0.017 0.099
0.051 0.003 0.103
0.051 0.003 0.103
-0.041 0.009 0.031
-0.027 0.017 0.035
-0.035 0.011 0.039
-0.041 0.009 0.033
-0.037 0.013 0.033
-0.039 0.005 0.041
-0.035 0.007 0.041
-0.035 0.009 0.041
-0.047 0.005 0.061
-0.043 0.007 0.061
-0.041 0.005 0.059
-0.035 0.015 0.035
-0.023 0.013 0.033
-0.023 0.013 0.033
-0.031 0.015 0.043
-0.029 0.017 0.045
-0.023 0.025 0.039
-0.019 0.027 0.039
-0.011 0.019 0.045
-0.013 0.019 0.049
-0.029 0.019 0.037
-0.021 0.027 0.039
-0.029 0.017 0.045
-0.017 0.025 0.043
-0.031 0.007 0.053
-0.025 0.019 0.055
-0.025 0.019 0.055
-0.025 0.019 0.053
-0.023 0.019 0.053
-0.005 0.013 0.057
-0.019 0.019 0.061
-0.027 0.017 0.055
-0.025 0.019 0.055
-0.031 0.019 0.061
-0.029 0.019 0.061
-0.021 0.021 0.061
-0.013 0.019 0.055
-0.037 0.013 0.067
-0.035 0.015 0.065
-0.047 0.009 0.073
-0.039 0.011 0.073
-0.037 0.013 0.075
-0.037 0.013 0.077
-0.033 0.019 0.073
-0.053 0.007 0.083
-0.055 0.005 0.087
-0.049 0.009 0.083
-0.043 0.011 0.083
-0.035 0.013 0.083
-0.037 0.013 0.069
-0.033 0.019 0.067
-0.037 0.015 0.073
-0.017 0.015 0.067
-0.033 0.017 0.081
-0.029 0.019 0.079
-0.009 0.015 0.067
-0.019 0.019 0.077
-0.023 0.021 0.079
-0.015 0.021 0.081
-0.029 0.019 0.071
-0.027 0.021 0.071
-0.023 0.019 0.067
-0.025 0.021 0.075
-0.023 0.019 0.075
-0.019 0.019 0.075
-0.017 0.019 0.077
-0.013 0.019 0.075
-0.003 0.021 0.073
-0.029 0.017 0.087
-0.027 0.017 0.089
-0.025 0.015 0.091
-0.025 0.013 0.093
-0.017 0.013 0.095
-0.021 0.015 0.093
-0.019 0.013 0.095
-0.023 0.019 0.087
-0.015 0.019 0.089
-0.021 0.019 0.089
-0.011 0.013 0.095
-0.013 0.019 0.089
-0.007 0.017 0.089
-0.003 0.013 0.091
-0.019 0.019 0.089
-0.005 0.019 0.085
0.013 0.011 0.031
0.015 0.017 0.033
0.019 0.025 0.035
0.019 0.023 0.031
0.025 0.023 0.035
0.007 0.013 0.039
0.001 0.007 0.045
0.003 0.013 0.043
0.003 0.013 0.043
0.005 0.015 0.043
0.013 0.023 0.037
0.021 0.025 0.035
0.013 0.019 0.035
0.029 0.023 0.035
0.025 0.023 0.037
0.017 0.023 0.043
0.019 0.023 0.041
0.021 0.017 0.047
0.027 0.021 0.045
0.013 0.017 0.057
0.027 0.013 0.053
0.025 0.009 0.061
0.015 0.015 0.059
0.029 0.011 0.059
0.015 0.017 0.057
0.037 0.019 0.041
0.041 0.019 0.041
0.043 0.021 0.037
0.047 0.023 0.039
0.035 0.021 0.043
0.037 0.021 0.045
0.035 0.017 0.055
0.041 0.017 0.055
0.043 0.015 0.055
0.047 0.011 0.057
0.007 0.019 0.071
0.009 0.019 0.067
0.015 0.013 0.075
0.019 0.013 0.071
0.031 0.015 0.071
0.001 0.021 0.071
0.001 0.019 0.077
0.027 0.017 0.075
0.025 0.017 0.077
0.003 0.013 0.087
0.009 0.007 0.087
0.011 0.013 0.087
0.003 0.015 0.083
-0.001 0.017 0.087
0.015 0.017 0.087
0.009 0.007 0.089
0.011 0.007 0.095
0.013 0.015 0.095
0.013 0.015 0.083
0.021 0.021 0.085
0.015 0.015 0.093
0.015 0.025 0.095
0.015 0.025 0.087
0.015 0.025 0.089
0.023 0.023 0.091
0.039 0.013 0.069
0.027 0.017 0.077
0.029 0.015 0.079
0.033 0.015 0.073
0.037 0.013 0.073
0.035 0.013 0.075
0.031 0.015 0.075
0.033 0.013 0.079
0.031 0.017 0.085
0.037 0.015 0.085
0.043 0.011 0.083
0.029 0.019 0.091
0.029 0.019 0.091
0.045 0.013 0.093
0.051 0.005 0.081
0.053 0.005 0.087
0.057 0.005 0.081
0.047 0.011 0.093
0.015 0.005 0.103
0.013 0.025 0.103
0.013 0.025 0.103
0.013 0.025 0.103
0.015 0.015 0.105
0.003 0.019 0.111
0.029 0.021 0.097
0.029 0.021 0.097
0.027 0.021 0.103
0.019 0.013 0.115
0.021 0.013 0.115
0.003 0.019 0.113
0.039 0.015 0.101
0.039 0.015 0.097
0.045 0.011 0.097
0.039 0.015 0.101
0.029 0.021 0.105
0.029 0.021 0.105
0.037 0.011 0.105
0.027 0.021 0.105
0.055 0.007 0.099
0.053 0.005 0.101
0.053 0.009 0.097
