-0.045 -0.009 0.037
-0.041 -0.003 0.063
-0.037 -0.015 0.039
-0.025 -0.013 0.043
-0.023 -0.009 0.067
0.027 -0.015 0.047
0.039 -0.013 0.045
0.025 -0.003 0.089
0.043 -0.009 0.083
0.059 -0.007 0.091
0.041 -0.009 0.099
0.053 -0.009 0.105
0.049 -0.003 0.107
-0.043 -0.009 0.035
-0.035 -0.013 0.047
-0.037 -0.009 0.053
-0.039 0.001 0.067
-0.033 0.003 0.073
-0.007 0.005 0.089
-0.019 0.003 0.089
0.005 0.001 0.037
0.017 -0.007 0.049
0.021 -0.005 0.053
0.025 0.003 0.057
0.025 0.003 0.057
-0.003 0.003 0.085
0.019 0.001 0.089
0.031 -0.001 0.077
0.023 -0.001 0.101
0.017 0.011 0.107
0.039 -0.003 0.101
-0.043 -0.011 0.053
-0.019 -0.013 0.047
-0.005 -0.009 0.039
-0.019 -0.013 0.051
-0.019 -0.009 0.055
0.029 -0.021 0.037
0.037 -0.009 0.057
-0.001 -0.013 0.033
-0.017 -0.015 0.043
0.003 -0.003 0.051
-0.015 0.005 0.061
0.009 -0.005 0.053
-0.021 0.001 0.079
-0.045 0.003 0.081
0.011 0.001 0.067
-0.007 0.001 0.081
0.039 -0.007 0.033
0.039 -0.015 0.035
0.051 0.003 0.053
0.021 0.003 0.071
0.013 0.003 0.087
0.033 -0.005 0.083
0.015 0.001 0.089
0.055 -0.013 0.085
0.037 -0.007 0.095
-0.041 -0.015 0.045
-0.045 -0.007 0.061
-0.043 -0.009 0.059
-0.023 -0.005 0.045
-0.021 -0.005 0.051
0.023 -0.001 0.083
0.029 -0.005 0.097
0.029 -0.003 0.101
0.039 -0.001 0.105
0.047 -0.001 0.105
-0.043 0.001 0.069
-0.031 0.003 0.081
-0.029 0.003 0.085
-0.035 0.015 0.075
-0.055 0.005 0.087
-0.027 0.017 0.089
-0.031 0.003 0.083
-0.015 0.021 0.087
-0.033 0.005 0.083
-0.015 0.005 0.091
0.015 0.025 0.089
0.019 0.005 0.103
0.015 0.015 0.099
0.051 0.001 0.107
-0.029 0.019 0.065
-0.017 0.013 0.067
-0.007 0.011 0.051
0.025 0.021 0.043
0.015 0.021 0.051
0.017 0.013 0.059
0.029 0.011 0.057
-0.027 0.019 0.045
-0.027 0.019 0.057
-0.041 0.011 0.077
-0.019 0.019 0.089
-0.023 0.017 0.091
-0.019 0.017 0.091
-0.001 0.013 0.089
0.015 0.023 0.037
0.015 0.011 0.063
0.043 0.019 0.041
0.025 0.015 0.073
0.017 0.025 0.093
0.017 0.025 0.087
0.039 0.013 0.065
0.015 0.025 0.101
0.023 0.021 0.107
0.019 0.015 0.109
0.047 0.005 0.101
-0.019 -0.011 0.061
-0.023 -0.009 0.067
0.025 -0.013 0.051
0.053 -0.013 0.085
0.055 -0.013 0.087
0.053 -0.009 0.091
0.039 -0.013 0.035
0.051 -0.003 0.051
0.049 -0.005 0.105
-0.013 0.001 0.083
0.039 0.009 0.105
-0.001 0.011 0.091
0.035 0.005 0.105
-0.009 0.009 0.091
-0.021 0.007 0.091
0.025 0.013 0.111
0.037 0.017 0.055
0.037 0.017 0.055
0.047 0.007 0.099
0.053 -0.007 0.105
0.053 0.001 0.105
0.041 0.007 0.105
0.059 0.005 0.101
0.025 0.019 0.107
0.039 0.021 0.051
0.015 0.021 0.047
0.011 0.017 0.063
0.015 0.011 0.061
0.019 0.011 0.057
0.025 0.015 0.071
0.007 0.017 0.073
0.047 0.009 0.063
0.047 -0.001 0.037
0.035 0.001 0.077
0.059 -0.001 0.089
0.055 0.001 0.097
0.009 0.019 0.065
-0.017 0.017 0.065
-0.013 0.021 0.085
0.005 0.017 0.077
-0.021 0.019 0.067
0.017 0.025 0.089
0.027 0.023 0.037
0.037 0.013 0.065
0.033 0.013 0.059
0.041 0.017 0.055
0.041 0.017 0.055
0.031 0.017 0.085
0.041 0.003 0.073
0.007 0.019 0.111
0.031 0.021 0.103
0.051 0.007 0.099
0.051 0.005 0.101
-0.025 0.021 0.061
-0.017 0.021 0.047
-0.007 0.013 0.041
-0.021 0.019 0.067
0.019 0.009 0.061
0.021 0.021 0.085
0.039 0.009 0.075
0.055 -0.001 0.091
0.021 0.013 0.109
0.045 0.001 0.103
0.051 0.003 0.103
-0.049 0.003 0.057
-0.021 0.019 0.063
-0.007 0.017 0.069
-0.011 0.013 0.059
-0.003 0.017 0.059
-0.037 0.013 0.077
-0.039 0.011 0.081
-0.021 0.021 0.079
-0.027 0.017 0.089
-0.001 0.013 0.091
-0.023 0.019 0.089
-0.007 0.017 0.089
0.011 0.021 0.039
0.029 0.021 0.039
0.049 0.023 0.035
0.001 0.019 0.081
0.015 0.025 0.093
0.037 0.013 0.069
0.015 0.013 0.099
0.025 0.023 0.109
-0.015 -0.009 0.039
-0.019 -0.013 0.049
0.045 -0.007 0.059
0.037 -0.009 0.057
0.045 -0.005 0.037
0.051 -0.001 0.045
0.021 -0.001 0.107
0.049 0.003 0.061
0.063 -0.007 0.093
0.061 -0.005 0.093
0.035 -0.003 0.073
0.061 -0.001 0.085
0.057 0.003 0.087
0.057 0.005 0.099
0.057 0.001 0.099
0.053 0.009 0.095
0.043 0.011 0.101
0.055 -0.005 0.103
0.035 0.005 0.105
0.041 0.019 0.053
0.049 0.009 0.053
0.041 0.009 0.073
0.041 0.005 0.105
-0.047 -0.005 0.061
-0.033 -0.007 0.049
-0.023 -0.019 0.055
-0.021 -0.013 0.061
0.013 -0.011 0.043
0.037 -0.019 0.043
0.033 -0.019 0.045
0.035 -0.007 0.097
0.049 -0.013 0.085
-0.043 -0.005 0.063
-0.033 -0.001 0.047
-0.049 0.001 0.061
-0.033 0.003 0.079
-0.025 0.013 0.093
-0.011 0.001 0.085
-0.033 0.011 0.089
-0.011 0.001 0.085
-0.015 0.009 0.093
-0.029 0.017 0.087
-0.023 0.019 0.089
0.007 0.011 0.085
0.021 0.001 0.107
0.009 0.013 0.111
0.025 0.005 0.105
0.019 0.009 0.107
0.023 0.011 0.113
0.043 0.005 0.103
0.033 0.013 0.105
-0.023 -0.013 0.063
0.037 -0.021 0.041
0.031 -0.013 0.051
0.035 -0.011 0.055
0.039 -0.013 0.037
0.033 -0.003 0.073
0.037 -0.001 0.073
0.051 -0.013 0.085
0.039 -0.015 0.039
0.025 -0.013 0.049
0.041 -0.011 0.045
0.049 -0.007 0.049
0.007 -0.005 0.055
-0.015 0.001 0.051
0.011 -0.001 0.063
0.031 -0.007 0.059
-0.021 -0.003 0.065
0.027 -0.001 0.079
-0.005 0.001 0.083
0.051 0.003 0.045
0.041 -0.005 0.063
0.047 -0.005 0.059
0.037 0.001 0.075
0.047 0.003 0.067
0.043 0.003 0.071
0.037 0.009 0.077
0.059 0.001 0.087
0.061 -0.001 0.085
0.023 0.001 0.107
-0.045 0.007 0.087
0.021 -0.013 0.047
-0.009 0.011 0.095
0.021 -0.011 0.049
-0.005 0.011 0.093
-0.001 0.011 0.091
0.031 -0.019 0.045
0.047 -0.001 0.105
-0.033 0.019 0.077
-0.029 0.015 0.089
-0.019 0.021 0.087
-0.015 0.007 0.091
-0.017 0.021 0.083
-0.003 0.019 0.083
0.031 0.017 0.051
0.009 0.013 0.079
0.011 0.013 0.087
0.015 0.025 0.103
0.025 0.019 0.107
-0.043 -0.015 0.045
-0.037 -0.005 0.055
0.009 -0.007 0.049
0.021 -0.015 0.039
0.037 -0.007 0.095
-0.035 -0.011 0.049
-0.033 0.003 0.073
-0.003 0.007 0.089
0.017 0.003 0.059
0.015 0.005 0.063
0.047 -0.005 0.039
0.049 -0.005 0.051
0.049 0.001 0.061
0.043 -0.003 0.067
0.045 -0.003 0.065
0.029 -0.001 0.077
0.017 0.001 0.087
0.053 -0.009 0.101
0.061 -0.005 0.085
0.059 0.001 0.101
-0.043 -0.015 0.041
-0.049 -0.005 0.053
-0.023 -0.007 0.051
-0.027 -0.011 0.061
0.017 -0.015 0.041
0.025 -0.019 0.039
0.025 -0.001 0.073
-0.045 0.001 0.043
-0.047 0.001 0.047
-0.047 0.001 0.049
-0.043 0.001 0.069
-0.033 0.015 0.061
-0.035 0.013 0.063
-0.023 0.001 0.071
-0.041 -0.011 0.055
-0.045 0.001 0.067
0.001 -0.001 0.069
-0.007 0.003 0.087
0.015 0.017 0.091
0.015 0.021 0.091
0.031 -0.001 0.077
0.011 0.003 0.093
0.019 -0.001 0.107
-0.041 0.005 0.041
-0.043 -0.001 0.067
-0.031 0.007 0.043
-0.047 0.005 0.067
0.041 -0.009 0.083
-0.047 0.005 0.089
0.019 -0.001 0.095
0.015 0.001 0.103
-0.043 0.003 0.035
-0.035 0.015 0.035
-0.047 0.003 0.053
-0.047 0.007 0.065
-0.031 0.011 0.055
-0.029 0.013 0.055
-0.031 0.019 0.061
-0.035 0.017 0.069
-0.047 0.009 0.073
-0.031 0.019 0.079
-0.019 0.027 0.041
-0.031 0.019 0.063
-0.023 0.021 0.057
0.017 0.023 0.043
-0.031 0.019 0.063
-0.049 0.011 0.081
-0.035 0.013 0.087
0.019 0.003 0.105
0.019 0.009 0.103
-0.031 -0.013 0.035
-0.031 -0.013 0.043
-0.013 -0.009 0.043
-0.025 -0.011 0.063
0.019 -0.015 0.035
0.029 -0.011 0.053
0.023 -0.009 0.053
0.049 -0.005 0.055
-0.041 -0.015 0.045
-0.029 -0.011 0.045
-0.035 -0.015 0.045
-0.025 -0.011 0.041
-0.015 0.003 0.055
-0.045 0.005 0.075
-0.035 0.005 0.075
-0.057 0.005 0.081
-0.015 0.005 0.075
-0.011 0.001 0.079
-0.013 0.005 0.091
-0.007 0.007 0.091
0.003 -0.003 0.051
0.017 -0.001 0.057
0.025 -0.019 0.041
0.007 0.003 0.077
0.019 0.003 0.083
0.017 0.001 0.087
0.013 0.003 0.091
0.009 0.013 0.109
-0.043 -0.015 0.043
-0.013 -0.007 0.039
0.035 -0.015 0.045
0.039 -0.011 0.047
0.047 -0.003 0.063
0.027 -0.003 0.067
-0.021 -0.017 0.049
-0.017 0.005 0.067
-0.015 0.005 0.091
0.033 -0.021 0.035
0.023 -0.019 0.035
0.015 0.003 0.061
0.019 0.003 0.057
0.047 -0.003 0.037
0.041 -0.009 0.039
0.043 -0.009 0.047
0.051 0.001 0.057
0.041 -0.005 0.089
0.039 0.003 0.095
0.053 0.003 0.095
0.009 0.013 0.107
0.027 -0.001 0.103
0.021 0.001 0.103
0.021 -0.001 0.095
-0.023 -0.019 0.051
0.037 -0.021 0.043
0.053 -0.013 0.085
-0.017 -0.009 0.053
-0.011 0.003 0.049
0.011 0.001 0.067
-0.001 0.001 0.077
-0.003 0.001 0.081
-0.001 0.005 0.085
0.019 -0.001 0.095
0.029 -0.013 0.051
0.043 -0.009 0.047
0.051 0.007 0.053
0.049 0.003 0.063
0.051 0.005 0.051
0.037 -0.007 0.087
0.045 -0.001 0.089
0.061 -0.001 0.085
0.033 0.013 0.105
0.055 -0.001 0.105
-0.049 -0.003 0.055
-0.047 0.005 0.063
-0.045 0.001 0.045
-0.037 0.001 0.043
-0.035 0.001 0.043
-0.033 0.011 0.043
-0.027 0.021 0.043
-0.025 0.021 0.063
-0.023 0.021 0.061
-0.021 0.021 0.053
-0.021 0.021 0.055
-0.011 0.021 0.077
0.011 0.015 0.091
0.011 0.015 0.093
-0.017 0.025 0.043
-0.003 0.017 0.061
-0.029 0.019 0.077
-0.027 0.017 0.089
0.015 0.023 0.035
0.007 0.019 0.047
0.007 0.019 0.059
0.037 0.021 0.037
0.041 0.021 0.039
0.027 0.013 0.063
-0.011 0.019 0.089
0.015 0.017 0.087
0.027 0.019 0.085
0.021 0.021 0.085
0.013 0.013 0.097
0.001 0.019 0.113
-0.041 -0.013 0.051
-0.003 -0.013 0.037
0.037 -0.025 0.041
0.009 -0.009 0.045
0.011 -0.011 0.043
0.015 -0.005 0.053
0.039 -0.017 0.039
0.053 -0.011 0.089
-0.009 0.003 0.039
-0.017 0.001 0.053
0.005 0.001 0.075
0.003 -0.001 0.061
-0.005 0.001 0.083
-0.023 0.001 0.081
-0.033 0.003 0.077
-0.051 0.003 0.083
-0.015 0.007 0.065
0.001 0.001 0.073
0.001 0.001 0.079
-0.011 0.005 0.091
0.039 -0.005 0.067
0.039 -0.005 0.065
0.047 -0.011 0.085
0.051 -0.001 0.055
0.051 0.001 0.057
0.051 -0.005 0.089
0.053 -0.009 0.105
0.025 0.007 0.107
0.049 0.001 0.107
0.039 0.009 0.105
-0.043 0.005 0.037
-0.033 -0.001 0.047
-0.031 0.013 0.043
-0.027 0.013 0.049
-0.029 0.017 0.057
0.017 0.017 0.053
0.039 0.015 0.057
0.017 0.015 0.077
0.029 0.015 0.069
-0.039 0.011 0.033
-0.029 0.017 0.035
-0.023 0.023 0.035
-0.043 0.011 0.077
-0.033 0.013 0.087
-0.013 0.015 0.071
-0.015 0.017 0.073
-0.007 0.013 0.093
0.005 0.003 0.037
0.025 0.007 0.057
0.031 0.023 0.037
0.041 0.013 0.083
0.015 0.015 0.105
