-0.049 -0.003 0.047
-0.047 -0.005 0.041
-0.045 -0.003 0.039
-0.043 -0.007 0.035
-0.047 -0.005 0.043
-0.045 -0.003 0.039
-0.043 0.001 0.037
-0.043 0.003 0.035
-0.045 -0.013 0.041
-0.047 -0.009 0.041
-0.047 -0.011 0.045
-0.047 -0.003 0.045
-0.049 -0.003 0.047
-0.047 -0.001 0.049
-0.047 0.001 0.049
-0.047 -0.005 0.043
-0.047 -0.001 0.045
-0.049 -0.003 0.047
-0.039 0.003 0.043
-0.041 0.001 0.045
-0.035 -0.001 0.047
-0.049 -0.005 0.051
-0.049 -0.001 0.057
-0.049 -0.009 0.049
-0.049 -0.009 0.053
-0.049 -0.003 0.057
-0.049 -0.001 0.053
-0.049 -0.001 0.053
-0.049 -0.003 0.049
-0.047 0.003 0.053
-0.047 0.003 0.055
-0.049 0.001 0.055
-0.047 -0.001 0.065
-0.043 0.001 0.049
-0.045 -0.001 0.039
-0.045 -0.001 0.039
-0.043 0.003 0.039
-0.043 0.003 0.037
-0.039 0.009 0.037
-0.039 0.007 0.039
-0.037 0.011 0.037
-0.031 0.005 0.043
-0.037 -0.001 0.047
-0.047 0.001 0.051
-0.045 0.003 0.053
-0.031 0.001 0.045
-0.023 -0.007 0.047
-0.025 -0.007 0.049
-0.037 -0.001 0.047
-0.035 -0.001 0.047
-0.025 -0.007 0.047
-0.029 0.005 0.049
-0.033 0.003 0.043
-0.037 0.009 0.039
-0.031 0.005 0.043
-0.035 0.009 0.041
-0.033 0.011 0.041
-0.035 0.009 0.041
-0.033 0.013 0.041
-0.033 0.009 0.043
-0.031 0.013 0.043
-0.031 0.013 0.045
-0.031 0.015 0.043
-0.029 0.017 0.043
-0.029 0.003 0.047
-0.027 0.011 0.049
-0.049 0.001 0.057
-0.049 0.001 0.061
-0.049 0.003 0.059
-0.049 0.001 0.061
-0.049 0.001 0.057
-0.045 0.007 0.059
-0.045 0.005 0.057
-0.045 0.005 0.057
-0.047 0.005 0.059
-0.023 -0.007 0.051
-0.031 0.007 0.053
-0.047 0.003 0.065
-0.047 0.005 0.067
-0.045 0.007 0.067
-0.047 0.005 0.063
-0.045 0.009 0.067
-0.043 0.009 0.065
-0.031 0.011 0.055
-0.031 0.011 0.055
-0.047 0.003 0.065
-0.043 0.013 0.075
-0.027 0.021 0.043
-0.019 0.025 0.041
-0.017 0.025 0.043
-0.023 0.021 0.047
0.007 0.015 0.039
-0.027 0.017 0.049
-0.025 0.019 0.055
-0.027 0.019 0.057
-0.027 0.019 0.057
-0.025 0.019 0.057
-0.031 0.015 0.045
-0.027 0.013 0.049
-0.025 0.021 0.043
-0.027 0.017 0.051
-0.027 0.017 0.051
-0.027 0.017 0.053
-0.025 0.019 0.055
-0.027 0.017 0.049
-0.025 0.021 0.049
-0.025 0.019 0.055
-0.023 0.019 0.053
-0.023 0.021 0.057
-0.029 0.017 0.047
-0.025 0.021 0.047
-0.027 0.019 0.049
-0.025 0.019 0.051
-0.021 0.023 0.043
-0.017 0.025 0.043
-0.017 0.025 0.045
-0.027 0.017 0.053
-0.025 0.021 0.059
-0.021 0.021 0.059
-0.023 0.021 0.057
-0.025 0.021 0.059
-0.027 0.019 0.065
-0.025 0.021 0.059
-0.023 0.021 0.061
-0.005 0.015 0.059
-0.005 0.015 0.059
-0.003 0.019 0.065
-0.003 0.019 0.065
-0.027 0.017 0.055
-0.025 0.019 0.055
-0.023 0.021 0.057
-0.017 0.025 0.045
0.001 0.013 0.045
0.003 0.017 0.047
-0.017 0.025 0.045
0.009 0.017 0.041
0.009 0.019 0.045
0.003 0.017 0.047
0.005 0.017 0.047
0.007 0.019 0.049
0.007 0.019 0.047
-0.001 0.015 0.051
-0.019 0.021 0.059
-0.001 0.015 0.051
0.001 0.017 0.051
0.003 0.019 0.053
-0.001 0.017 0.055
-0.001 0.019 0.057
0.003 0.019 0.051
0.007 0.019 0.055
0.013 0.021 0.049
-0.005 0.015 0.059
-0.005 0.017 0.065
-0.005 0.019 0.067
0.029 0.011 0.055
0.029 0.011 0.057
-0.027 0.021 0.071
-0.009 0.021 0.075
-0.009 0.021 0.079
-0.005 0.021 0.079
-0.003 0.021 0.073
0.021 0.015 0.071
0.017 0.013 0.073
0.013 0.011 0.089
0.013 0.011 0.091
0.015 0.009 0.095
0.015 0.011 0.095
0.013 0.015 0.093
0.013 0.013 0.097
0.011 0.015 0.089
0.013 0.015 0.089
0.015 0.019 0.087
0.015 0.025 0.089
0.017 0.023 0.091
0.017 0.023 0.091
0.017 0.017 0.095
0.013 0.025 0.095
0.015 0.023 0.093
0.015 0.025 0.093
0.011 0.007 0.099
0.015 0.007 0.101
0.019 -0.001 0.107
0.017 0.003 0.105
0.015 0.007 0.101
0.017 0.009 0.101
0.017 0.011 0.101
0.017 0.013 0.101
0.015 0.015 0.099
0.017 0.011 0.101
0.017 0.013 0.101
0.017 0.015 0.103
0.019 0.015 0.105
0.017 0.011 0.101
0.017 0.011 0.103
0.013 0.015 0.105
0.019 0.015 0.101
0.017 0.013 0.103
0.011 0.017 0.107
0.023 0.015 0.107
-0.043 0.005 0.033
-0.043 0.007 0.033
-0.041 0.009 0.033
-0.039 0.011 0.033
-0.037 0.013 0.033
-0.035 0.015 0.037
-0.029 0.017 0.035
-0.021 0.013 0.031
-0.043 0.005 0.037
-0.039 0.011 0.035
-0.043 0.001 0.043
-0.039 0.005 0.043
-0.033 0.001 0.045
-0.033 0.011 0.041
-0.033 0.011 0.043
-0.049 0.001 0.053
-0.047 0.005 0.059
-0.033 0.017 0.037
-0.029 0.005 0.045
-0.031 0.015 0.045
-0.027 0.023 0.039
-0.029 0.017 0.047
-0.027 0.015 0.051
-0.025 0.021 0.047
-0.021 0.027 0.039
-0.027 0.023 0.041
-0.027 0.023 0.041
-0.019 0.023 0.045
-0.019 0.027 0.041
-0.019 0.027 0.039
-0.019 0.023 0.045
-0.017 0.025 0.043
-0.017 0.027 0.041
-0.029 0.009 0.053
-0.033 0.009 0.057
-0.033 0.009 0.057
-0.031 0.007 0.053
-0.029 0.015 0.055
-0.037 0.009 0.063
-0.035 0.015 0.063
-0.035 0.015 0.063
-0.037 0.013 0.067
-0.035 0.017 0.067
-0.029 0.013 0.053
-0.029 0.015 0.055
-0.027 0.019 0.057
-0.023 0.021 0.055
-0.023 0.021 0.057
-0.025 0.021 0.059
-0.021 0.021 0.053
-0.019 0.021 0.053
-0.023 0.021 0.055
-0.003 0.015 0.055
-0.033 0.017 0.065
-0.027 0.019 0.065
-0.025 0.019 0.067
-0.023 0.021 0.059
-0.025 0.021 0.061
-0.005 0.013 0.057
-0.007 0.013 0.063
-0.007 0.013 0.063
-0.027 0.019 0.051
-0.029 0.017 0.057
-0.029 0.019 0.063
-0.003 0.017 0.057
-0.005 0.017 0.063
-0.055 0.007 0.077
-0.053 0.009 0.079
-0.045 0.007 0.069
-0.043 0.011 0.069
-0.045 0.011 0.073
-0.037 0.011 0.065
-0.037 0.015 0.071
-0.049 0.009 0.075
-0.047 0.011 0.081
-0.043 0.011 0.077
-0.047 0.011 0.075
-0.045 0.011 0.079
-0.035 0.017 0.077
-0.053 0.005 0.083
-0.055 0.005 0.085
-0.049 0.009 0.083
-0.041 0.011 0.081
-0.035 0.013 0.085
-0.033 0.015 0.085
-0.041 0.011 0.067
-0.041 0.011 0.067
-0.035 0.017 0.073
-0.035 0.017 0.071
-0.033 0.019 0.073
-0.041 0.011 0.079
-0.041 0.011 0.081
-0.035 0.015 0.081
-0.035 0.017 0.079
-0.029 0.019 0.075
-0.027 0.021 0.071
-0.023 0.019 0.069
-0.009 0.015 0.067
-0.033 0.019 0.077
-0.033 0.017 0.081
-0.031 0.019 0.079
-0.027 0.021 0.071
-0.031 0.019 0.075
-0.029 0.019 0.073
-0.027 0.021 0.073
-0.031 0.019 0.079
-0.025 0.021 0.077
-0.007 0.019 0.071
-0.003 0.021 0.069
-0.009 0.021 0.075
-0.007 0.021 0.075
-0.003 0.021 0.073
-0.035 0.009 0.085
-0.035 0.011 0.087
-0.035 0.013 0.083
-0.033 0.015 0.085
-0.033 0.013 0.089
-0.029 0.015 0.089
-0.027 0.013 0.091
-0.025 0.015 0.091
-0.027 0.013 0.093
-0.033 0.015 0.083
-0.029 0.015 0.089
-0.027 0.019 0.085
-0.027 0.019 0.085
-0.021 0.021 0.087
-0.017 0.017 0.091
-0.013 0.017 0.091
-0.011 0.017 0.091
-0.029 0.019 0.083
-0.019 0.021 0.083
-0.025 0.019 0.087
-0.021 0.021 0.087
-0.019 0.021 0.087
-0.011 0.021 0.085
-0.005 0.019 0.087
-0.017 0.019 0.089
-0.021 0.025 0.041
-0.019 0.027 0.041
-0.017 0.027 0.039
-0.019 0.027 0.039
0.013 0.021 0.035
0.011 0.019 0.039
0.011 0.021 0.039
-0.023 0.021 0.045
-0.023 0.021 0.047
-0.011 0.019 0.049
0.009 0.015 0.037
0.007 0.015 0.039
0.013 0.021 0.037
0.015 0.023 0.035
0.005 0.017 0.045
0.011 0.021 0.047
0.019 0.025 0.035
0.025 0.023 0.037
0.023 0.023 0.039
0.015 0.021 0.045
0.017 0.023 0.041
0.015 0.021 0.047
0.015 0.021 0.049
0.023 0.019 0.043
0.021 0.023 0.041
0.007 0.019 0.057
-0.009 0.013 0.067
0.003 0.019 0.057
0.007 0.019 0.055
0.005 0.019 0.057
0.009 0.019 0.057
0.011 0.019 0.055
0.007 0.019 0.059
-0.005 0.015 0.061
0.003 0.019 0.061
-0.003 0.019 0.063
-0.001 0.019 0.065
0.029 0.011 0.057
0.003 0.017 0.049
0.003 0.017 0.049
0.001 0.021 0.063
0.009 0.019 0.057
0.011 0.019 0.055
0.029 0.017 0.051
0.011 0.017 0.039
0.025 0.017 0.045
0.019 0.023 0.039
0.019 0.023 0.041
0.033 0.021 0.041
0.031 0.021 0.049
0.013 0.021 0.045
0.031 0.021 0.039
0.045 0.023 0.037
0.029 0.021 0.043
0.035 0.021 0.047
0.045 0.023 0.037
0.033 0.013 0.055
0.035 0.017 0.055
0.035 0.021 0.051
0.039 0.015 0.057
0.027 0.013 0.063
-0.025 0.021 0.077
-0.011 0.017 0.071
-0.011 0.019 0.075
0.001 0.021 0.067
-0.025 0.021 0.081
-0.025 0.021 0.081
-0.005 0.021 0.077
-0.013 0.021 0.081
-0.007 0.021 0.077
-0.003 0.021 0.081
-0.003 0.021 0.071
-0.009 0.021 0.075
-0.005 0.021 0.071
-0.003 0.021 0.069
-0.011 0.021 0.079
-0.005 0.021 0.077
-0.007 0.021 0.081
-0.003 0.021 0.077
0.027 0.015 0.073
0.029 0.015 0.073
0.023 0.017 0.079
0.003 0.021 0.067
0.007 0.019 0.067
-0.003 0.021 0.075
0.021 0.017 0.075
0.023 0.017 0.077
-0.025 0.019 0.085
-0.021 0.021 0.085
-0.021 0.021 0.087
-0.015 0.021 0.087
0.011 0.013 0.087
0.011 0.013 0.087
-0.009 0.017 0.091
0.007 0.007 0.093
0.007 0.007 0.093
0.011 0.013 0.091
0.011 0.013 0.091
0.011 0.015 0.093
0.013 0.015 0.095
-0.009 0.021 0.085
0.013 0.015 0.083
0.019 0.019 0.085
0.011 0.015 0.093
-0.005 0.021 0.083
0.015 0.021 0.087
0.015 0.021 0.091
0.017 0.017 0.083
0.015 0.025 0.087
0.015 0.025 0.093
0.015 0.025 0.093
0.013 0.027 0.095
0.019 0.025 0.093
0.031 0.015 0.071
0.023 0.017 0.077
0.025 0.017 0.077
0.023 0.017 0.079
0.011 0.015 0.087
0.015 0.025 0.087
0.023 0.019 0.083
0.027 0.019 0.083
0.021 0.021 0.085
0.015 0.025 0.089
0.015 0.025 0.089
0.025 0.019 0.083
0.025 0.019 0.083
0.013 0.015 0.093
0.013 0.015 0.091
0.017 0.019 0.091
0.017 0.019 0.097
0.015 0.025 0.093
0.015 0.021 0.095
0.031 0.019 0.095
0.027 0.021 0.095
0.021 0.021 0.085
0.023 0.021 0.085
0.015 0.021 0.091
0.019 0.023 0.091
0.021 0.023 0.091
0.015 0.025 0.093
0.017 0.025 0.093
0.005 0.007 0.101
0.007 0.007 0.097
0.007 0.007 0.103
0.007 0.015 0.107
0.013 0.015 0.105
0.013 0.015 0.105
0.015 0.009 0.097
0.017 0.019 0.099
0.017 0.003 0.105
0.005 0.019 0.109
0.015 0.015 0.105
0.015 0.017 0.107
0.019 0.015 0.107
0.021 0.015 0.105
0.021 0.015 0.107
0.023 0.013 0.111
0.003 0.017 0.111
0.003 0.019 0.111
0.005 0.019 0.109
0.003 0.019 0.111
0.011 0.017 0.107
0.017 0.021 0.101
0.015 0.023 0.101
0.013 0.025 0.101
0.013 0.025 0.101
0.019 0.025 0.097
0.017 0.015 0.103
0.017 0.019 0.099
0.023 0.023 0.101
0.019 0.025 0.099
0.021 0.015 0.107
0.013 0.017 0.107
0.025 0.021 0.103
0.049 0.003 0.105
0.019 0.025 0.101
