-0.043 -0.013 0.037
-0.035 -0.015 0.035
-0.029 -0.013 0.035
-0.027 -0.013 0.037
-0.049 -0.009 0.047
-0.035 -0.015 0.035
-0.035 -0.013 0.047
-0.049 -0.009 0.047
-0.049 -0.009 0.053
-0.047 -0.011 0.051
-0.043 -0.011 0.055
-0.039 -0.013 0.051
-0.039 -0.011 0.053
-0.041 -0.011 0.055
-0.041 -0.003 0.063
-0.021 -0.017 0.043
-0.021 -0.015 0.035
-0.023 -0.015 0.041
-0.031 -0.015 0.039
-0.033 -0.013 0.047
-0.019 -0.017 0.045
-0.035 -0.013 0.049
-0.011 -0.013 0.035
-0.015 -0.013 0.033
-0.005 -0.015 0.035
-0.005 -0.015 0.037
-0.009 -0.013 0.037
-0.009 -0.015 0.037
-0.019 -0.017 0.045
-0.017 -0.013 0.045
-0.021 -0.019 0.051
-0.027 -0.017 0.057
-0.023 -0.019 0.055
-0.027 -0.017 0.057
-0.019 -0.013 0.059
-0.023 -0.017 0.059
-0.025 -0.011 0.063
-0.025 -0.011 0.065
-0.023 -0.019 0.055
-0.025 -0.017 0.057
-0.021 -0.009 0.065
-0.025 -0.009 0.065
-0.025 -0.009 0.065
-0.023 -0.009 0.067
-0.023 -0.007 0.069
0.029 -0.021 0.033
0.007 -0.015 0.035
0.013 -0.015 0.033
0.007 -0.015 0.035
0.027 -0.021 0.037
0.025 -0.019 0.037
0.027 -0.019 0.043
0.027 -0.019 0.043
0.007 -0.015 0.033
0.007 -0.013 0.039
0.005 -0.013 0.037
0.007 -0.013 0.037
0.013 -0.011 0.043
0.021 -0.015 0.039
0.019 -0.015 0.041
0.007 -0.005 0.051
0.003 -0.001 0.049
0.005 -0.003 0.053
0.007 -0.003 0.059
0.007 -0.003 0.059
0.019 -0.003 0.055
0.029 -0.005 0.063
0.035 -0.023 0.043
0.031 -0.021 0.041
0.029 -0.021 0.039
0.029 -0.019 0.043
0.027 -0.019 0.043
0.037 -0.011 0.047
0.045 -0.009 0.049
0.035 -0.011 0.051
0.043 -0.009 0.055
0.033 -0.007 0.059
0.033 -0.005 0.063
0.045 -0.005 0.063
0.047 -0.005 0.059
0.027 -0.003 0.071
0.025 -0.001 0.079
0.039 -0.003 0.071
0.045 -0.009 0.087
0.045 -0.009 0.083
0.035 -0.007 0.097
0.049 -0.013 0.085
0.059 -0.007 0.093
0.029 -0.005 0.097
0.031 -0.001 0.105
0.039 -0.007 0.099
0.049 -0.007 0.103
0.047 -0.005 0.103
0.049 -0.003 0.107
-0.047 -0.005 0.041
-0.047 -0.009 0.043
-0.047 -0.011 0.045
-0.043 -0.013 0.047
-0.043 -0.013 0.049
-0.045 -0.003 0.063
-0.045 -0.007 0.061
-0.041 -0.001 0.067
-0.037 -0.015 0.045
-0.037 -0.013 0.049
-0.041 -0.013 0.051
-0.027 -0.011 0.043
-0.035 -0.013 0.049
-0.045 -0.009 0.057
-0.043 -0.009 0.057
-0.029 0.005 0.053
-0.039 -0.003 0.061
-0.031 0.005 0.057
-0.025 -0.005 0.061
-0.025 -0.011 0.065
-0.025 -0.011 0.065
-0.001 -0.001 0.061
-0.041 -0.001 0.067
-0.033 0.003 0.065
-0.027 0.001 0.061
-0.025 0.001 0.065
-0.007 0.007 0.067
-0.051 0.003 0.081
-0.041 -0.001 0.067
-0.045 0.003 0.071
-0.045 0.005 0.075
-0.049 0.005 0.077
-0.051 0.003 0.081
-0.041 0.005 0.075
-0.041 0.005 0.083
-0.043 0.005 0.079
-0.055 0.005 0.081
-0.051 0.003 0.087
-0.055 0.005 0.085
-0.045 0.003 0.087
-0.031 0.001 0.067
-0.009 0.005 0.071
-0.023 -0.003 0.071
-0.023 0.001 0.069
-0.039 0.007 0.075
-0.029 0.001 0.077
-0.035 0.005 0.079
-0.027 0.003 0.085
-0.015 0.003 0.077
-0.017 0.003 0.077
-0.015 0.001 0.085
-0.027 0.009 0.091
-0.021 0.009 0.093
-0.011 0.001 0.085
-0.003 0.003 0.085
-0.007 0.005 0.089
-0.017 0.009 0.093
-0.017 0.011 0.095
-0.011 0.005 0.091
-0.007 0.007 0.091
-0.005 0.009 0.091
-0.035 0.009 0.085
0.007 -0.001 0.035
0.007 -0.011 0.043
0.005 -0.001 0.039
0.005 -0.001 0.041
0.005 -0.009 0.043
0.017 -0.015 0.041
0.005 -0.011 0.039
0.007 -0.001 0.037
0.001 0.003 0.043
0.003 0.001 0.043
0.001 0.005 0.043
0.015 -0.013 0.041
0.001 0.001 0.045
-0.001 0.003 0.049
-0.001 0.001 0.051
0.005 -0.001 0.041
0.011 -0.001 0.061
0.013 -0.003 0.057
0.025 0.003 0.057
0.027 0.001 0.059
0.025 0.003 0.057
0.009 -0.001 0.061
0.023 0.003 0.067
-0.003 0.003 0.059
-0.001 -0.001 0.059
0.029 -0.015 0.047
0.015 -0.009 0.045
0.017 -0.009 0.047
0.027 -0.011 0.053
0.025 -0.005 0.055
0.027 -0.009 0.055
0.037 -0.011 0.051
0.023 -0.009 0.053
0.019 -0.007 0.051
0.027 -0.001 0.063
0.027 -0.001 0.065
0.029 -0.005 0.063
0.023 0.003 0.055
0.027 -0.003 0.057
0.009 0.001 0.069
0.007 0.001 0.071
0.003 -0.001 0.069
0.005 0.001 0.073
0.003 0.003 0.079
-0.001 0.001 0.081
0.021 0.007 0.067
0.025 -0.001 0.067
0.021 0.007 0.067
0.019 0.003 0.075
0.017 0.007 0.075
0.019 0.003 0.077
0.019 0.003 0.081
-0.007 0.001 0.081
0.007 0.005 0.087
-0.003 0.003 0.085
0.009 0.003 0.097
0.025 -0.003 0.085
0.017 0.001 0.085
0.009 0.005 0.091
0.007 0.005 0.093
0.009 0.005 0.099
0.033 0.001 0.077
0.029 -0.001 0.077
0.023 -0.001 0.087
0.021 -0.001 0.087
0.023 -0.001 0.089
0.025 -0.003 0.089
0.027 -0.003 0.089
0.025 -0.001 0.095
0.031 -0.003 0.093
0.025 -0.001 0.095
0.031 -0.005 0.097
0.029 -0.005 0.097
0.027 -0.003 0.099
0.045 -0.005 0.089
0.041 -0.009 0.097
0.007 0.007 0.099
0.013 0.003 0.097
0.013 0.013 0.105
0.017 0.001 0.103
0.017 0.011 0.103
0.019 0.009 0.105
0.019 0.001 0.107
0.019 0.001 0.109
0.017 0.011 0.109
0.005 0.015 0.111
0.019 0.001 0.103
0.017 0.001 0.103
0.019 0.001 0.105
0.039 -0.001 0.103
0.037 -0.001 0.105
0.025 -0.001 0.101
0.023 -0.001 0.105
0.033 -0.001 0.105
0.031 0.001 0.105
0.045 -0.009 0.101
0.045 -0.005 0.101
0.049 -0.003 0.107
0.039 0.021 0.049
0.039 0.021 0.047
0.037 0.017 0.055
0.035 0.017 0.055
0.017 0.015 0.057
0.017 0.013 0.057
0.021 0.013 0.055
0.031 0.013 0.055
0.023 0.009 0.055
0.013 0.019 0.055
0.005 0.019 0.057
0.011 0.019 0.057
0.007 0.019 0.061
0.007 0.019 0.065
0.007 0.019 0.069
0.015 0.013 0.063
0.013 0.015 0.061
0.013 0.015 0.063
0.017 0.013 0.059
0.009 0.019 0.059
0.009 0.019 0.063
0.013 0.017 0.059
0.013 0.017 0.061
0.013 0.015 0.063
0.009 0.019 0.067
0.041 0.019 0.051
0.041 0.019 0.053
0.035 0.021 0.049
0.033 0.021 0.047
0.039 0.019 0.053
0.041 0.015 0.057
0.043 0.017 0.053
0.045 0.015 0.051
0.041 0.019 0.049
0.039 0.021 0.049
0.043 0.017 0.051
0.037 0.019 0.053
0.043 0.011 0.067
0.035 0.013 0.065
0.033 0.015 0.073
0.031 0.015 0.073
0.027 0.017 0.077
0.033 0.015 0.075
0.033 0.013 0.077
0.039 -0.015 0.033
0.049 0.005 0.041
0.049 0.015 0.041
0.047 0.007 0.037
0.049 0.011 0.039
0.037 -0.015 0.031
0.039 -0.017 0.035
0.051 -0.003 0.045
0.047 -0.007 0.047
0.049 0.011 0.049
0.049 0.011 0.051
0.051 0.005 0.045
0.051 0.005 0.047
0.049 0.011 0.053
0.047 0.011 0.055
0.049 0.011 0.051
0.051 0.005 0.049
0.051 0.003 0.053
0.051 -0.001 0.051
0.041 0.013 0.059
0.041 0.013 0.067
0.051 0.001 0.055
0.049 0.005 0.063
0.037 -0.023 0.041
0.049 0.003 0.037
0.049 -0.005 0.047
0.049 -0.003 0.057
0.047 -0.003 0.063
0.049 -0.005 0.055
0.049 -0.003 0.059
0.045 0.009 0.081
0.037 0.005 0.077
0.037 0.003 0.075
0.049 0.007 0.085
0.047 -0.001 0.065
0.061 0.001 0.085
0.059 0.001 0.087
0.061 -0.001 0.087
0.055 0.003 0.089
0.057 0.003 0.087
0.053 0.005 0.085
0.055 0.003 0.089
0.045 0.003 0.089
0.057 0.005 0.097
0.055 0.007 0.097
0.061 -0.001 0.085
0.059 -0.001 0.089
0.061 -0.001 0.085
0.057 0.001 0.089
0.059 -0.001 0.089
0.059 -0.003 0.093
0.053 0.007 0.099
0.037 0.005 0.105
0.059 0.003 0.099
0.057 0.005 0.103
0.049 0.003 0.105
0.053 -0.007 0.101
0.017 0.023 0.043
0.021 0.023 0.041
0.021 0.023 0.041
-0.009 0.015 0.043
-0.009 0.017 0.047
0.013 0.021 0.045
0.009 0.019 0.053
-0.013 0.025 0.039
0.003 0.021 0.067
0.001 0.021 0.069
-0.001 0.021 0.067
-0.019 0.017 0.067
0.015 0.021 0.049
-0.011 0.015 0.037
-0.011 0.019 0.045
-0.015 0.021 0.047
0.037 0.021 0.049
0.035 0.021 0.049
0.021 0.015 0.051
-0.013 0.027 0.039
-0.015 0.025 0.045
-0.015 0.025 0.045
-0.015 0.027 0.041
-0.015 0.027 0.041
0.011 0.019 0.059
0.001 0.019 0.055
0.011 0.017 0.065
0.009 0.019 0.067
0.011 0.015 0.069
0.019 0.015 0.055
0.013 0.019 0.055
0.013 0.017 0.059
0.011 0.015 0.067
0.007 0.019 0.067
-0.017 0.021 0.051
-0.019 0.021 0.053
-0.009 0.017 0.049
-0.015 0.021 0.083
-0.003 0.021 0.077
-0.025 0.021 0.079
-0.019 0.017 0.091
-0.017 0.019 0.089
-0.005 0.019 0.087
-0.007 0.019 0.087
-0.009 0.019 0.089
-0.015 0.017 0.091
-0.001 0.019 0.085
0.015 0.025 0.087
-0.007 0.021 0.085
-0.005 0.019 0.087
-0.015 0.021 0.083
0.009 0.017 0.069
0.001 0.021 0.073
0.023 0.021 0.085
0.005 0.017 0.077
0.025 0.015 0.073
0.023 0.017 0.077
0.009 0.015 0.073
0.001 0.021 0.073
0.017 0.017 0.079
0.021 0.017 0.077
0.031 0.015 0.079
-0.027 0.019 0.065
-0.023 0.021 0.077
-0.001 0.021 0.077
0.001 0.019 0.079
0.021 0.023 0.093
0.023 0.023 0.093
-0.007 0.019 0.087
-0.011 0.021 0.087
0.029 0.019 0.089
0.031 0.017 0.087
0.029 0.019 0.089
-0.015 0.021 0.087
-0.017 0.021 0.087
-0.015 0.021 0.083
-0.013 0.021 0.081
-0.007 0.021 0.083
0.051 0.011 0.037
0.051 0.013 0.035
0.051 0.013 0.035
0.049 0.011 0.039
0.049 0.021 0.039
0.019 0.023 0.041
0.023 0.023 0.037
0.025 0.021 0.041
0.027 0.021 0.041
0.029 0.021 0.045
0.037 0.013 0.069
0.015 0.013 0.063
0.043 0.013 0.061
0.035 0.021 0.051
0.039 0.017 0.055
0.043 0.011 0.067
0.031 0.013 0.063
0.039 0.013 0.063
0.013 0.021 0.053
0.015 0.019 0.053
0.009 0.019 0.059
0.011 0.019 0.061
0.011 0.017 0.063
0.049 0.003 0.037
0.053 0.015 0.037
0.051 0.003 0.057
0.037 0.021 0.049
0.039 0.021 0.051
0.041 0.019 0.053
0.037 0.013 0.071
0.037 0.013 0.073
0.027 0.015 0.067
0.029 0.017 0.083
0.031 0.015 0.079
0.037 0.013 0.073
0.043 0.009 0.069
0.033 0.015 0.069
0.031 0.015 0.065
0.003 0.021 0.065
0.005 0.019 0.073
0.005 0.017 0.077
0.023 0.021 0.087
0.025 0.021 0.089
0.027 0.019 0.083
0.029 0.019 0.089
0.037 0.017 0.095
0.027 0.021 0.095
0.029 0.021 0.097
0.043 0.011 0.085
0.037 0.013 0.087
0.043 0.011 0.087
0.039 0.013 0.083
0.049 0.011 0.095
0.027 0.019 0.087
0.027 0.021 0.089
0.047 0.003 0.067
0.043 0.005 0.071
0.037 0.013 0.065
0.041 0.003 0.073
0.035 0.015 0.083
0.041 0.013 0.083
0.045 0.013 0.093
0.049 0.011 0.095
0.055 0.003 0.085
0.039 0.015 0.101
0.011 0.017 0.111
0.025 0.021 0.109
0.013 0.015 0.111
0.037 0.015 0.103
0.033 0.017 0.103
0.027 0.013 0.107
0.027 0.011 0.109
0.025 0.023 0.109
0.055 0.007 0.099
0.047 0.007 0.099
0.047 0.005 0.101
0.039 0.015 0.099
0.055 0.007 0.097
0.059 0.001 0.101
