-0.043 0.001 0.037
-0.043 -0.013 0.039
-0.043 -0.005 0.035
-0.045 -0.013 0.043
-0.045 -0.013 0.049
-0.045 -0.003 0.041
-0.047 -0.007 0.045
-0.049 -0.001 0.051
-0.047 0.001 0.047
-0.047 0.001 0.049
-0.049 -0.009 0.049
-0.049 -0.003 0.053
-0.049 -0.007 0.057
-0.049 -0.005 0.053
-0.047 -0.009 0.055
-0.047 -0.001 0.049
-0.049 -0.001 0.051
-0.049 -0.001 0.051
-0.049 0.001 0.057
-0.047 -0.003 0.063
-0.049 -0.003 0.061
-0.047 -0.003 0.063
-0.045 -0.009 0.039
-0.045 -0.009 0.039
-0.045 -0.007 0.037
-0.043 -0.001 0.037
-0.045 0.001 0.041
-0.045 -0.001 0.039
-0.049 -0.007 0.049
-0.049 -0.009 0.053
-0.047 -0.001 0.049
-0.047 -0.007 0.041
-0.047 -0.005 0.041
-0.047 -0.007 0.041
-0.045 -0.001 0.041
-0.047 -0.007 0.045
-0.045 -0.001 0.039
-0.045 0.001 0.041
-0.045 0.001 0.043
-0.045 0.001 0.043
-0.047 0.001 0.047
-0.049 -0.003 0.053
-0.047 -0.001 0.047
-0.047 -0.001 0.049
-0.029 -0.015 0.055
-0.025 -0.019 0.055
-0.049 -0.009 0.053
-0.049 -0.005 0.055
-0.049 -0.003 0.057
-0.049 -0.001 0.057
-0.049 0.001 0.057
-0.049 -0.001 0.059
-0.029 -0.015 0.057
-0.047 -0.007 0.059
-0.045 -0.003 0.065
-0.045 -0.003 0.065
-0.045 -0.003 0.065
-0.047 0.001 0.067
-0.025 -0.009 0.065
-0.025 -0.005 0.069
-0.049 -0.003 0.047
-0.039 0.005 0.043
-0.049 -0.003 0.047
-0.049 -0.007 0.049
-0.049 -0.003 0.059
-0.047 -0.003 0.045
-0.039 0.005 0.043
-0.031 0.003 0.043
-0.043 0.001 0.045
-0.029 0.003 0.045
-0.049 -0.001 0.051
-0.049 -0.003 0.051
-0.049 0.001 0.053
-0.029 0.003 0.047
-0.029 0.005 0.047
-0.049 0.001 0.055
-0.049 0.003 0.057
-0.029 0.005 0.051
-0.047 0.003 0.053
-0.049 -0.003 0.049
-0.049 -0.001 0.051
-0.045 0.001 0.051
-0.041 0.001 0.045
-0.037 0.001 0.043
-0.037 0.003 0.043
-0.031 0.007 0.043
-0.047 0.003 0.055
-0.047 0.003 0.061
-0.047 0.007 0.065
-0.045 0.007 0.067
-0.049 -0.001 0.061
-0.049 0.001 0.061
-0.047 0.001 0.065
-0.047 0.005 0.065
-0.047 0.007 0.065
-0.045 0.009 0.065
-0.045 0.007 0.067
-0.049 -0.005 0.051
-0.049 -0.003 0.057
-0.033 0.001 0.045
-0.029 0.005 0.049
-0.049 0.003 0.059
-0.047 0.005 0.059
-0.047 0.005 0.061
-0.045 0.007 0.059
-0.031 0.007 0.053
-0.031 0.009 0.055
-0.047 0.001 0.065
-0.047 0.005 0.063
-0.045 0.007 0.069
-0.045 0.005 0.069
-0.045 0.009 0.071
-0.043 0.009 0.063
-0.037 0.011 0.065
-0.041 0.011 0.067
-0.053 0.009 0.081
-0.049 0.011 0.081
-0.025 0.005 0.089
-0.025 0.005 0.089
-0.023 0.005 0.089
0.015 0.001 0.095
0.023 -0.001 0.091
0.009 0.003 0.093
0.015 0.001 0.095
-0.055 0.007 0.075
-0.053 0.007 0.075
-0.047 0.011 0.077
-0.055 0.005 0.087
-0.047 0.005 0.089
-0.043 0.007 0.087
-0.033 0.009 0.087
-0.021 0.003 0.089
-0.033 0.009 0.087
0.031 -0.005 0.087
0.025 -0.003 0.089
-0.021 0.005 0.091
-0.023 0.007 0.091
-0.023 0.007 0.091
0.025 -0.003 0.089
-0.021 0.005 0.091
0.031 -0.005 0.095
0.009 0.003 0.097
-0.047 0.005 0.089
-0.047 0.005 0.089
0.047 -0.011 0.085
0.045 -0.009 0.087
-0.021 0.003 0.089
0.047 -0.011 0.085
-0.025 0.005 0.089
-0.031 0.011 0.091
-0.027 0.009 0.091
0.011 0.003 0.091
-0.021 0.009 0.093
0.023 -0.001 0.091
-0.021 0.009 0.093
0.019 -0.001 0.095
0.027 -0.003 0.099
0.029 -0.005 0.097
0.009 0.005 0.099
0.007 0.005 0.103
0.045 -0.007 0.101
0.027 -0.003 0.099
0.015 0.001 0.103
0.013 0.003 0.103
0.019 0.003 0.105
0.017 0.003 0.105
-0.043 0.007 0.035
-0.043 0.007 0.035
-0.039 0.011 0.035
-0.037 0.013 0.037
-0.035 0.015 0.035
-0.043 0.001 0.039
-0.041 0.007 0.037
-0.037 0.013 0.035
-0.035 0.015 0.033
-0.039 0.009 0.037
-0.035 0.011 0.039
-0.041 0.005 0.041
-0.049 0.001 0.057
-0.049 0.001 0.061
-0.047 0.003 0.053
-0.047 0.003 0.055
-0.049 0.003 0.059
-0.047 0.005 0.059
-0.045 0.007 0.063
-0.033 0.015 0.061
-0.041 0.007 0.037
-0.041 0.003 0.043
-0.037 0.013 0.037
-0.035 0.015 0.037
-0.035 0.015 0.037
-0.029 0.003 0.047
-0.029 0.003 0.047
-0.029 0.005 0.045
-0.027 0.001 0.047
-0.033 0.009 0.043
-0.033 0.011 0.043
-0.031 0.011 0.045
-0.031 0.011 0.045
-0.041 0.005 0.041
-0.041 0.005 0.041
-0.037 0.009 0.039
-0.035 0.007 0.041
-0.031 0.005 0.043
-0.037 0.013 0.037
-0.031 0.017 0.039
-0.029 0.009 0.045
-0.029 0.009 0.051
-0.031 0.019 0.039
-0.025 0.025 0.037
-0.023 0.029 0.035
-0.027 0.007 0.049
-0.047 0.005 0.059
-0.031 0.007 0.053
-0.027 0.015 0.049
-0.045 0.007 0.063
-0.045 0.007 0.061
-0.047 0.005 0.061
-0.047 0.005 0.067
-0.047 0.007 0.065
-0.045 0.007 0.059
-0.031 0.011 0.057
-0.033 0.005 0.057
-0.033 0.013 0.059
-0.027 0.017 0.055
-0.035 0.011 0.061
-0.037 0.009 0.063
-0.045 0.009 0.067
-0.045 0.009 0.065
-0.035 0.011 0.063
-0.033 0.013 0.061
-0.037 0.013 0.067
-0.033 0.017 0.063
-0.037 0.013 0.067
-0.027 0.017 0.053
-0.027 0.017 0.053
-0.021 0.021 0.053
-0.025 0.021 0.059
-0.031 0.019 0.063
-0.025 0.021 0.059
-0.023 0.021 0.051
-0.031 0.019 0.061
-0.031 0.019 0.065
-0.055 0.007 0.077
-0.047 0.003 0.067
-0.045 0.007 0.069
-0.045 0.009 0.071
-0.037 0.015 0.071
-0.055 0.007 0.075
-0.047 0.011 0.075
-0.047 0.011 0.077
-0.047 0.011 0.075
-0.033 0.019 0.067
-0.035 0.017 0.069
-0.033 0.019 0.069
-0.057 0.005 0.081
-0.053 0.003 0.085
-0.055 0.003 0.087
-0.055 0.005 0.085
-0.051 0.007 0.087
-0.053 0.007 0.083
-0.051 0.007 0.087
-0.047 0.007 0.087
-0.047 0.007 0.087
-0.049 0.009 0.085
-0.049 0.011 0.081
-0.043 0.011 0.081
-0.033 0.015 0.085
-0.047 0.005 0.067
-0.055 0.007 0.081
-0.053 0.009 0.081
-0.053 0.007 0.083
-0.037 0.013 0.075
-0.035 0.017 0.075
-0.049 0.007 0.073
-0.045 0.011 0.071
-0.045 0.011 0.071
-0.051 0.009 0.077
-0.037 0.013 0.071
-0.037 0.015 0.073
-0.035 0.017 0.071
-0.047 0.011 0.077
-0.053 0.009 0.081
-0.051 0.009 0.083
-0.055 0.007 0.081
-0.051 0.009 0.083
-0.031 0.019 0.075
-0.027 0.021 0.075
-0.033 0.019 0.075
-0.027 0.019 0.079
-0.025 0.021 0.081
-0.027 0.021 0.073
-0.005 0.021 0.071
-0.033 0.019 0.077
-0.025 0.021 0.077
-0.033 0.019 0.075
-0.025 0.021 0.077
-0.005 0.021 0.073
-0.009 0.021 0.077
-0.033 0.009 0.087
-0.027 0.009 0.091
-0.033 0.011 0.089
-0.031 0.013 0.091
-0.025 0.015 0.091
-0.027 0.013 0.093
-0.021 0.015 0.093
-0.035 0.011 0.087
-0.027 0.017 0.089
-0.025 0.007 0.089
-0.031 0.011 0.091
-0.027 0.013 0.093
-0.023 0.015 0.091
-0.027 0.013 0.093
-0.033 0.017 0.081
-0.025 0.019 0.087
-0.023 0.021 0.083
-0.017 0.021 0.087
-0.023 0.019 0.089
-0.035 0.007 0.041
-0.031 0.017 0.041
-0.035 0.009 0.041
-0.031 0.015 0.043
-0.031 0.017 0.041
-0.027 0.021 0.041
-0.027 0.023 0.041
-0.033 0.009 0.043
-0.031 0.011 0.045
-0.031 0.015 0.043
-0.033 0.009 0.043
-0.029 0.007 0.045
-0.033 0.011 0.041
-0.031 0.015 0.043
-0.031 0.017 0.041
-0.027 0.019 0.043
-0.027 0.013 0.049
-0.027 0.019 0.049
-0.029 0.013 0.053
-0.033 0.009 0.043
-0.031 0.013 0.043
-0.019 0.027 0.041
-0.025 0.021 0.045
0.011 0.021 0.047
-0.027 0.021 0.041
0.023 0.023 0.039
-0.019 0.027 0.041
0.025 0.021 0.043
0.011 0.021 0.047
0.029 0.021 0.047
-0.045 0.009 0.069
-0.043 0.011 0.069
-0.041 0.011 0.067
-0.043 0.011 0.069
-0.037 0.013 0.069
-0.035 0.017 0.067
-0.043 0.009 0.063
-0.027 0.019 0.059
-0.035 0.015 0.063
-0.035 0.015 0.063
-0.045 0.009 0.065
-0.037 0.013 0.071
-0.035 0.015 0.069
-0.037 0.015 0.071
-0.035 0.017 0.069
-0.035 0.017 0.071
-0.019 0.021 0.053
0.013 0.021 0.049
-0.023 0.021 0.059
0.009 0.019 0.055
-0.025 0.021 0.061
-0.025 0.021 0.063
-0.003 0.019 0.063
-0.003 0.019 0.063
-0.019 0.019 0.065
-0.001 0.019 0.063
-0.031 0.015 0.045
-0.027 0.013 0.049
-0.027 0.013 0.049
-0.027 0.019 0.047
-0.027 0.019 0.051
-0.023 0.021 0.051
-0.023 0.021 0.055
-0.027 0.011 0.049
-0.027 0.019 0.051
-0.033 0.011 0.059
-0.019 0.023 0.045
0.011 0.021 0.045
0.017 0.023 0.043
0.011 0.021 0.047
-0.013 0.023 0.045
-0.031 0.019 0.065
-0.003 0.019 0.063
-0.031 0.019 0.071
-0.035 0.011 0.061
-0.037 0.013 0.067
0.009 0.019 0.055
-0.037 0.013 0.071
-0.047 0.011 0.077
-0.035 0.017 0.075
-0.053 0.009 0.079
-0.035 0.017 0.079
-0.037 0.013 0.071
-0.037 0.013 0.077
-0.037 0.013 0.077
-0.037 0.015 0.071
-0.035 0.015 0.077
-0.035 0.017 0.077
-0.033 0.019 0.077
-0.037 0.013 0.079
-0.045 0.011 0.083
-0.037 0.013 0.081
-0.037 0.013 0.081
-0.035 0.015 0.079
-0.025 0.021 0.077
-0.025 0.021 0.081
-0.027 0.021 0.069
-0.005 0.021 0.071
-0.007 0.021 0.075
-0.023 0.021 0.083
-0.049 0.009 0.085
-0.033 0.009 0.087
-0.033 0.013 0.089
-0.035 0.013 0.085
-0.031 0.015 0.087
-0.023 0.007 0.091
0.009 0.003 0.093
0.005 0.005 0.095
-0.029 0.013 0.091
-0.013 0.017 0.091
0.011 0.015 0.091
0.013 0.013 0.095
-0.035 0.009 0.085
-0.035 0.013 0.087
-0.031 0.017 0.085
-0.023 0.007 0.091
0.009 0.003 0.095
0.015 0.021 0.091
-0.021 0.021 0.085
-0.021 0.021 0.085
0.015 0.021 0.087
0.015 0.021 0.087
-0.019 0.021 0.087
0.017 0.017 0.095
0.015 0.021 0.093
0.013 0.023 0.095
0.013 0.025 0.095
0.015 0.021 0.091
0.015 0.023 0.093
-0.037 0.013 0.079
-0.031 0.019 0.075
-0.033 0.019 0.077
-0.035 0.017 0.073
-0.033 0.019 0.073
-0.033 0.015 0.083
-0.037 0.013 0.079
-0.029 0.019 0.083
-0.035 0.011 0.087
-0.029 0.013 0.091
-0.031 0.017 0.085
-0.029 0.017 0.087
-0.029 0.017 0.087
-0.021 0.017 0.091
-0.027 0.013 0.093
-0.023 0.013 0.093
0.015 0.009 0.097
-0.027 0.011 0.093
0.015 0.011 0.097
0.015 0.017 0.091
0.013 0.013 0.097
-0.029 0.015 0.089
-0.031 0.013 0.091
-0.033 0.013 0.089
-0.027 0.013 0.093
0.015 0.009 0.097
0.013 0.013 0.097
0.007 0.007 0.097
0.005 0.007 0.101
0.015 0.009 0.097
0.013 0.013 0.097
0.005 0.015 0.111
0.009 0.013 0.109
0.009 0.003 0.097
0.007 0.005 0.097
0.017 0.015 0.103
0.017 0.015 0.103
0.025 0.017 0.103
0.017 0.003 0.105
0.019 0.009 0.105
0.009 0.013 0.111
0.007 0.015 0.109
0.013 0.013 0.105
0.003 0.019 0.111
0.009 0.017 0.107
0.017 0.019 0.099
0.017 0.021 0.099
0.017 0.021 0.099
0.019 0.019 0.101
0.021 0.017 0.101
0.013 0.023 0.097
0.017 0.023 0.099
0.017 0.021 0.101
0.013 0.025 0.101
0.025 0.023 0.107
0.019 0.011 0.115
0.021 0.011 0.113
0.019 0.013 0.113
0.017 0.009 0.101
0.017 0.005 0.103
0.021 0.005 0.105
0.019 0.009 0.105
0.013 0.013 0.105
0.017 0.009 0.101
0.017 0.005 0.107
