0.013 0.013 0.109
0.011 0.017 0.111
-0.023 0.005 0.089
-0.021 -0.003 0.073
-0.007 0.005 0.089
-0.011 0.001 0.085
-0.015 0.009 0.093
-0.039 -0.011 0.053
-0.039 -0.013 0.051
-0.039 -0.011 0.053
-0.039 -0.013 0.051
-0.023 -0.007 0.071
-0.023 -0.009 0.067
-0.011 0.011 0.095
-0.009 0.011 0.095
-0.041 -0.013 0.051
-0.011 0.003 0.089
-0.043 -0.009 0.059
-0.043 -0.005 0.063
-0.045 -0.003 0.065
-0.025 0.003 0.087
0.007 0.007 0.103
-0.019 -0.009 0.059
-0.021 -0.009 0.061
0.019 0.003 0.109
0.017 0.005 0.103
0.013 0.015 0.111
0.013 0.015 0.111
-0.019 -0.009 0.059
0.017 0.003 0.109
0.017 0.003 0.109
0.009 0.007 0.103
0.023 0.005 0.105
0.023 0.009 0.111
0.027 0.003 0.105
0.027 0.005 0.105
0.025 0.013 0.111
0.027 0.013 0.107
0.025 0.011 0.113
0.023 0.013 0.109
-0.021 -0.015 0.057
-0.021 -0.011 0.063
-0.021 -0.009 0.063
-0.025 -0.011 0.065
-0.021 -0.009 0.063
-0.021 -0.009 0.061
0.007 0.005 0.103
-0.025 -0.011 0.065
-0.023 -0.013 0.063
-0.023 -0.011 0.063
-0.023 -0.007 0.071
-0.019 -0.009 0.059
0.011 0.005 0.103
0.019 0.013 0.115
-0.023 -0.009 0.067
-0.021 -0.003 0.073
-0.021 -0.005 0.071
-0.021 -0.003 0.073
0.023 0.011 0.113
0.021 0.011 0.115
0.015 0.007 0.101
0.057 0.001 0.105
0.057 0.001 0.105
0.043 0.009 0.103
0.059 0.003 0.099
0.051 0.007 0.083
0.047 0.007 0.065
0.055 -0.001 0.105
0.053 -0.003 0.105
0.053 -0.001 0.105
0.051 -0.001 0.107
0.035 0.005 0.105
0.037 0.009 0.105
0.035 0.009 0.105
0.033 0.009 0.105
0.039 0.013 0.103
0.037 0.005 0.105
0.037 0.007 0.105
0.033 0.011 0.105
0.039 0.009 0.105
0.053 0.003 0.103
0.045 0.009 0.097
0.045 0.013 0.093
0.043 0.001 0.101
0.047 0.001 0.105
0.049 0.001 0.107
0.027 0.011 0.109
0.029 0.009 0.105
0.035 0.009 0.105
0.029 0.009 0.105
0.033 0.011 0.105
0.045 0.003 0.103
0.043 0.005 0.103
0.045 0.005 0.101
0.043 0.007 0.101
0.047 0.005 0.101
0.047 0.005 0.101
0.057 -0.001 0.105
0.055 -0.003 0.091
0.057 -0.005 0.093
0.055 -0.007 0.091
0.059 -0.003 0.093
0.055 -0.001 0.105
0.057 0.005 0.103
0.057 0.005 0.097
0.055 0.005 0.083
0.059 0.003 0.083
0.049 0.003 0.059
0.059 0.003 0.085
0.051 0.003 0.057
0.059 0.003 0.101
0.059 0.001 0.087
0.059 0.001 0.087
0.057 0.003 0.103
0.057 0.003 0.087
0.059 0.003 0.081
0.039 0.007 0.105
0.039 -0.001 0.105
0.039 0.003 0.105
0.023 0.001 0.107
0.029 0.001 0.105
0.033 -0.001 0.105
0.053 0.005 0.101
0.051 -0.003 0.107
0.049 0.003 0.105
0.051 -0.003 0.107
0.057 -0.013 0.085
0.053 -0.009 0.091
0.055 -0.009 0.089
0.055 -0.013 0.087
0.057 -0.007 0.093
0.059 0.003 0.103
0.063 -0.005 0.093
0.061 -0.005 0.093
0.057 -0.007 0.093
0.059 -0.003 0.093
0.025 -0.001 0.105
0.029 0.001 0.105
0.039 -0.007 0.099
0.045 -0.003 0.103
0.043 -0.003 0.101
0.051 -0.003 0.107
0.055 -0.003 0.105
0.049 -0.003 0.107
0.051 -0.003 0.107
-0.009 0.019 0.089
-0.007 0.021 0.083
0.001 0.015 0.087
-0.001 0.017 0.087
-0.001 0.017 0.087
0.005 0.013 0.085
0.023 0.021 0.107
0.019 0.025 0.101
0.019 0.025 0.101
0.003 0.019 0.113
-0.011 0.013 0.095
-0.009 0.019 0.089
-0.009 0.021 0.085
-0.011 0.019 0.089
0.003 0.017 0.113
-0.023 0.011 0.095
-0.019 0.013 0.095
-0.023 0.011 0.095
-0.017 0.009 0.093
-0.017 0.011 0.095
-0.015 0.013 0.095
-0.023 0.015 0.091
0.011 0.017 0.107
0.001 0.015 0.087
0.011 0.017 0.111
0.015 0.017 0.109
0.003 0.013 0.087
0.013 0.015 0.095
0.005 0.015 0.081
-0.003 0.021 0.077
0.011 0.017 0.111
-0.005 0.017 0.089
0.007 0.019 0.111
0.023 0.021 0.107
0.023 0.021 0.107
0.021 0.015 0.105
0.015 0.025 0.095
0.019 0.023 0.103
0.019 0.023 0.103
-0.019 0.021 0.059
-0.021 0.021 0.059
-0.013 0.019 0.047
-0.019 0.023 0.045
-0.019 0.027 0.041
-0.019 0.027 0.041
-0.015 0.025 0.045
-0.021 0.029 0.037
-0.019 0.019 0.065
-0.019 0.021 0.059
-0.019 0.023 0.045
-0.017 0.021 0.057
-0.017 0.021 0.053
-0.011 0.021 0.043
0.015 0.025 0.097
-0.015 0.021 0.047
0.005 0.019 0.111
0.009 0.015 0.111
-0.011 0.021 0.087
-0.009 0.011 0.095
-0.009 0.011 0.095
0.011 0.015 0.111
0.017 0.015 0.109
0.013 0.015 0.095
0.025 0.013 0.109
0.023 0.015 0.107
0.017 0.023 0.103
0.013 0.025 0.103
0.025 0.021 0.109
0.025 0.023 0.109
0.025 0.023 0.109
0.023 0.021 0.107
0.025 0.023 0.109
0.019 0.019 0.101
0.021 0.023 0.101
0.013 0.017 0.109
0.015 0.017 0.109
0.011 0.017 0.111
-0.021 0.021 0.061
-0.019 0.021 0.059
-0.017 0.021 0.057
-0.021 0.019 0.067
-0.007 0.021 0.079
-0.013 0.019 0.055
0.013 0.025 0.101
0.015 0.025 0.097
-0.015 0.021 0.051
-0.003 0.021 0.073
-0.001 0.021 0.077
-0.001 0.021 0.073
-0.045 0.007 0.087
-0.031 0.013 0.091
-0.043 0.001 0.069
-0.033 0.011 0.089
-0.019 0.013 0.095
-0.021 0.007 0.091
-0.023 0.011 0.095
-0.027 0.013 0.093
-0.021 0.015 0.093
-0.025 0.015 0.091
-0.041 0.005 0.079
-0.027 0.011 0.093
-0.027 0.007 0.089
-0.041 0.011 0.081
-0.027 0.013 0.093
-0.029 0.019 0.083
-0.029 0.019 0.083
-0.045 0.005 0.087
-0.049 0.003 0.085
-0.045 0.005 0.087
-0.055 0.003 0.087
-0.047 0.005 0.089
-0.049 0.009 0.085
-0.045 0.003 0.087
-0.045 0.003 0.085
-0.043 0.005 0.087
-0.041 0.007 0.087
-0.029 0.009 0.089
-0.041 0.009 0.083
-0.029 0.013 0.091
-0.007 0.009 0.091
-0.009 0.007 0.091
0.005 0.017 0.113
-0.005 0.017 0.089
-0.009 0.019 0.089
-0.015 0.003 0.089
0.005 0.017 0.113
0.011 0.015 0.111
0.013 0.011 0.109
-0.001 0.017 0.087
0.007 0.019 0.109
-0.001 0.017 0.087
-0.003 0.005 0.087
0.009 0.015 0.111
0.009 0.007 0.103
0.007 0.017 0.113
-0.017 0.021 0.087
-0.015 0.021 0.085
-0.017 0.021 0.087
-0.021 0.021 0.087
-0.011 0.019 0.089
-0.019 0.021 0.087
-0.003 0.019 0.085
-0.009 0.021 0.085
-0.003 0.019 0.085
0.001 0.019 0.081
-0.005 0.021 0.083
-0.019 0.005 0.091
-0.021 0.005 0.091
-0.031 0.007 0.087
-0.017 0.003 0.089
-0.015 0.001 0.085
-0.019 0.001 0.085
-0.021 0.005 0.091
-0.023 0.007 0.091
-0.027 0.013 0.093
-0.023 0.015 0.091
-0.025 0.015 0.091
-0.015 0.009 0.093
-0.023 0.011 0.095
-0.017 0.011 0.095
-0.007 0.003 0.087
-0.011 0.007 0.091
0.009 0.015 0.111
-0.029 0.019 0.083
-0.027 0.019 0.085
-0.023 0.017 0.091
-0.019 0.021 0.087
-0.017 0.021 0.087
-0.015 0.019 0.089
-0.015 0.017 0.091
-0.017 0.019 0.089
-0.001 0.017 0.087
-0.011 0.017 0.091
0.037 0.015 0.057
0.027 0.021 0.041
0.033 0.021 0.049
0.031 0.021 0.041
0.045 0.011 0.065
0.045 0.013 0.057
0.027 0.019 0.087
0.031 0.015 0.103
0.031 0.017 0.103
0.031 0.019 0.103
0.013 0.017 0.061
0.025 0.023 0.097
0.037 0.015 0.085
0.035 0.013 0.077
0.039 0.017 0.055
0.019 0.021 0.043
0.017 0.019 0.045
0.017 0.021 0.043
0.015 0.019 0.053
0.015 0.021 0.047
0.021 0.023 0.041
0.037 0.019 0.053
0.033 0.021 0.045
0.025 0.017 0.049
0.021 0.021 0.041
0.017 0.019 0.047
0.031 0.021 0.049
0.029 0.019 0.049
0.029 0.017 0.051
0.031 0.021 0.049
0.025 0.013 0.111
0.035 0.015 0.103
0.033 0.013 0.105
0.033 0.015 0.103
0.031 0.015 0.069
0.031 0.017 0.083
0.035 0.013 0.061
0.035 0.013 0.063
0.039 0.013 0.103
0.039 0.015 0.101
0.039 0.013 0.103
0.041 0.015 0.093
0.043 0.011 0.103
0.035 0.017 0.099
0.035 0.013 0.069
0.035 0.013 0.071
0.031 0.017 0.051
0.049 0.011 0.053
0.045 0.013 0.057
0.043 0.015 0.053
0.043 0.015 0.055
0.041 0.017 0.055
0.041 0.017 0.055
0.047 0.013 0.049
0.045 0.015 0.051
0.045 0.015 0.051
0.045 0.015 0.041
0.047 0.013 0.049
0.047 0.013 0.049
0.053 0.015 0.037
0.051 0.005 0.053
0.039 0.019 0.053
0.041 0.019 0.051
0.049 0.017 0.041
0.047 0.021 0.039
0.043 0.017 0.049
0.035 0.021 0.051
0.043 0.017 0.041
0.041 0.019 0.041
0.037 0.013 0.065
0.047 0.003 0.067
0.047 0.005 0.065
0.037 0.013 0.065
0.041 0.013 0.067
0.039 0.013 0.069
0.045 0.011 0.063
0.043 0.013 0.061
0.051 0.005 0.055
0.029 0.011 0.105
0.031 0.013 0.105
0.027 0.011 0.109
0.027 0.013 0.105
0.029 0.019 0.105
0.021 0.011 0.115
0.025 0.021 0.109
0.033 0.015 0.075
0.035 0.017 0.097
0.035 0.013 0.105
0.029 0.013 0.105
0.033 0.015 0.103
0.029 0.019 0.105
0.033 0.015 0.075
0.035 0.017 0.095
0.037 0.017 0.095
0.037 0.017 0.095
0.015 0.025 0.097
0.017 0.025 0.097
0.017 0.025 0.101
0.015 0.023 0.103
0.019 0.023 0.103
0.027 0.011 0.109
0.027 0.011 0.109
0.019 0.015 0.109
0.013 0.015 0.111
0.019 0.015 0.109
0.025 0.015 0.103
0.015 0.015 0.095
0.021 0.017 0.101
0.023 0.019 0.105
0.019 0.005 0.103
0.017 0.015 0.099
0.023 0.013 0.109
0.027 0.005 0.105
0.027 0.019 0.105
0.039 0.015 0.101
0.035 0.017 0.097
0.037 0.005 0.105
0.001 0.017 0.083
0.029 0.021 0.103
0.029 0.021 0.097
0.023 0.023 0.099
0.031 0.021 0.103
0.033 0.019 0.101
0.053 0.009 0.095
0.039 0.013 0.069
0.037 0.013 0.071
0.043 0.011 0.069
0.043 0.007 0.103
0.049 0.009 0.097
0.047 0.009 0.097
0.047 0.009 0.097
0.041 0.015 0.093
0.041 0.005 0.105
0.051 0.005 0.101
0.053 0.007 0.099
0.051 0.007 0.099
0.051 0.009 0.097
0.041 0.015 0.093
0.039 0.005 0.105
0.043 0.009 0.103
0.049 0.003 0.103
0.045 0.005 0.101
0.051 0.003 0.105
0.045 0.007 0.099
0.043 0.013 0.101
0.039 0.015 0.101
0.041 0.013 0.097
0.041 0.013 0.099
0.043 0.013 0.101
0.043 0.009 0.099
0.049 0.009 0.097
0.049 0.009 0.097
0.055 0.007 0.099
0.055 0.007 0.097
0.053 0.005 0.085
0.057 0.005 0.103
0.059 0.003 0.103
0.061 0.001 0.085
0.053 0.007 0.099
0.035 0.017 0.097
0.021 0.003 0.107
0.017 0.005 0.107
0.019 0.003 0.109
0.005 0.015 0.113
0.021 0.013 0.115
0.015 0.013 0.109
0.017 0.015 0.109
0.009 0.015 0.111
0.025 0.003 0.105
0.021 0.005 0.105
0.025 0.015 0.103
0.021 0.001 0.107
0.027 0.001 0.105
0.027 0.007 0.105
0.019 0.015 0.109
0.019 0.015 0.109
0.025 0.013 0.111
0.023 0.011 0.113
0.025 0.011 0.113
0.007 0.017 0.113
0.019 0.021 0.101
0.033 0.017 0.103
0.033 0.017 0.103
0.031 0.019 0.103
0.027 0.023 0.107
0.049 0.003 0.105
0.039 0.009 0.105
0.051 0.003 0.105
0.051 0.003 0.103
0.051 0.007 0.099
0.055 0.007 0.099
0.053 0.007 0.099
0.035 0.017 0.099
0.033 0.017 0.103
