-0.023 -0.021 0.045
0.001 0.001 0.077
0.001 0.005 0.079
-0.019 -0.039 0.049
-0.017 -0.035 0.049
-0.017 -0.037 0.049
-0.021 -0.039 0.053
-0.027 -0.037 0.061
-0.009 -0.029 0.061
-0.029 -0.033 0.065
0.001 0.009 0.103
-0.021 -0.017 0.087
-0.017 -0.009 0.091
-0.009 -0.019 0.065
-0.009 -0.019 0.065
-0.013 -0.019 0.073
-0.005 -0.021 0.057
-0.007 -0.017 0.053
-0.007 -0.013 0.051
-0.011 -0.017 0.063
-0.015 -0.013 0.061
-0.003 -0.025 0.055
-0.003 -0.019 0.047
-0.009 -0.019 0.055
-0.009 -0.019 0.055
-0.005 -0.021 0.049
-0.003 -0.021 0.045
-0.007 -0.001 0.089
-0.007 0.003 0.089
0.001 0.011 0.103
-0.007 0.009 0.089
0.003 -0.011 0.039
0.005 0.003 0.067
0.005 0.005 0.069
0.009 0.003 0.055
-0.011 -0.015 0.051
0.015 0.013 0.095
0.003 0.003 0.071
-0.011 -0.023 0.067
-0.011 -0.023 0.067
-0.011 -0.021 0.069
-0.017 -0.015 0.065
-0.003 -0.029 0.053
-0.005 -0.019 0.051
-0.007 -0.019 0.053
-0.007 -0.025 0.063
-0.007 -0.001 0.089
-0.009 0.009 0.091
-0.015 -0.011 0.063
0.001 0.005 0.077
-0.001 -0.001 0.077
-0.035 -0.031 0.087
-0.039 -0.031 0.087
-0.033 -0.025 0.083
-0.033 -0.027 0.085
-0.023 -0.015 0.089
-0.021 -0.005 0.095
-0.021 0.001 0.091
-0.033 -0.025 0.087
-0.035 -0.023 0.083
-0.031 -0.017 0.089
-0.027 -0.005 0.091
-0.027 -0.005 0.091
-0.019 -0.015 0.087
-0.009 -0.019 0.065
-0.011 -0.021 0.071
-0.011 -0.017 0.071
-0.017 -0.015 0.069
-0.009 -0.003 0.089
-0.009 0.005 0.091
-0.011 0.003 0.091
-0.015 0.003 0.095
-0.007 -0.003 0.087
-0.003 -0.003 0.077
-0.001 0.001 0.081
-0.027 -0.017 0.087
-0.027 -0.011 0.093
-0.027 -0.011 0.093
-0.017 -0.011 0.089
-0.017 -0.001 0.095
-0.009 -0.007 0.087
-0.013 -0.009 0.089
-0.013 -0.001 0.091
0.007 -0.013 0.037
0.015 -0.001 0.043
0.011 -0.001 0.047
0.005 0.019 0.109
0.017 0.017 0.105
0.009 0.021 0.109
-0.005 0.011 0.087
0.009 0.023 0.113
0.009 0.017 0.103
0.011 0.023 0.111
0.019 0.019 0.103
0.027 0.027 0.105
0.027 0.021 0.103
0.023 0.027 0.105
0.023 0.023 0.105
0.023 0.039 0.103
0.025 0.039 0.097
0.023 0.041 0.095
0.021 0.031 0.105
0.025 0.039 0.097
0.025 0.035 0.103
-0.005 0.011 0.087
0.011 0.015 0.109
0.003 0.013 0.101
0.017 0.015 0.099
0.005 0.005 0.069
0.017 0.023 0.105
0.013 0.013 0.107
0.025 0.035 0.103
0.003 0.019 0.109
-0.011 0.005 0.093
-0.015 0.009 0.087
-0.005 0.015 0.109
0.003 0.009 0.103
0.001 0.003 0.077
-0.001 0.001 0.081
0.013 0.015 0.107
0.009 0.023 0.113
0.007 0.023 0.115
0.011 0.027 0.109
0.007 0.011 0.103
0.001 0.019 0.109
0.011 0.017 0.107
0.011 0.015 0.109
0.009 0.021 0.107
-0.011 0.005 0.093
-0.011 0.005 0.093
0.005 0.031 0.107
0.009 0.029 0.105
0.011 0.027 0.109
0.007 0.031 0.105
0.007 0.027 0.107
0.001 0.029 0.103
0.001 0.029 0.103
0.001 0.017 0.109
-0.003 0.017 0.111
-0.007 0.015 0.113
-0.007 0.017 0.113
0.025 0.007 0.049
0.039 0.025 0.085
0.035 0.035 0.107
0.041 0.039 0.105
0.047 0.035 0.093
0.043 0.041 0.089
0.037 0.029 0.055
0.037 0.033 0.055
0.031 0.023 0.099
0.043 0.035 0.105
0.035 0.039 0.105
0.041 0.037 0.101
0.027 0.039 0.097
0.047 0.029 0.085
0.007 0.003 0.061
0.009 0.003 0.055
0.013 0.009 0.055
0.029 0.023 0.103
0.019 0.015 0.085
0.039 0.025 0.101
0.029 0.013 0.055
0.031 0.025 0.099
0.031 0.039 0.101
0.025 0.035 0.103
0.029 0.033 0.103
0.033 0.039 0.103
0.035 0.039 0.105
0.031 0.017 0.057
0.037 0.007 0.045
0.035 0.009 0.045
0.037 0.021 0.043
0.039 0.031 0.049
0.047 0.027 0.083
0.047 0.029 0.087
0.049 0.031 0.085
0.047 0.035 0.085
0.049 0.037 0.093
0.017 0.041 0.055
0.007 0.037 0.049
0.017 0.043 0.041
0.039 0.043 0.087
0.045 0.043 0.085
0.025 0.041 0.045
0.027 0.043 0.039
0.031 0.041 0.051
0.025 0.041 0.053
0.031 0.041 0.053
0.033 0.041 0.101
0.017 0.039 0.057
0.045 0.043 0.085
0.037 0.043 0.103
0.037 0.035 0.049
0.045 0.039 0.093
0.021 0.021 0.105
0.025 0.021 0.103
0.019 0.025 0.105
0.015 0.027 0.105
0.017 0.031 0.105
0.035 0.025 0.099
0.037 0.025 0.101
0.031 0.025 0.099
0.033 0.033 0.105
0.019 0.021 0.105
0.011 0.015 0.109
0.011 0.017 0.105
0.019 0.017 0.103
0.019 0.035 0.103
0.015 0.035 0.105
0.009 0.019 0.103
0.009 0.033 0.105
0.029 0.031 0.105
0.027 0.023 0.103
0.029 0.033 0.103
0.027 0.029 0.105
0.027 0.033 0.105
0.039 0.025 0.101
0.043 0.029 0.103
0.045 0.029 0.089
0.041 0.029 0.089
0.037 0.039 0.105
0.023 0.039 0.103
0.019 0.037 0.103
0.039 0.043 0.103
0.025 0.037 0.103
0.041 0.033 0.091
0.041 0.035 0.091
0.047 0.039 0.093
0.011 0.015 0.109
0.011 0.015 0.109
0.019 0.017 0.103
0.017 0.015 0.105
0.011 0.023 0.111
0.011 0.023 0.111
0.013 0.019 0.105
0.001 0.029 0.103
0.009 0.025 0.113
0.015 0.019 0.105
0.013 0.017 0.107
0.009 0.021 0.109
0.007 0.027 0.111
0.009 0.027 0.111
0.025 0.023 0.105
0.031 0.027 0.099
0.027 0.029 0.105
0.043 0.031 0.105
0.035 0.031 0.105
0.037 0.029 0.101
0.043 0.031 0.103
0.043 0.033 0.103
0.043 0.031 0.105
0.019 0.037 0.103
0.039 0.043 0.103
0.039 0.039 0.105
-0.035 -0.019 0.035
-0.035 -0.015 0.035
-0.037 0.005 0.035
-0.033 -0.033 0.045
-0.037 -0.029 0.065
-0.033 -0.025 0.039
-0.031 -0.031 0.041
-0.033 -0.033 0.047
-0.033 -0.031 0.045
-0.031 -0.029 0.049
-0.025 -0.027 0.051
-0.037 -0.027 0.061
-0.035 -0.025 0.061
-0.035 -0.017 0.033
-0.035 -0.013 0.035
-0.035 -0.011 0.037
-0.035 0.001 0.039
-0.035 -0.003 0.041
-0.035 -0.029 0.055
-0.033 -0.013 0.061
-0.035 -0.007 0.063
-0.035 -0.003 0.039
-0.031 -0.025 0.041
-0.023 -0.025 0.049
-0.027 -0.021 0.041
-0.031 -0.009 0.049
-0.033 -0.013 0.041
-0.033 -0.001 0.041
-0.033 -0.005 0.045
-0.033 0.001 0.041
-0.033 0.003 0.041
-0.019 -0.027 0.047
-0.031 -0.009 0.053
-0.031 -0.003 0.053
-0.031 -0.007 0.049
-0.031 -0.007 0.051
-0.031 -0.001 0.049
-0.031 -0.001 0.055
-0.035 -0.003 0.039
-0.033 -0.001 0.035
-0.031 -0.005 0.051
-0.033 0.005 0.041
-0.033 0.007 0.041
-0.033 0.007 0.041
-0.029 0.007 0.043
-0.029 0.007 0.043
-0.025 0.009 0.043
-0.031 -0.001 0.051
-0.025 0.003 0.051
-0.019 0.005 0.049
-0.027 -0.027 0.051
-0.027 -0.027 0.055
-0.035 -0.023 0.063
-0.031 -0.001 0.055
-0.031 -0.003 0.057
-0.035 -0.007 0.065
-0.035 -0.007 0.065
-0.035 -0.007 0.065
-0.035 -0.007 0.065
-0.035 -0.007 0.067
-0.035 -0.007 0.063
-0.033 -0.003 0.063
-0.029 -0.009 0.051
-0.031 -0.003 0.053
-0.031 -0.001 0.055
-0.031 -0.003 0.049
-0.031 -0.001 0.051
-0.031 -0.007 0.055
-0.033 -0.003 0.063
-0.027 -0.001 0.065
-0.025 0.003 0.053
-0.027 -0.001 0.063
-0.043 -0.033 0.079
-0.037 -0.023 0.067
-0.039 -0.023 0.071
-0.041 -0.023 0.077
-0.041 -0.027 0.079
-0.039 -0.027 0.073
-0.041 -0.023 0.079
-0.035 -0.017 0.075
-0.033 -0.003 0.073
-0.039 -0.023 0.083
-0.033 -0.017 0.085
-0.037 -0.025 0.067
-0.037 -0.023 0.067
-0.035 -0.007 0.069
-0.039 -0.021 0.075
-0.033 -0.005 0.079
-0.017 0.007 0.069
-0.031 -0.009 0.089
-0.031 -0.007 0.089
-0.031 -0.005 0.087
-0.027 -0.009 0.093
-0.027 -0.003 0.091
-0.025 -0.005 0.093
-0.023 -0.001 0.093
-0.023 0.001 0.091
-0.023 0.009 0.041
0.001 0.005 0.037
-0.001 0.007 0.037
-0.007 0.013 0.043
-0.017 0.011 0.067
-0.025 0.007 0.045
-0.027 0.009 0.039
-0.001 0.031 0.039
-0.005 0.017 0.041
-0.007 0.019 0.045
-0.007 0.021 0.047
-0.023 0.003 0.055
-0.023 0.005 0.053
-0.011 0.009 0.053
-0.011 0.007 0.055
-0.013 0.009 0.055
-0.013 0.009 0.059
-0.015 0.007 0.063
-0.013 0.011 0.057
-0.015 0.009 0.063
-0.009 0.019 0.055
-0.005 0.025 0.051
-0.011 0.017 0.059
-0.017 0.007 0.067
-0.017 0.007 0.069
-0.019 0.011 0.079
-0.015 0.015 0.071
-0.005 0.017 0.073
-0.015 0.013 0.081
-0.013 0.015 0.079
-0.009 0.015 0.077
-0.005 0.019 0.065
-0.025 0.003 0.089
-0.019 0.011 0.083
-0.011 0.013 0.083
-0.017 0.005 0.091
-0.015 0.005 0.091
-0.001 0.019 0.093
-0.007 0.029 0.097
-0.005 0.031 0.097
-0.005 0.031 0.097
-0.009 0.017 0.111
-0.003 0.015 0.037
-0.003 0.033 0.035
0.005 0.037 0.037
0.001 0.035 0.033
-0.001 0.015 0.035
-0.005 0.015 0.039
-0.009 0.015 0.049
0.001 0.027 0.045
0.001 0.027 0.045
0.001 0.025 0.053
-0.003 0.031 0.037
0.005 0.031 0.045
0.003 0.033 0.041
0.007 0.037 0.041
0.011 0.041 0.039
-0.013 0.011 0.057
-0.011 0.017 0.057
-0.015 0.013 0.065
-0.005 0.021 0.055
-0.003 0.023 0.055
-0.003 0.023 0.055
0.007 0.023 0.055
0.001 0.025 0.053
0.007 0.025 0.053
0.003 0.021 0.059
-0.001 0.021 0.061
0.011 0.025 0.061
0.011 0.029 0.061
0.011 0.031 0.063
0.013 0.025 0.057
0.011 0.031 0.063
0.009 0.029 0.065
0.001 0.027 0.045
0.007 0.037 0.045
0.013 0.035 0.055
0.021 0.039 0.057
0.015 0.043 0.041
0.015 0.045 0.035
0.015 0.047 0.037
0.009 0.039 0.049
0.013 0.037 0.055
0.011 0.041 0.049
0.017 0.039 0.057
0.017 0.037 0.059
0.019 0.039 0.057
0.021 0.039 0.063
0.025 0.041 0.059
0.023 0.039 0.043
0.023 0.041 0.057
0.029 0.039 0.059
0.023 0.039 0.063
-0.007 0.019 0.067
0.005 0.019 0.069
0.009 0.021 0.065
0.007 0.025 0.067
0.009 0.029 0.067
0.009 0.031 0.071
0.001 0.021 0.075
0.005 0.027 0.071
0.009 0.031 0.071
0.007 0.031 0.075
-0.001 0.021 0.085
-0.007 0.029 0.089
-0.001 0.019 0.089
-0.005 0.029 0.087
-0.001 0.031 0.087
-0.005 0.029 0.095
0.005 0.033 0.091
0.007 0.035 0.095
0.009 0.035 0.093
0.005 0.033 0.095
0.017 0.037 0.085
0.027 0.039 0.085
0.021 0.037 0.089
0.017 0.037 0.065
0.021 0.037 0.067
0.027 0.039 0.065
0.011 0.035 0.083
0.011 0.035 0.085
0.001 0.033 0.089
0.003 0.033 0.093
0.011 0.035 0.091
0.013 0.037 0.093
0.017 0.037 0.083
0.019 0.037 0.081
0.019 0.037 0.087
0.025 0.039 0.083
0.015 0.035 0.089
0.019 0.039 0.095
0.017 0.037 0.095
0.029 0.041 0.093
0.027 0.039 0.091
0.039 0.037 0.089
0.037 0.039 0.089
0.041 0.039 0.091
0.001 0.011 0.097
0.001 0.011 0.103
-0.001 0.021 0.105
-0.001 0.023 0.107
0.003 0.023 0.103
0.005 0.035 0.103
0.005 0.025 0.105
0.001 0.033 0.109
0.015 0.035 0.105
0.015 0.035 0.105
0.017 0.037 0.103
0.023 0.039 0.103
0.029 0.039 0.099
0.005 0.035 0.097
0.003 0.033 0.101
0.017 0.037 0.103
0.021 0.039 0.101
0.031 0.037 0.103
0.035 0.043 0.101
0.033 0.037 0.105
0.033 0.037 0.105
0.037 0.039 0.105
0.039 0.041 0.105
0.039 0.041 0.105
