-0.013 -0.031 0.033
-0.025 -0.039 0.057
-0.011 -0.027 0.041
-0.013 -0.033 0.045
-0.003 -0.027 0.043
-0.011 -0.031 0.037
-0.013 -0.031 0.045
-0.003 -0.019 0.039
-0.003 -0.019 0.039
0.007 -0.015 0.035
0.005 -0.011 0.037
-0.007 -0.025 0.063
-0.005 -0.015 0.049
-0.037 -0.033 0.083
-0.035 -0.027 0.075
-0.033 -0.027 0.079
-0.025 -0.021 0.079
-0.033 -0.025 0.085
-0.033 -0.019 0.085
-0.015 -0.013 0.081
-0.009 -0.021 0.067
-0.027 -0.021 0.077
-0.023 -0.021 0.079
-0.009 -0.001 0.067
-0.015 -0.013 0.087
-0.023 -0.009 0.093
-0.011 -0.003 0.091
0.009 -0.011 0.035
0.013 -0.005 0.037
0.017 -0.001 0.039
-0.003 -0.011 0.041
-0.005 -0.007 0.047
-0.009 -0.001 0.043
-0.011 0.001 0.041
0.007 0.011 0.063
0.001 0.001 0.071
-0.003 -0.001 0.065
0.005 0.005 0.067
-0.011 0.003 0.091
0.013 0.013 0.093
0.033 0.005 0.033
0.021 -0.001 0.035
0.019 0.001 0.041
0.019 0.003 0.043
0.031 0.005 0.041
0.035 0.005 0.037
0.005 0.001 0.059
0.031 0.015 0.055
0.031 0.013 0.053
0.029 0.021 0.063
0.037 0.021 0.043
0.035 0.019 0.047
0.037 0.033 0.039
0.037 0.031 0.041
0.037 0.031 0.043
0.037 0.033 0.049
0.037 0.029 0.055
0.035 0.025 0.061
0.007 0.007 0.065
0.005 0.013 0.067
0.023 0.019 0.073
0.031 0.025 0.069
0.021 0.017 0.095
0.033 0.025 0.089
0.037 0.025 0.087
0.029 0.021 0.087
0.029 0.021 0.089
0.027 0.021 0.099
0.043 0.035 0.103
-0.017 -0.013 0.089
-0.019 0.003 0.091
-0.023 -0.031 0.057
-0.021 -0.037 0.055
-0.031 -0.035 0.063
-0.027 -0.033 0.063
-0.031 -0.003 0.087
-0.031 -0.001 0.085
-0.011 -0.017 0.071
-0.009 -0.019 0.065
-0.015 0.003 0.095
-0.007 -0.001 0.089
-0.015 0.009 0.087
-0.009 0.009 0.091
-0.011 -0.021 0.071
-0.003 -0.027 0.055
-0.009 -0.019 0.065
-0.029 -0.001 0.063
-0.017 0.005 0.091
-0.015 0.001 0.095
-0.039 -0.035 0.087
-0.033 -0.025 0.083
-0.039 -0.021 0.079
-0.025 -0.015 0.089
-0.019 -0.013 0.089
-0.025 0.001 0.091
-0.001 0.009 0.103
0.007 0.015 0.103
0.009 0.011 0.101
-0.017 0.011 0.083
-0.027 0.003 0.055
-0.017 0.013 0.079
-0.031 0.009 0.041
-0.007 0.029 0.103
-0.027 0.001 0.059
-0.027 0.001 0.057
-0.009 0.013 0.083
-0.009 0.017 0.113
-0.019 0.009 0.087
-0.015 0.015 0.073
-0.001 0.023 0.107
-0.011 0.017 0.113
-0.009 0.015 0.113
-0.003 0.029 0.103
-0.001 0.017 0.109
0.009 0.021 0.109
0.029 0.029 0.103
-0.001 0.017 0.109
0.019 0.025 0.105
0.001 0.011 0.103
0.009 0.017 0.103
0.019 0.019 0.103
0.021 0.023 0.105
0.001 0.033 0.093
0.009 0.035 0.095
0.027 0.019 0.097
0.027 0.031 0.105
0.015 0.047 0.039
0.009 0.039 0.051
0.013 0.041 0.053
0.025 0.041 0.059
0.031 0.041 0.055
0.013 0.037 0.095
0.021 0.041 0.055
0.033 0.039 0.049
0.029 0.039 0.099
0.031 0.039 0.101
0.001 0.017 0.109
0.001 0.011 0.103
0.011 0.021 0.105
0.003 0.033 0.109
0.027 0.035 0.101
0.007 0.015 0.103
0.007 0.013 0.103
0.013 0.023 0.107
0.017 0.037 0.087
0.023 0.041 0.095
0.039 0.043 0.103
0.041 0.035 0.105
0.039 0.041 0.105
0.001 0.033 0.109
0.005 0.031 0.107
0.023 0.021 0.103
0.031 0.029 0.101
0.023 0.025 0.105
0.025 0.027 0.105
0.015 0.033 0.105
0.003 0.033 0.109
0.001 0.033 0.109
0.023 0.039 0.103
-0.011 -0.027 0.031
-0.009 -0.019 0.031
-0.017 -0.039 0.039
-0.017 -0.039 0.045
-0.017 -0.037 0.047
-0.015 -0.037 0.037
-0.019 -0.037 0.051
-0.031 -0.031 0.037
-0.027 -0.035 0.037
-0.015 -0.037 0.041
-0.023 -0.041 0.045
-0.005 -0.023 0.037
-0.009 -0.025 0.043
-0.021 -0.041 0.045
-0.019 -0.039 0.047
0.001 -0.019 0.035
-0.001 -0.019 0.037
-0.027 -0.033 0.063
-0.019 -0.017 0.061
-0.019 -0.017 0.063
-0.003 -0.029 0.049
-0.007 -0.031 0.051
-0.029 -0.033 0.065
-0.041 -0.035 0.079
-0.035 -0.029 0.079
-0.033 -0.023 0.081
-0.027 -0.021 0.079
-0.023 -0.021 0.079
-0.011 -0.025 0.065
-0.011 -0.001 0.067
-0.015 -0.005 0.073
-0.007 -0.005 0.077
-0.029 -0.017 0.085
-0.017 -0.015 0.085
0.003 -0.017 0.035
0.005 -0.017 0.033
0.007 -0.015 0.037
-0.001 0.003 0.043
-0.013 -0.001 0.069
-0.013 -0.019 0.073
-0.017 -0.013 0.075
-0.015 -0.013 0.085
-0.013 -0.011 0.087
-0.003 -0.001 0.081
-0.001 0.017 0.109
0.021 -0.001 0.033
0.009 -0.013 0.035
0.009 -0.003 0.039
0.021 0.005 0.047
0.023 0.003 0.035
0.033 0.003 0.035
0.013 0.007 0.053
0.005 0.003 0.063
0.039 0.007 0.041
0.037 0.023 0.051
0.013 -0.001 0.045
0.029 0.003 0.035
0.033 0.017 0.055
0.037 0.027 0.057
0.003 0.003 0.071
0.005 0.005 0.069
0.011 0.021 0.065
0.019 0.017 0.069
0.005 0.009 0.091
0.005 0.009 0.093
0.017 0.015 0.085
0.023 0.017 0.085
0.033 0.023 0.095
0.021 0.019 0.065
0.021 0.019 0.077
0.015 0.015 0.085
0.023 0.017 0.085
0.025 0.017 0.085
0.025 0.019 0.091
0.029 0.021 0.089
0.045 0.027 0.083
0.041 0.025 0.081
0.005 0.009 0.097
0.011 0.013 0.101
0.013 0.015 0.105
0.015 0.015 0.103
0.029 0.021 0.097
0.007 0.023 0.115
0.005 0.019 0.105
0.039 0.025 0.099
-0.035 -0.023 0.035
-0.031 -0.027 0.043
-0.031 -0.035 0.063
-0.033 -0.035 0.051
-0.027 -0.041 0.051
-0.021 -0.039 0.053
-0.025 -0.037 0.059
-0.035 -0.015 0.037
-0.035 -0.013 0.035
-0.031 -0.019 0.039
-0.035 -0.035 0.055
-0.023 -0.039 0.053
-0.029 -0.037 0.061
-0.037 -0.031 0.061
-0.009 -0.031 0.057
-0.013 -0.023 0.057
-0.011 -0.025 0.065
-0.023 -0.021 0.073
-0.033 -0.025 0.087
-0.023 -0.021 0.069
-0.037 -0.031 0.089
-0.015 -0.015 0.081
-0.043 -0.035 0.087
-0.035 -0.031 0.069
-0.043 -0.029 0.081
-0.039 -0.021 0.079
-0.037 -0.023 0.085
-0.035 -0.007 0.075
-0.035 -0.007 0.079
-0.033 -0.029 0.071
-0.029 -0.029 0.069
-0.025 -0.021 0.079
-0.029 -0.017 0.087
-0.015 -0.007 0.091
-0.011 -0.023 0.067
0.011 -0.003 0.043
-0.039 -0.025 0.085
-0.039 -0.027 0.087
-0.033 -0.015 0.085
-0.031 -0.009 0.089
-0.039 -0.023 0.083
-0.037 -0.011 0.075
-0.035 -0.013 0.081
-0.033 -0.011 0.087
-0.029 -0.009 0.091
-0.025 -0.007 0.095
-0.031 -0.005 0.087
-0.023 -0.003 0.093
-0.023 -0.007 0.095
-0.003 0.017 0.111
0.007 0.001 0.047
-0.027 -0.017 0.085
-0.017 -0.015 0.087
-0.013 -0.017 0.069
0.009 0.001 0.051
0.029 0.003 0.035
0.029 0.003 0.035
-0.029 -0.015 0.089
-0.029 -0.011 0.093
0.025 0.011 0.053
0.005 0.001 0.057
0.009 0.005 0.059
0.017 0.009 0.051
0.015 0.011 0.055
-0.021 -0.009 0.091
-0.021 -0.007 0.093
0.037 0.007 0.043
0.041 0.007 0.043
-0.031 -0.009 0.089
-0.027 -0.011 0.093
-0.027 -0.005 0.091
-0.023 -0.003 0.093
-0.025 -0.011 0.093
-0.019 -0.003 0.095
-0.017 -0.003 0.093
-0.013 -0.003 0.091
0.005 0.017 0.077
-0.017 -0.001 0.095
0.001 0.009 0.097
0.003 0.009 0.097
0.019 0.017 0.077
-0.011 0.001 0.091
-0.011 -0.001 0.091
-0.007 0.001 0.089
0.019 0.017 0.077
-0.001 0.007 0.095
0.001 0.007 0.095
0.001 0.019 0.095
0.017 0.015 0.101
0.009 0.015 0.107
0.027 0.023 0.073
0.019 0.017 0.099
-0.007 0.011 0.089
0.035 0.029 0.101
0.009 0.021 0.109
0.025 0.023 0.105
0.005 0.025 0.111
0.019 0.031 0.105
0.025 0.037 0.103
0.031 0.037 0.103
-0.035 0.001 0.035
-0.035 -0.035 0.055
-0.031 -0.031 0.041
-0.035 -0.035 0.053
-0.035 -0.027 0.057
-0.037 -0.031 0.063
-0.035 -0.011 0.063
-0.035 -0.007 0.039
-0.033 -0.011 0.043
-0.031 -0.001 0.047
-0.035 0.001 0.039
-0.037 0.005 0.037
-0.033 -0.009 0.045
-0.029 0.007 0.043
-0.025 0.007 0.045
-0.033 -0.031 0.049
-0.029 -0.013 0.053
-0.033 -0.013 0.059
-0.035 -0.013 0.065
-0.033 -0.009 0.059
-0.029 0.001 0.057
-0.027 0.003 0.055
-0.015 0.007 0.063
-0.017 0.009 0.067
-0.041 -0.027 0.077
-0.033 -0.003 0.073
-0.035 -0.011 0.067
-0.037 -0.011 0.069
-0.035 -0.009 0.067
-0.031 -0.003 0.075
-0.025 0.001 0.075
-0.025 0.003 0.077
-0.031 -0.003 0.085
-0.001 0.007 0.037
-0.035 0.005 0.037
-0.029 0.009 0.037
-0.029 0.003 0.043
-0.021 0.005 0.045
-0.019 0.011 0.079
-0.017 0.013 0.073
-0.015 0.007 0.089
-0.015 0.013 0.083
-0.013 0.011 0.085
-0.009 0.011 0.085
-0.001 0.031 0.085
-0.003 0.031 0.093
-0.003 0.021 0.107
-0.005 0.029 0.037
-0.001 0.031 0.041
-0.003 0.013 0.037
-0.003 0.025 0.045
-0.001 0.029 0.043
-0.003 0.031 0.037
0.001 0.033 0.039
-0.007 0.021 0.053
-0.001 0.021 0.059
0.011 0.023 0.057
0.011 0.023 0.055
0.013 0.029 0.057
0.011 0.025 0.061
0.005 0.029 0.049
0.017 0.037 0.057
0.013 0.043 0.039
0.015 0.049 0.037
0.025 0.041 0.043
0.015 0.049 0.035
0.023 0.039 0.063
0.003 0.021 0.071
0.003 0.021 0.071
0.007 0.031 0.077
-0.001 0.019 0.085
-0.005 0.029 0.089
0.005 0.035 0.097
0.007 0.035 0.093
0.017 0.037 0.085
0.019 0.037 0.069
0.001 0.033 0.089
0.015 0.035 0.091
0.015 0.035 0.089
0.035 0.041 0.089
0.039 0.043 0.087
0.041 0.043 0.085
-0.001 0.021 0.105
-0.007 0.029 0.097
0.003 0.025 0.105
0.015 0.037 0.101
-0.035 0.001 0.037
-0.035 0.005 0.037
-0.033 0.005 0.037
-0.031 -0.029 0.049
-0.031 -0.025 0.043
-0.035 -0.029 0.057
-0.031 -0.001 0.051
-0.031 -0.003 0.051
-0.031 -0.001 0.051
-0.025 0.009 0.043
-0.035 -0.007 0.063
-0.025 0.001 0.063
-0.019 0.003 0.057
-0.021 0.003 0.059
-0.017 0.003 0.053
-0.027 0.001 0.061
-0.017 0.001 0.059
-0.035 -0.021 0.065
-0.033 -0.003 0.073
-0.035 -0.023 0.083
-0.037 -0.013 0.071
-0.031 -0.003 0.075
-0.025 -0.001 0.065
-0.019 0.011 0.077
-0.027 -0.003 0.091
-0.023 0.005 0.089
0.001 0.027 0.045
-0.003 0.031 0.031
-0.019 0.005 0.041
-0.007 0.013 0.045
-0.005 0.029 0.035
-0.007 0.027 0.037
-0.019 0.005 0.049
-0.011 0.009 0.053
-0.011 0.017 0.057
-0.023 0.005 0.075
-0.021 0.009 0.081
-0.023 0.007 0.085
-0.009 0.013 0.083
-0.003 0.015 0.081
-0.001 0.009 0.095
-0.005 0.021 0.109
-0.003 0.021 0.109
0.013 0.041 0.037
0.007 0.037 0.041
0.005 0.035 0.039
0.007 0.037 0.039
0.005 0.037 0.035
0.007 0.039 0.035
0.009 0.021 0.055
0.005 0.029 0.049
0.007 0.029 0.051
0.013 0.031 0.055
0.005 0.021 0.059
0.015 0.035 0.059
0.011 0.039 0.041
0.015 0.049 0.037
0.019 0.051 0.035
0.013 0.041 0.043
0.011 0.037 0.053
0.033 0.039 0.051
0.035 0.037 0.059
-0.001 0.019 0.067
0.001 0.017 0.069
-0.001 0.015 0.075
0.005 0.021 0.069
0.009 0.031 0.067
0.001 0.027 0.081
-0.005 0.029 0.093
0.011 0.037 0.095
0.015 0.037 0.095
0.017 0.037 0.091
0.023 0.037 0.087
0.021 0.037 0.065
0.009 0.033 0.087
0.017 0.037 0.095
0.019 0.039 0.095
0.003 0.033 0.103
0.003 0.035 0.105
0.031 0.039 0.101
0.033 0.041 0.101
0.017 0.037 0.103
