-0.013 -0.017 0.067
-0.019 -0.019 0.047
-0.007 -0.021 0.061
-0.005 -0.021 0.055
-0.005 -0.005 0.077
-0.015 -0.013 0.055
-0.011 -0.013 0.049
-0.003 -0.019 0.047
-0.003 -0.001 0.081
-0.001 0.003 0.081
0.013 0.013 0.107
-0.025 -0.029 0.059
-0.027 -0.031 0.065
-0.027 -0.031 0.065
-0.009 -0.025 0.065
-0.007 -0.025 0.063
-0.021 -0.039 0.051
-0.021 -0.031 0.053
-0.023 -0.033 0.057
-0.023 -0.035 0.059
-0.023 -0.035 0.059
-0.019 -0.037 0.051
-0.015 -0.037 0.045
-0.003 -0.027 0.055
-0.027 -0.035 0.061
-0.021 -0.035 0.055
-0.023 -0.035 0.059
-0.029 -0.031 0.067
-0.013 -0.011 0.079
-0.017 -0.015 0.067
-0.007 -0.001 0.089
-0.007 -0.001 0.089
-0.007 0.003 0.089
-0.023 -0.021 0.077
-0.029 -0.027 0.065
-0.029 -0.027 0.069
-0.023 -0.017 0.087
-0.017 -0.007 0.091
-0.017 -0.001 0.095
-0.017 -0.001 0.095
-0.015 0.003 0.095
-0.011 -0.019 0.071
-0.005 -0.023 0.059
-0.015 -0.013 0.065
-0.017 -0.017 0.071
-0.011 -0.019 0.071
-0.025 -0.027 0.055
-0.009 -0.023 0.065
-0.009 -0.021 0.063
-0.003 -0.025 0.055
-0.003 -0.023 0.051
-0.003 -0.023 0.039
-0.003 -0.015 0.047
-0.005 -0.019 0.051
-0.003 -0.021 0.043
-0.003 -0.027 0.055
-0.005 -0.023 0.055
-0.011 -0.017 0.051
-0.003 -0.021 0.043
-0.003 -0.023 0.045
-0.003 -0.017 0.047
-0.009 -0.011 0.049
-0.011 -0.011 0.049
-0.009 -0.009 0.049
-0.013 -0.011 0.055
0.011 0.013 0.109
0.013 0.013 0.107
0.011 0.013 0.109
0.007 0.011 0.103
0.013 0.017 0.107
-0.007 -0.003 0.087
-0.005 0.001 0.087
-0.005 0.001 0.087
0.003 0.009 0.103
-0.007 -0.009 0.049
-0.005 -0.009 0.043
-0.001 -0.013 0.037
-0.005 -0.007 0.043
-0.005 -0.009 0.041
-0.003 -0.009 0.039
0.005 0.003 0.067
-0.013 -0.013 0.051
-0.005 -0.011 0.049
0.005 0.007 0.071
0.003 0.001 0.065
-0.025 -0.027 0.055
-0.025 -0.029 0.057
-0.025 -0.029 0.061
-0.025 -0.029 0.059
-0.019 -0.019 0.079
-0.011 -0.009 0.087
-0.017 -0.015 0.061
-0.005 -0.023 0.061
-0.007 -0.029 0.061
-0.003 -0.029 0.055
-0.003 -0.029 0.055
-0.005 -0.029 0.059
-0.003 -0.029 0.053
-0.007 -0.021 0.059
-0.007 -0.021 0.057
-0.009 -0.021 0.059
-0.003 -0.023 0.051
-0.005 -0.021 0.057
-0.009 -0.027 0.063
-0.005 -0.029 0.061
-0.007 -0.021 0.061
-0.009 -0.019 0.063
-0.005 -0.023 0.057
-0.007 -0.021 0.061
-0.007 0.001 0.089
-0.007 -0.001 0.089
-0.007 -0.005 0.085
-0.015 -0.013 0.057
-0.009 0.009 0.091
-0.009 0.009 0.091
-0.011 0.005 0.093
-0.013 0.007 0.093
-0.011 0.007 0.091
-0.011 -0.011 0.049
0.001 -0.001 0.071
0.013 0.013 0.107
-0.003 -0.003 0.077
-0.001 0.003 0.081
0.013 0.013 0.107
0.003 0.001 0.067
-0.033 -0.031 0.069
-0.035 -0.031 0.087
-0.041 -0.033 0.087
-0.039 -0.031 0.087
-0.039 -0.035 0.087
-0.043 -0.035 0.087
-0.033 -0.027 0.073
-0.031 -0.029 0.069
-0.033 -0.029 0.071
-0.023 -0.015 0.089
-0.019 -0.015 0.087
-0.021 -0.013 0.089
-0.021 -0.015 0.089
-0.035 -0.023 0.085
-0.035 -0.023 0.083
-0.035 -0.027 0.087
-0.033 -0.027 0.081
-0.033 -0.025 0.083
-0.033 -0.027 0.081
-0.037 -0.021 0.081
-0.029 -0.021 0.079
-0.027 -0.017 0.087
-0.029 -0.019 0.083
-0.025 -0.015 0.089
-0.019 -0.007 0.093
-0.019 -0.003 0.095
-0.019 -0.003 0.095
-0.017 0.001 0.095
-0.021 -0.001 0.095
-0.023 0.001 0.091
-0.019 0.001 0.095
-0.021 0.003 0.091
-0.035 -0.029 0.087
-0.035 -0.027 0.087
-0.033 -0.019 0.085
-0.027 -0.007 0.093
-0.027 -0.001 0.089
-0.029 -0.029 0.067
-0.027 -0.029 0.065
-0.017 -0.015 0.087
-0.021 -0.015 0.089
-0.019 -0.017 0.083
-0.015 -0.015 0.081
-0.021 -0.015 0.089
-0.019 -0.017 0.085
-0.023 -0.019 0.083
-0.017 -0.015 0.065
-0.017 -0.015 0.071
-0.011 0.005 0.093
-0.011 0.003 0.091
-0.007 -0.001 0.089
-0.007 0.003 0.089
-0.007 0.003 0.089
-0.009 -0.005 0.087
-0.017 0.001 0.095
-0.023 0.003 0.091
-0.015 0.003 0.095
-0.005 0.003 0.085
-0.005 0.001 0.087
0.001 0.001 0.077
-0.005 0.001 0.087
-0.007 -0.003 0.085
-0.005 -0.003 0.083
-0.003 -0.003 0.077
-0.029 -0.015 0.089
-0.023 -0.015 0.089
-0.019 -0.017 0.085
-0.021 -0.017 0.087
-0.027 -0.013 0.091
-0.015 -0.013 0.085
-0.013 -0.011 0.087
-0.029 -0.003 0.089
-0.025 -0.009 0.095
-0.025 -0.009 0.095
-0.025 -0.011 0.093
-0.023 -0.001 0.093
-0.015 -0.007 0.091
-0.015 -0.003 0.091
-0.023 -0.007 0.095
-0.019 -0.003 0.095
-0.013 -0.011 0.085
-0.009 -0.007 0.087
-0.009 -0.007 0.087
0.003 -0.009 0.037
0.017 0.001 0.041
0.017 -0.005 0.035
0.001 -0.001 0.067
0.029 0.039 0.099
0.007 0.023 0.115
0.007 0.023 0.115
-0.005 0.011 0.087
-0.005 0.013 0.085
0.005 0.015 0.101
0.011 0.023 0.111
0.027 0.023 0.103
0.023 0.021 0.103
0.007 0.007 0.065
0.021 0.019 0.103
0.025 0.025 0.105
0.025 0.037 0.103
0.023 0.039 0.097
0.023 0.033 0.105
0.023 0.037 0.103
0.023 0.037 0.103
-0.005 0.011 0.087
0.011 0.015 0.109
-0.007 0.011 0.089
0.003 0.011 0.103
-0.005 0.011 0.087
0.003 0.011 0.103
0.017 0.017 0.105
0.011 0.015 0.109
0.005 0.005 0.065
0.005 0.005 0.069
0.019 0.021 0.105
0.017 0.025 0.105
0.015 0.027 0.105
0.003 0.005 0.075
0.011 0.023 0.109
0.009 0.021 0.109
0.011 0.023 0.111
0.017 0.029 0.105
0.015 0.027 0.105
0.013 0.027 0.107
0.015 0.027 0.105
0.013 0.027 0.107
0.023 0.041 0.095
-0.011 0.009 0.087
-0.017 0.005 0.091
0.001 0.019 0.109
0.001 0.021 0.109
0.005 0.015 0.101
0.003 0.009 0.103
0.005 0.019 0.105
0.007 0.025 0.115
0.007 0.025 0.115
0.003 0.019 0.109
0.013 0.023 0.107
0.015 0.023 0.105
0.015 0.017 0.107
0.011 0.021 0.105
0.013 0.021 0.105
0.011 0.027 0.109
0.009 0.025 0.113
0.009 0.025 0.113
0.011 0.025 0.111
-0.017 0.007 0.089
-0.003 0.017 0.111
-0.003 0.001 0.083
-0.003 0.003 0.083
0.001 0.017 0.109
0.007 0.015 0.103
0.007 0.017 0.101
-0.015 0.001 0.095
-0.007 0.003 0.089
0.013 0.025 0.107
0.007 0.033 0.105
0.009 0.033 0.105
0.011 0.025 0.111
0.005 0.031 0.107
0.009 0.029 0.105
0.005 0.031 0.107
0.003 0.011 0.103
-0.007 0.027 0.101
-0.003 0.027 0.101
-0.005 0.029 0.103
-0.001 0.019 0.111
0.035 0.031 0.105
0.041 0.037 0.105
0.033 0.039 0.103
0.047 0.035 0.093
0.041 0.015 0.037
0.031 0.043 0.099
0.027 0.019 0.095
0.019 0.011 0.053
0.039 0.027 0.101
0.011 0.003 0.053
0.011 0.003 0.053
0.015 0.007 0.051
0.027 0.007 0.045
0.035 0.011 0.045
0.025 0.003 0.041
0.031 0.007 0.047
0.031 0.009 0.047
0.035 0.035 0.107
0.039 0.031 0.105
0.037 0.037 0.107
0.039 0.043 0.103
0.027 0.035 0.101
0.029 0.037 0.101
0.013 0.001 0.049
0.015 0.007 0.051
0.031 0.021 0.097
0.033 0.021 0.097
0.033 0.025 0.099
0.005 0.001 0.059
0.009 0.005 0.057
0.025 0.023 0.105
0.019 0.009 0.051
0.017 0.011 0.053
0.039 0.025 0.101
0.025 0.013 0.055
0.027 0.017 0.059
0.027 0.013 0.055
0.029 0.011 0.053
0.033 0.029 0.101
0.025 0.037 0.103
0.033 0.037 0.105
0.033 0.035 0.105
0.033 0.037 0.105
0.027 0.027 0.105
0.025 0.027 0.105
0.033 0.037 0.105
0.037 0.027 0.101
0.039 0.031 0.105
0.041 0.027 0.099
0.041 0.009 0.043
0.041 0.013 0.039
0.043 0.011 0.041
0.039 0.015 0.043
0.041 0.013 0.041
0.037 0.019 0.043
0.037 0.019 0.035
0.037 0.019 0.037
0.039 0.017 0.041
0.039 0.029 0.051
0.037 0.017 0.043
0.037 0.023 0.047
0.047 0.027 0.085
0.033 0.019 0.053
0.047 0.027 0.085
0.049 0.033 0.087
0.045 0.037 0.093
0.029 0.043 0.097
0.041 0.043 0.103
0.033 0.043 0.099
0.017 0.039 0.057
0.017 0.043 0.041
0.031 0.041 0.051
0.023 0.045 0.041
0.023 0.041 0.045
0.025 0.045 0.039
0.021 0.041 0.047
0.029 0.041 0.051
0.031 0.041 0.045
0.017 0.049 0.039
0.021 0.051 0.037
0.019 0.049 0.039
0.021 0.049 0.039
0.029 0.043 0.097
0.017 0.043 0.051
0.015 0.041 0.055
0.029 0.041 0.057
0.037 0.043 0.103
0.037 0.045 0.101
0.039 0.043 0.103
0.037 0.037 0.049
0.037 0.035 0.043
0.037 0.035 0.055
0.037 0.033 0.049
0.035 0.037 0.051
0.049 0.039 0.093
0.047 0.039 0.087
0.045 0.039 0.093
0.047 0.039 0.093
0.003 0.005 0.075
0.025 0.023 0.105
0.001 0.005 0.077
0.019 0.021 0.105
0.019 0.025 0.105
0.027 0.027 0.105
0.029 0.027 0.103
0.021 0.033 0.105
0.025 0.035 0.103
0.017 0.025 0.105
0.021 0.025 0.105
0.019 0.031 0.105
0.019 0.033 0.105
0.021 0.035 0.103
0.025 0.037 0.103
0.023 0.035 0.103
0.037 0.027 0.101
0.043 0.031 0.103
0.041 0.027 0.101
0.041 0.029 0.089
0.041 0.035 0.105
0.043 0.035 0.105
0.041 0.035 0.091
0.031 0.025 0.099
0.033 0.025 0.099
0.035 0.027 0.101
0.019 0.021 0.105
0.013 0.015 0.107
0.015 0.015 0.107
0.015 0.015 0.107
0.015 0.017 0.107
0.011 0.013 0.109
0.013 0.017 0.107
0.017 0.017 0.105
0.015 0.015 0.107
0.013 0.029 0.105
0.027 0.023 0.103
0.027 0.025 0.105
0.037 0.023 0.099
0.035 0.027 0.101
0.039 0.027 0.101
0.027 0.029 0.105
0.029 0.031 0.105
0.025 0.021 0.103
0.029 0.025 0.103
0.033 0.025 0.099
0.037 0.025 0.101
0.027 0.029 0.105
0.025 0.033 0.105
0.029 0.031 0.105
0.025 0.029 0.105
0.027 0.031 0.105
0.035 0.035 0.107
0.031 0.031 0.101
0.039 0.035 0.105
0.031 0.027 0.099
0.029 0.033 0.103
0.043 0.035 0.091
0.043 0.031 0.101
0.047 0.033 0.089
0.025 0.037 0.101
0.027 0.037 0.099
0.041 0.043 0.103
0.041 0.041 0.089
0.041 0.039 0.105
0.017 0.035 0.103
0.015 0.035 0.105
0.027 0.035 0.101
0.025 0.037 0.101
0.031 0.037 0.103
0.039 0.043 0.103
0.035 0.039 0.105
0.035 0.039 0.103
0.035 0.039 0.105
0.037 0.039 0.105
0.025 0.035 0.103
0.023 0.039 0.103
0.021 0.039 0.095
0.035 0.035 0.107
0.025 0.041 0.095
0.031 0.043 0.099
0.045 0.037 0.093
0.041 0.039 0.105
0.041 0.039 0.105
0.041 0.039 0.103
0.045 0.039 0.093
0.045 0.033 0.091
0.049 0.037 0.093
0.009 0.015 0.109
0.001 0.009 0.103
0.011 0.013 0.109
0.019 0.017 0.103
0.011 0.015 0.109
0.013 0.015 0.107
0.011 0.023 0.111
0.013 0.019 0.105
0.009 0.031 0.103
0.007 0.031 0.105
0.027 0.021 0.103
0.023 0.021 0.103
0.027 0.023 0.103
0.033 0.023 0.099
0.029 0.027 0.103
0.029 0.025 0.101
0.017 0.017 0.105
0.019 0.023 0.105
0.037 0.023 0.097
0.039 0.033 0.105
0.037 0.033 0.107
0.039 0.031 0.105
0.009 0.035 0.103
0.009 0.035 0.103
0.005 0.033 0.107
0.005 0.033 0.107
0.007 0.033 0.105
0.019 0.037 0.103
0.023 0.037 0.103
0.025 0.033 0.105
0.037 0.037 0.107
0.039 0.035 0.105
0.041 0.043 0.103
0.041 0.043 0.103
