-0.027 -0.033 0.035
-0.025 -0.037 0.037
-0.035 -0.025 0.035
-0.031 -0.031 0.037
-0.029 -0.037 0.041
-0.033 -0.025 0.039
-0.033 -0.021 0.039
-0.033 -0.037 0.055
-0.029 -0.033 0.037
-0.021 -0.041 0.045
-0.019 -0.039 0.037
-0.029 -0.041 0.049
-0.021 -0.039 0.053
-0.027 -0.039 0.055
-0.023 -0.039 0.053
-0.023 -0.039 0.053
-0.029 -0.039 0.057
-0.031 -0.035 0.063
-0.033 -0.009 0.041
-0.035 -0.031 0.055
-0.035 -0.033 0.059
-0.037 -0.031 0.063
-0.035 -0.033 0.061
-0.033 -0.015 0.061
-0.029 -0.031 0.035
-0.033 -0.029 0.035
-0.031 -0.031 0.035
-0.031 -0.031 0.041
-0.033 -0.035 0.049
-0.027 -0.041 0.053
-0.031 -0.025 0.043
-0.031 -0.017 0.041
-0.031 -0.025 0.043
-0.025 -0.019 0.043
-0.031 -0.039 0.057
-0.025 -0.041 0.043
-0.029 -0.041 0.047
-0.021 -0.041 0.045
-0.025 -0.041 0.045
-0.021 -0.041 0.047
-0.027 -0.041 0.051
-0.007 -0.031 0.049
-0.029 -0.039 0.055
-0.015 -0.035 0.047
-0.033 -0.033 0.045
-0.033 -0.035 0.047
-0.033 -0.033 0.047
-0.035 -0.017 0.037
-0.033 -0.011 0.043
-0.033 -0.011 0.043
-0.029 -0.011 0.047
-0.031 -0.011 0.047
-0.031 -0.009 0.047
-0.033 -0.005 0.049
-0.033 -0.035 0.047
-0.033 -0.033 0.045
-0.025 -0.041 0.049
-0.027 -0.041 0.053
-0.029 -0.023 0.043
-0.027 -0.017 0.043
-0.035 -0.035 0.053
-0.035 -0.033 0.053
-0.031 -0.039 0.053
-0.031 -0.037 0.061
-0.029 -0.037 0.061
-0.031 -0.039 0.057
-0.033 -0.037 0.059
-0.031 -0.037 0.061
-0.031 -0.037 0.061
-0.033 -0.037 0.053
-0.033 -0.037 0.055
-0.033 -0.037 0.059
-0.035 -0.035 0.059
-0.035 -0.035 0.059
-0.025 -0.039 0.053
-0.031 -0.037 0.059
-0.035 -0.031 0.057
-0.035 -0.033 0.063
-0.029 -0.035 0.063
-0.029 -0.033 0.065
-0.037 -0.031 0.065
-0.035 -0.031 0.067
-0.019 -0.019 0.065
-0.011 -0.031 0.055
-0.013 -0.027 0.055
-0.011 -0.029 0.055
-0.007 -0.031 0.057
-0.007 -0.031 0.055
-0.013 -0.025 0.061
-0.009 -0.027 0.063
-0.009 -0.029 0.061
-0.013 -0.025 0.063
-0.035 -0.029 0.055
-0.031 -0.009 0.053
-0.031 -0.007 0.051
-0.031 -0.005 0.053
-0.031 -0.005 0.053
-0.033 -0.013 0.059
-0.029 -0.029 0.069
-0.033 -0.009 0.059
-0.031 -0.037 0.061
-0.013 -0.027 0.057
-0.035 -0.031 0.067
-0.033 -0.031 0.069
-0.017 -0.017 0.067
-0.035 -0.033 0.065
-0.043 -0.037 0.079
-0.043 -0.035 0.085
-0.041 -0.035 0.085
-0.041 -0.037 0.087
-0.037 -0.027 0.069
-0.039 -0.025 0.069
-0.041 -0.029 0.073
-0.041 -0.025 0.075
-0.037 -0.013 0.071
-0.037 -0.013 0.071
-0.037 -0.011 0.069
-0.037 -0.013 0.071
-0.037 -0.013 0.075
-0.041 -0.035 0.083
-0.043 -0.033 0.085
-0.043 -0.035 0.085
-0.033 -0.033 0.067
-0.035 -0.029 0.071
-0.037 -0.029 0.069
-0.023 -0.021 0.071
-0.027 -0.021 0.079
-0.039 -0.035 0.085
-0.025 -0.021 0.073
-0.025 -0.021 0.079
-0.023 -0.021 0.079
-0.011 -0.025 0.065
-0.013 -0.021 0.069
-0.023 -0.021 0.073
-0.037 -0.013 0.073
-0.037 -0.013 0.075
-0.043 -0.033 0.079
-0.035 -0.031 0.081
-0.025 -0.019 0.081
-0.035 -0.011 0.077
-0.039 -0.023 0.083
-0.041 -0.027 0.083
-0.019 -0.019 0.079
-0.003 -0.003 0.073
-0.021 -0.019 0.081
-0.033 -0.011 0.087
-0.025 -0.017 0.087
-0.035 -0.009 0.083
-0.035 -0.009 0.083
-0.033 -0.011 0.087
-0.031 -0.009 0.089
-0.031 -0.013 0.089
-0.017 -0.013 0.089
-0.019 -0.007 0.093
-0.025 -0.009 0.095
-0.021 -0.019 0.083
-0.021 -0.017 0.085
-0.015 -0.013 0.087
-0.019 -0.017 0.085
-0.015 -0.011 0.089
-0.005 -0.029 0.045
-0.007 -0.027 0.043
-0.025 -0.041 0.049
-0.023 -0.041 0.051
-0.007 -0.029 0.045
-0.019 -0.037 0.051
-0.021 -0.037 0.055
-0.011 -0.031 0.055
-0.013 -0.019 0.067
-0.013 -0.019 0.069
-0.031 -0.009 0.049
-0.035 0.001 0.035
-0.035 0.003 0.035
-0.035 -0.003 0.041
-0.035 0.003 0.039
-0.033 -0.007 0.041
-0.033 -0.009 0.043
-0.033 -0.005 0.043
-0.029 -0.017 0.043
-0.033 0.003 0.041
-0.033 -0.005 0.045
-0.033 -0.007 0.047
-0.031 -0.001 0.047
-0.033 0.007 0.041
-0.037 -0.031 0.059
-0.037 -0.031 0.059
-0.027 -0.013 0.047
-0.035 -0.033 0.065
-0.037 -0.027 0.061
-0.029 -0.013 0.053
-0.031 -0.013 0.057
-0.037 -0.027 0.065
-0.033 -0.011 0.059
-0.037 -0.027 0.067
-0.037 -0.025 0.063
-0.033 -0.015 0.063
-0.035 -0.015 0.065
-0.039 -0.025 0.069
-0.035 -0.033 0.065
-0.033 -0.033 0.067
-0.037 -0.027 0.067
-0.023 -0.021 0.071
-0.039 -0.025 0.069
-0.045 -0.035 0.081
-0.043 -0.033 0.083
-0.035 -0.015 0.081
-0.035 -0.009 0.083
-0.035 -0.029 0.077
-0.041 -0.025 0.079
-0.039 -0.023 0.083
-0.041 -0.029 0.085
-0.031 -0.007 0.089
-0.027 -0.009 0.093
-0.023 -0.003 0.095
-0.015 -0.013 0.087
-0.021 -0.011 0.091
-0.031 -0.013 0.089
-0.029 -0.011 0.091
-0.023 -0.011 0.091
-0.023 -0.011 0.091
-0.019 -0.007 0.093
-0.027 -0.011 0.093
-0.019 -0.007 0.093
-0.007 0.027 0.087
-0.023 -0.003 0.095
-0.019 -0.003 0.095
-0.009 0.027 0.095
-0.007 0.025 0.095
-0.005 0.025 0.095
-0.009 0.027 0.103
-0.009 0.027 0.097
-0.001 0.017 0.109
-0.011 0.013 0.113
-0.033 -0.037 0.055
-0.033 -0.037 0.055
-0.031 -0.039 0.057
-0.021 -0.037 0.055
-0.035 -0.031 0.057
-0.033 -0.037 0.059
-0.035 -0.027 0.057
-0.035 -0.035 0.059
-0.035 -0.035 0.059
-0.025 -0.039 0.057
-0.033 -0.035 0.061
-0.025 -0.037 0.059
0.029 0.003 0.035
-0.005 -0.031 0.053
-0.029 -0.013 0.053
-0.031 -0.039 0.057
-0.027 -0.039 0.055
-0.033 -0.037 0.055
-0.033 -0.037 0.055
-0.033 -0.037 0.057
-0.033 -0.037 0.059
-0.013 -0.027 0.055
-0.011 -0.029 0.055
-0.013 -0.027 0.059
0.029 0.003 0.035
-0.021 -0.037 0.055
-0.011 -0.029 0.055
-0.011 -0.031 0.057
0.025 0.003 0.041
0.029 0.005 0.045
-0.035 -0.033 0.057
-0.037 -0.031 0.059
-0.031 -0.013 0.057
-0.033 -0.035 0.061
-0.037 -0.031 0.061
-0.035 -0.033 0.063
-0.027 -0.037 0.059
-0.011 -0.031 0.055
-0.011 -0.029 0.055
-0.013 -0.025 0.063
-0.013 -0.025 0.063
-0.013 -0.023 0.065
-0.013 -0.023 0.065
-0.013 -0.021 0.069
-0.013 -0.017 0.073
0.021 0.009 0.051
0.023 0.007 0.049
0.027 0.011 0.053
-0.043 -0.035 0.077
-0.043 -0.035 0.075
-0.033 -0.027 0.073
-0.031 -0.027 0.073
-0.025 -0.021 0.073
-0.019 -0.019 0.073
-0.023 -0.021 0.073
-0.023 -0.021 0.079
-0.023 -0.021 0.075
-0.039 -0.037 0.087
-0.035 -0.031 0.083
0.033 0.003 0.035
0.031 0.003 0.037
0.031 0.003 0.037
0.037 0.007 0.037
0.037 0.007 0.039
0.039 0.007 0.037
0.031 0.005 0.045
0.035 0.007 0.045
-0.007 -0.031 0.057
0.027 0.005 0.045
-0.013 -0.027 0.061
-0.011 -0.027 0.061
0.025 0.009 0.051
0.021 0.009 0.051
0.023 0.011 0.053
0.025 0.011 0.053
0.029 0.015 0.057
0.027 0.015 0.057
0.027 0.019 0.063
-0.033 -0.013 0.059
-0.037 -0.027 0.065
-0.037 -0.027 0.063
-0.037 -0.027 0.067
-0.037 -0.027 0.067
-0.039 -0.025 0.069
-0.037 -0.027 0.069
-0.039 -0.025 0.069
-0.041 -0.035 0.075
-0.043 -0.035 0.075
-0.043 -0.037 0.079
-0.033 -0.033 0.065
-0.031 -0.033 0.065
-0.035 -0.033 0.065
-0.035 -0.033 0.065
0.001 0.001 0.051
-0.029 -0.031 0.067
-0.035 -0.031 0.067
-0.035 -0.031 0.069
-0.035 -0.031 0.069
-0.023 -0.021 0.069
-0.003 -0.001 0.059
-0.035 -0.029 0.071
-0.039 -0.033 0.077
-0.025 -0.021 0.071
-0.037 -0.025 0.067
-0.043 -0.037 0.079
-0.043 -0.035 0.077
-0.043 -0.037 0.079
-0.035 -0.029 0.077
-0.043 -0.037 0.081
-0.043 -0.037 0.079
-0.043 -0.037 0.081
-0.043 -0.037 0.081
-0.041 -0.035 0.083
-0.035 -0.031 0.081
-0.039 -0.037 0.087
-0.023 -0.019 0.081
0.015 0.017 0.069
-0.013 -0.025 0.061
-0.011 -0.025 0.065
-0.013 -0.021 0.065
-0.013 -0.021 0.067
0.021 0.015 0.055
-0.013 -0.021 0.069
-0.013 -0.021 0.069
-0.013 -0.019 0.073
-0.003 -0.003 0.071
-0.017 -0.015 0.083
-0.001 0.001 0.081
0.015 0.015 0.077
-0.035 -0.031 0.087
-0.025 -0.017 0.085
-0.023 -0.019 0.081
-0.021 -0.019 0.081
-0.005 -0.005 0.077
-0.027 -0.017 0.087
-0.037 -0.031 0.089
-0.023 -0.017 0.085
-0.025 -0.017 0.087
-0.025 -0.015 0.089
-0.027 -0.015 0.089
-0.023 -0.011 0.091
0.019 0.019 0.065
0.021 0.017 0.069
0.021 0.017 0.071
0.027 0.019 0.065
0.023 0.019 0.069
0.023 0.019 0.073
0.015 0.015 0.075
0.015 0.017 0.079
0.009 0.015 0.081
0.007 0.011 0.085
-0.009 -0.005 0.087
0.021 0.019 0.077
0.015 0.015 0.077
0.013 0.015 0.079
-0.015 -0.009 0.091
0.007 0.011 0.085
0.003 0.009 0.087
0.009 0.011 0.087
0.011 0.011 0.089
-0.001 0.007 0.095
0.009 0.011 0.089
0.009 0.011 0.093
0.011 0.011 0.093
0.011 0.011 0.093
0.009 0.011 0.095
0.015 0.013 0.095
0.019 0.015 0.085
0.019 0.015 0.091
-0.025 -0.009 0.095
-0.019 -0.007 0.093
0.001 0.017 0.089
0.009 0.011 0.087
0.025 0.017 0.085
0.027 0.019 0.087
0.007 0.011 0.089
0.009 0.011 0.089
0.021 0.017 0.087
0.023 0.017 0.087
0.019 0.015 0.091
0.019 0.015 0.091
0.013 0.013 0.097
0.011 0.013 0.095
0.025 0.019 0.089
0.027 0.019 0.089
0.027 0.019 0.095
0.001 0.009 0.097
0.001 0.007 0.095
0.007 0.011 0.097
0.011 0.013 0.097
0.003 0.009 0.099
0.021 0.017 0.091
0.019 0.017 0.097
0.033 0.021 0.085
0.027 0.019 0.087
0.029 0.021 0.089
0.035 0.025 0.087
0.033 0.021 0.097
0.045 0.029 0.089
-0.021 -0.015 0.089
-0.023 -0.017 0.085
-0.019 -0.003 0.095
-0.001 0.017 0.091
0.001 0.019 0.095
-0.011 0.001 0.091
0.001 0.017 0.089
0.003 0.009 0.091
0.003 0.011 0.091
-0.001 0.007 0.095
0.003 0.009 0.091
-0.001 0.007 0.095
-0.001 0.009 0.095
0.001 0.007 0.095
0.001 0.011 0.099
0.001 0.009 0.101
0.003 0.009 0.101
0.001 0.019 0.099
-0.001 0.009 0.103
0.013 0.013 0.095
0.001 0.009 0.103
0.001 0.009 0.103
0.021 0.017 0.089
0.019 0.017 0.093
0.013 0.013 0.095
0.015 0.015 0.093
0.021 0.017 0.091
0.023 0.019 0.091
0.013 0.013 0.099
0.041 0.031 0.089
0.025 0.019 0.095
0.031 0.021 0.095
0.011 0.013 0.103
0.043 0.027 0.087
0.033 0.021 0.097
0.001 0.009 0.097
0.001 0.009 0.101
0.001 0.009 0.101
0.001 0.009 0.103
0.003 0.009 0.103
0.009 0.011 0.101
0.009 0.015 0.107
0.011 0.013 0.109
0.001 0.009 0.101
0.009 0.017 0.103
-0.003 0.027 0.101
0.003 0.025 0.101
-0.001 0.017 0.107
-0.001 0.017 0.107
-0.003 0.017 0.107
0.009 0.015 0.107
-0.011 0.013 0.111
0.005 0.023 0.113
0.009 0.021 0.107
0.009 0.021 0.107
0.019 0.017 0.099
0.025 0.021 0.103
0.023 0.019 0.101
0.013 0.013 0.107
0.009 0.015 0.109
0.005 0.023 0.115
0.035 0.023 0.099
0.033 0.023 0.099
0.041 0.029 0.103
0.039 0.031 0.105
0.001 0.027 0.101
-0.009 0.015 0.111
-0.011 0.013 0.111
-0.013 0.015 0.113
0.007 0.021 0.107
0.015 0.015 0.107
0.011 0.015 0.107
0.007 0.013 0.103
0.023 0.019 0.101
0.037 0.031 0.103
0.013 0.013 0.107
0.015 0.015 0.103
0.013 0.013 0.107
0.011 0.015 0.107
0.037 0.033 0.107
