-0.031 -0.039 0.047
-0.029 -0.041 0.049
-0.035 -0.035 0.053
-0.035 -0.033 0.057
-0.027 -0.041 0.053
-0.027 -0.041 0.053
-0.029 -0.039 0.057
-0.037 -0.031 0.065
-0.031 -0.013 0.045
-0.029 -0.013 0.045
-0.043 -0.031 0.075
-0.033 -0.033 0.065
-0.035 -0.035 0.053
-0.035 -0.035 0.055
-0.035 -0.035 0.057
-0.035 -0.033 0.065
-0.031 -0.039 0.047
-0.029 -0.041 0.049
-0.023 -0.041 0.043
-0.023 -0.041 0.045
-0.029 -0.039 0.045
-0.023 -0.039 0.053
-0.023 -0.041 0.049
-0.021 -0.039 0.051
-0.031 -0.039 0.057
-0.027 -0.039 0.055
-0.027 -0.037 0.059
-0.025 -0.039 0.057
-0.027 -0.039 0.057
-0.033 -0.025 0.039
-0.035 -0.019 0.035
-0.035 -0.019 0.037
-0.035 -0.011 0.037
-0.035 -0.015 0.037
-0.033 -0.013 0.039
-0.033 -0.009 0.043
-0.037 -0.029 0.063
-0.043 -0.029 0.081
-0.041 -0.023 0.079
-0.035 -0.011 0.063
-0.035 -0.011 0.065
-0.035 -0.009 0.065
-0.031 -0.037 0.045
-0.033 -0.037 0.055
-0.035 -0.033 0.057
-0.035 -0.033 0.065
-0.035 -0.031 0.067
-0.035 -0.033 0.065
-0.033 -0.033 0.067
-0.031 -0.033 0.065
-0.023 -0.039 0.053
-0.029 -0.039 0.057
-0.023 -0.037 0.057
-0.027 -0.037 0.061
-0.025 -0.035 0.061
-0.009 -0.027 0.045
-0.013 -0.025 0.045
-0.021 -0.039 0.053
-0.023 -0.035 0.059
-0.013 -0.027 0.057
-0.031 -0.015 0.043
-0.037 -0.031 0.065
-0.031 -0.009 0.047
-0.043 -0.037 0.081
-0.033 -0.007 0.047
-0.033 -0.005 0.049
-0.031 -0.007 0.051
-0.033 -0.031 0.069
-0.029 -0.031 0.067
-0.011 -0.017 0.051
-0.033 -0.031 0.069
-0.043 -0.035 0.085
-0.029 -0.029 0.069
-0.011 -0.015 0.051
-0.033 -0.035 0.063
-0.035 -0.033 0.063
-0.035 -0.033 0.065
-0.031 -0.033 0.065
-0.027 -0.037 0.061
-0.035 -0.031 0.069
-0.033 -0.033 0.067
-0.041 -0.037 0.087
-0.011 -0.029 0.053
-0.011 -0.027 0.051
-0.007 -0.031 0.055
-0.009 -0.029 0.061
-0.013 -0.027 0.055
-0.011 -0.017 0.051
-0.013 -0.027 0.061
-0.011 -0.027 0.061
-0.011 -0.027 0.061
-0.009 -0.027 0.063
-0.013 -0.025 0.059
-0.007 -0.029 0.061
-0.011 -0.025 0.065
-0.041 -0.025 0.075
-0.033 -0.015 0.061
-0.029 -0.029 0.069
-0.035 -0.009 0.061
-0.035 -0.015 0.067
-0.033 -0.017 0.087
-0.017 -0.015 0.051
-0.017 -0.017 0.061
-0.037 -0.031 0.089
-0.025 -0.021 0.075
-0.025 -0.021 0.077
-0.035 -0.025 0.087
-0.035 -0.033 0.065
-0.041 -0.025 0.081
-0.039 -0.031 0.087
-0.041 -0.033 0.087
-0.035 -0.015 0.079
-0.035 -0.009 0.079
-0.039 -0.029 0.087
-0.041 -0.033 0.087
-0.037 -0.031 0.089
-0.037 -0.027 0.087
-0.039 -0.025 0.085
-0.037 -0.029 0.089
-0.035 -0.025 0.087
-0.035 -0.013 0.083
-0.035 -0.009 0.083
-0.033 -0.029 0.071
-0.041 -0.033 0.087
-0.037 -0.031 0.087
-0.025 -0.021 0.069
-0.023 -0.021 0.069
-0.025 -0.021 0.075
-0.041 -0.037 0.087
-0.039 -0.029 0.087
-0.025 -0.021 0.079
-0.035 -0.011 0.081
-0.033 -0.015 0.083
-0.033 -0.017 0.087
-0.031 -0.013 0.089
-0.029 -0.013 0.091
-0.019 -0.015 0.087
-0.017 -0.015 0.085
-0.009 -0.007 0.079
-0.023 -0.017 0.087
-0.017 -0.013 0.089
-0.017 -0.015 0.087
-0.013 -0.011 0.087
-0.011 -0.009 0.087
-0.009 -0.007 0.087
-0.027 -0.019 0.083
-0.021 -0.019 0.083
-0.021 -0.019 0.083
-0.019 -0.017 0.083
-0.027 -0.015 0.089
-0.021 -0.017 0.087
-0.033 -0.009 0.087
-0.033 -0.005 0.085
-0.033 -0.009 0.087
-0.031 -0.007 0.089
-0.031 -0.001 0.085
-0.019 -0.009 0.091
-0.027 -0.003 0.091
-0.027 -0.003 0.091
-0.021 -0.003 0.095
-0.019 -0.017 0.085
-0.017 -0.015 0.087
-0.013 -0.003 0.091
-0.011 -0.029 0.053
-0.013 -0.027 0.057
-0.011 -0.029 0.059
-0.013 -0.025 0.061
-0.013 -0.023 0.067
0.011 -0.001 0.045
0.015 -0.003 0.041
0.015 -0.003 0.041
-0.035 -0.013 0.083
-0.035 -0.001 0.037
-0.035 0.003 0.039
-0.031 -0.001 0.049
-0.031 0.005 0.041
-0.029 0.007 0.045
-0.031 -0.001 0.055
-0.027 0.007 0.045
-0.037 -0.013 0.071
-0.027 0.007 0.045
-0.043 -0.031 0.083
-0.031 -0.019 0.083
-0.037 -0.029 0.089
-0.025 -0.021 0.079
-0.023 -0.021 0.079
-0.035 -0.013 0.083
-0.035 -0.013 0.083
-0.033 -0.017 0.087
-0.035 -0.009 0.083
-0.033 -0.009 0.087
-0.035 -0.009 0.083
-0.033 -0.011 0.087
-0.033 -0.009 0.087
-0.037 -0.011 0.071
-0.037 -0.011 0.073
-0.035 -0.015 0.077
-0.035 -0.017 0.081
-0.035 -0.027 0.087
-0.033 -0.019 0.085
-0.031 -0.017 0.085
-0.033 -0.017 0.087
-0.031 -0.017 0.089
-0.025 -0.019 0.083
-0.031 -0.007 0.089
-0.029 -0.005 0.089
-0.029 -0.007 0.091
-0.027 -0.005 0.091
-0.033 -0.007 0.085
-0.031 -0.009 0.089
-0.027 0.001 0.087
-0.027 0.001 0.089
-0.031 -0.015 0.089
-0.027 -0.001 0.089
-0.021 -0.003 0.095
-0.019 -0.003 0.095
-0.015 0.001 0.095
-0.025 -0.007 0.095
-0.023 -0.003 0.095
-0.021 0.003 0.091
-0.031 -0.003 0.087
-0.029 -0.001 0.087
-0.025 0.001 0.091
-0.025 0.001 0.091
-0.021 0.003 0.091
-0.019 0.001 0.095
-0.019 0.001 0.095
-0.013 -0.001 0.091
-0.015 -0.001 0.093
-0.009 0.009 0.091
-0.009 0.009 0.091
-0.001 0.021 0.087
-0.005 0.025 0.093
-0.003 0.019 0.091
-0.001 0.019 0.095
-0.001 0.019 0.097
-0.007 0.027 0.093
-0.007 0.027 0.097
-0.005 0.027 0.101
-0.007 0.027 0.101
-0.005 0.027 0.103
-0.013 -0.021 0.069
-0.033 -0.027 0.087
-0.019 -0.019 0.073
-0.019 -0.019 0.079
0.007 0.001 0.047
-0.029 -0.019 0.083
-0.033 -0.011 0.085
-0.031 -0.017 0.089
-0.029 -0.015 0.089
0.011 0.003 0.053
0.007 0.003 0.055
-0.019 -0.019 0.075
-0.013 -0.021 0.069
-0.013 -0.021 0.071
-0.013 -0.017 0.067
-0.025 -0.021 0.077
-0.013 -0.017 0.071
0.017 0.003 0.043
0.015 -0.001 0.043
0.021 0.001 0.039
-0.011 -0.017 0.071
0.013 0.001 0.049
0.013 0.001 0.049
0.023 0.005 0.045
0.013 -0.001 0.045
0.021 0.003 0.043
0.031 0.007 0.047
0.023 0.007 0.049
-0.027 -0.017 0.085
-0.025 -0.017 0.087
-0.031 -0.017 0.089
-0.027 -0.015 0.089
-0.031 -0.009 0.089
-0.029 -0.011 0.093
-0.001 -0.001 0.067
0.019 0.009 0.051
0.017 0.009 0.051
0.017 0.009 0.053
-0.019 -0.019 0.079
-0.001 -0.001 0.059
-0.017 -0.017 0.081
0.007 0.001 0.053
0.013 0.007 0.053
-0.013 -0.011 0.087
0.005 0.003 0.067
-0.013 -0.011 0.087
-0.011 -0.009 0.087
-0.015 -0.009 0.091
-0.011 -0.009 0.087
0.023 0.011 0.053
0.017 0.013 0.055
0.021 0.015 0.055
0.025 0.009 0.051
-0.015 -0.007 0.091
-0.019 -0.007 0.093
-0.021 -0.007 0.093
-0.015 -0.007 0.091
-0.009 -0.003 0.089
-0.013 -0.005 0.091
-0.011 -0.001 0.091
-0.013 -0.001 0.091
0.001 0.001 0.077
0.017 0.019 0.065
0.021 0.019 0.063
0.027 0.019 0.061
0.025 0.019 0.065
0.033 0.003 0.035
0.027 0.003 0.041
0.033 0.005 0.043
0.031 0.005 0.045
0.031 0.009 0.047
0.039 0.009 0.045
0.039 0.009 0.045
0.025 0.007 0.049
0.027 0.009 0.051
0.027 0.015 0.057
0.027 0.015 0.057
0.031 0.021 0.061
0.027 0.019 0.067
0.025 0.019 0.071
-0.029 -0.013 0.091
-0.025 -0.011 0.091
-0.029 -0.009 0.091
-0.025 -0.001 0.091
-0.025 -0.005 0.093
-0.023 -0.011 0.091
-0.025 -0.009 0.095
-0.017 -0.007 0.091
-0.005 -0.003 0.083
-0.023 -0.007 0.095
-0.023 -0.003 0.095
-0.017 -0.003 0.093
-0.013 -0.003 0.091
-0.001 0.003 0.081
0.009 0.017 0.073
-0.019 -0.001 0.095
-0.007 0.001 0.089
0.007 0.015 0.079
-0.021 0.003 0.091
-0.021 -0.003 0.095
-0.019 0.005 0.091
-0.011 0.005 0.093
-0.009 0.009 0.091
0.003 0.015 0.087
0.021 0.019 0.061
0.021 0.017 0.067
0.015 0.015 0.077
0.005 0.009 0.089
0.005 0.009 0.095
-0.007 -0.005 0.077
-0.003 -0.003 0.077
-0.013 -0.007 0.091
-0.015 -0.009 0.091
-0.011 -0.003 0.091
0.009 0.015 0.077
-0.019 -0.005 0.093
-0.013 0.001 0.091
-0.011 0.001 0.091
0.011 0.015 0.075
-0.007 0.003 0.089
-0.007 0.005 0.087
-0.009 0.009 0.091
-0.015 0.001 0.095
-0.011 0.005 0.093
0.003 0.017 0.081
0.003 0.009 0.087
-0.001 0.019 0.081
-0.001 0.021 0.081
-0.001 0.019 0.085
-0.001 0.019 0.085
-0.001 0.021 0.087
0.001 0.019 0.093
0.017 0.017 0.069
0.025 0.019 0.069
0.025 0.019 0.071
0.025 0.021 0.073
0.017 0.015 0.085
0.019 0.017 0.075
0.017 0.015 0.083
-0.001 0.009 0.101
-0.001 0.009 0.101
-0.001 0.009 0.103
0.005 0.009 0.099
0.001 0.009 0.089
0.001 0.009 0.089
0.003 0.009 0.091
-0.001 0.007 0.095
-0.001 0.007 0.095
0.001 0.007 0.095
0.001 0.011 0.089
0.001 0.007 0.095
0.001 0.009 0.097
0.009 0.011 0.099
0.017 0.015 0.089
0.005 0.009 0.093
-0.003 0.025 0.095
-0.001 0.021 0.095
-0.001 0.019 0.097
-0.001 0.019 0.097
-0.001 0.025 0.097
0.011 0.011 0.093
0.017 0.015 0.089
0.025 0.019 0.089
0.005 0.017 0.099
0.017 0.015 0.095
0.013 0.013 0.101
0.017 0.015 0.101
0.021 0.017 0.097
0.007 0.019 0.101
0.009 0.015 0.109
0.021 0.017 0.099
0.011 0.013 0.109
0.021 0.019 0.103
0.019 0.021 0.105
0.027 0.019 0.089
0.035 0.025 0.087
0.043 0.025 0.083
0.041 0.027 0.087
0.031 0.021 0.097
0.035 0.023 0.099
-0.001 0.017 0.091
0.001 0.017 0.091
0.001 0.019 0.099
0.003 0.021 0.101
-0.011 0.015 0.111
-0.011 0.013 0.111
-0.013 0.015 0.113
-0.011 0.013 0.113
-0.001 0.017 0.109
0.009 0.019 0.103
0.011 0.019 0.103
0.009 0.021 0.107
0.013 0.023 0.107
0.015 0.023 0.105
0.013 0.013 0.107
0.011 0.013 0.109
0.011 0.015 0.109
0.021 0.021 0.105
0.021 0.019 0.103
0.019 0.021 0.105
0.021 0.021 0.105
0.025 0.023 0.105
0.021 0.023 0.105
0.025 0.029 0.105
0.035 0.025 0.099
0.037 0.025 0.101
0.021 0.025 0.105
0.001 0.009 0.101
-0.001 0.009 0.103
0.001 0.009 0.103
0.009 0.015 0.109
0.011 0.015 0.109
0.015 0.015 0.103
0.001 0.011 0.103
0.001 0.017 0.107
0.005 0.019 0.105
0.001 0.031 0.105
0.001 0.023 0.109
0.001 0.017 0.109
0.001 0.017 0.109
0.003 0.019 0.109
0.009 0.023 0.111
0.007 0.023 0.115
0.015 0.015 0.101
0.015 0.017 0.107
0.021 0.021 0.105
0.025 0.021 0.103
0.027 0.021 0.103
0.019 0.023 0.105
0.025 0.023 0.105
0.025 0.023 0.105
0.027 0.025 0.105
0.017 0.023 0.105
0.021 0.025 0.105
0.007 0.023 0.115
0.007 0.025 0.115
0.035 0.023 0.099
0.033 0.031 0.103
0.039 0.029 0.101
0.039 0.029 0.101
0.043 0.031 0.105
0.001 0.029 0.103
0.007 0.031 0.105
0.005 0.031 0.107
0.007 0.031 0.105
0.005 0.025 0.111
0.005 0.025 0.113
0.005 0.025 0.115
0.005 0.023 0.113
0.007 0.023 0.115
0.007 0.025 0.115
0.023 0.027 0.105
0.023 0.029 0.105
0.019 0.031 0.105
0.019 0.031 0.105
0.021 0.031 0.105
0.021 0.031 0.105
0.023 0.031 0.105
0.021 0.033 0.105
0.023 0.033 0.105
0.025 0.037 0.103
0.031 0.043 0.099
0.035 0.031 0.103
0.031 0.035 0.103
0.035 0.035 0.107
0.033 0.035 0.105
0.033 0.037 0.105
0.035 0.037 0.107
0.035 0.037 0.107
0.039 0.043 0.103
0.035 0.035 0.107
