-0.035 -0.013 0.037
-0.033 -0.015 0.041
-0.027 -0.019 0.041
-0.037 -0.011 0.075
-0.035 -0.007 0.077
-0.033 -0.003 0.065
-0.031 -0.001 0.055
-0.029 0.001 0.051
-0.029 -0.003 0.069
-0.037 -0.031 0.059
-0.041 -0.027 0.075
-0.043 -0.029 0.079
-0.031 -0.029 0.049
-0.033 -0.031 0.049
-0.037 -0.021 0.071
-0.041 -0.027 0.077
-0.037 -0.023 0.083
-0.033 -0.017 0.083
-0.037 -0.023 0.085
-0.035 -0.011 0.037
-0.035 0.001 0.039
-0.035 -0.007 0.039
-0.035 -0.003 0.039
-0.035 -0.001 0.039
-0.033 -0.005 0.047
-0.037 -0.027 0.063
-0.037 -0.011 0.073
-0.037 -0.011 0.071
-0.033 -0.005 0.065
-0.031 -0.027 0.043
-0.031 -0.023 0.041
-0.037 -0.011 0.069
-0.029 -0.017 0.043
-0.035 -0.009 0.077
-0.029 -0.005 0.089
-0.029 -0.007 0.091
-0.031 -0.003 0.087
-0.033 -0.005 0.065
-0.027 0.001 0.049
-0.033 -0.005 0.049
-0.033 -0.005 0.049
-0.027 0.003 0.085
-0.027 0.003 0.083
-0.019 0.005 0.071
-0.025 0.005 0.079
-0.035 -0.019 0.081
-0.035 -0.019 0.071
-0.035 -0.013 0.083
-0.027 -0.011 0.093
-0.025 -0.007 0.095
-0.025 -0.019 0.083
-0.027 -0.011 0.093
-0.035 -0.007 0.069
-0.033 -0.003 0.065
-0.029 -0.001 0.065
-0.019 -0.001 0.063
-0.031 -0.003 0.083
-0.029 0.001 0.085
-0.027 -0.001 0.089
-0.017 0.009 0.087
-0.043 -0.035 0.087
-0.039 -0.035 0.087
-0.039 -0.033 0.087
-0.041 -0.025 0.081
-0.041 -0.023 0.079
-0.039 -0.023 0.073
-0.039 -0.023 0.083
-0.039 -0.021 0.075
-0.035 -0.019 0.071
-0.035 -0.019 0.073
-0.037 -0.021 0.081
-0.039 -0.021 0.079
-0.035 -0.019 0.075
-0.035 -0.009 0.071
-0.041 -0.029 0.085
-0.039 -0.027 0.087
-0.039 -0.029 0.087
-0.033 -0.011 0.085
-0.025 -0.009 0.095
-0.027 -0.009 0.093
-0.027 -0.011 0.093
-0.033 -0.003 0.073
-0.027 -0.007 0.093
-0.025 0.003 0.089
-0.015 0.005 0.091
-0.025 -0.005 0.093
-0.031 -0.013 0.089
-0.027 -0.009 0.093
-0.017 -0.007 0.091
-0.015 -0.007 0.091
-0.013 -0.005 0.091
-0.011 -0.001 0.091
-0.023 0.007 0.083
-0.013 0.013 0.081
-0.033 0.003 0.041
-0.031 0.003 0.041
-0.025 0.003 0.053
-0.019 0.005 0.053
-0.017 0.003 0.055
-0.017 0.013 0.073
-0.007 0.021 0.051
-0.009 0.019 0.051
-0.029 0.001 0.059
-0.019 0.003 0.057
-0.027 0.001 0.061
-0.025 0.001 0.063
-0.017 0.001 0.059
-0.021 0.009 0.085
-0.009 0.019 0.057
-0.027 0.003 0.085
-0.025 0.005 0.085
-0.025 0.005 0.083
-0.023 0.007 0.083
-0.021 0.009 0.077
-0.009 0.019 0.067
-0.025 0.003 0.089
-0.019 0.007 0.089
-0.007 0.003 0.089
-0.009 0.009 0.089
-0.015 0.003 0.095
-0.011 0.005 0.093
-0.015 0.007 0.089
-0.013 0.005 0.093
-0.009 0.009 0.091
-0.003 0.019 0.091
-0.007 0.027 0.097
-0.003 0.029 0.091
-0.009 0.027 0.103
-0.007 0.027 0.097
-0.007 0.029 0.101
-0.007 0.029 0.103
-0.007 0.027 0.101
-0.005 0.027 0.103
-0.005 0.021 0.109
-0.011 0.015 0.075
0.001 0.019 0.065
-0.005 0.025 0.049
0.003 0.027 0.049
0.005 0.029 0.049
0.007 0.035 0.047
0.009 0.029 0.051
0.007 0.033 0.049
-0.005 0.029 0.099
-0.003 0.031 0.095
-0.013 0.015 0.073
-0.013 0.015 0.075
-0.009 0.019 0.057
-0.017 0.013 0.077
-0.001 0.017 0.071
-0.009 0.027 0.095
-0.007 0.025 0.097
0.003 0.031 0.043
0.001 0.027 0.045
0.009 0.025 0.053
0.007 0.029 0.051
-0.005 0.013 0.079
-0.005 0.013 0.083
-0.009 0.011 0.087
-0.001 0.019 0.079
-0.009 0.027 0.103
-0.003 0.027 0.101
0.009 0.025 0.053
0.013 0.031 0.055
-0.007 0.027 0.089
0.011 0.031 0.065
-0.007 0.029 0.103
-0.005 0.029 0.101
0.003 0.035 0.107
-0.003 0.031 0.101
0.001 0.033 0.101
0.001 0.023 0.095
0.003 0.025 0.101
0.001 0.031 0.105
-0.001 0.031 0.101
-0.001 0.027 0.101
0.001 0.029 0.103
0.007 0.035 0.093
0.003 0.035 0.105
0.023 0.035 0.071
0.007 0.035 0.097
0.003 0.035 0.039
0.007 0.037 0.043
0.011 0.041 0.049
0.011 0.041 0.047
0.019 0.043 0.041
0.019 0.045 0.039
0.023 0.047 0.041
0.015 0.041 0.055
0.021 0.041 0.053
0.017 0.049 0.039
0.009 0.037 0.051
0.011 0.033 0.069
0.025 0.041 0.059
0.019 0.041 0.055
0.019 0.037 0.069
0.025 0.037 0.069
0.025 0.041 0.057
0.027 0.037 0.069
-0.003 0.015 0.081
-0.001 0.017 0.081
-0.001 0.019 0.081
-0.001 0.031 0.085
0.009 0.031 0.073
0.007 0.031 0.075
-0.009 0.027 0.097
-0.009 0.027 0.097
0.001 0.023 0.095
-0.003 0.031 0.089
0.001 0.033 0.089
0.007 0.035 0.093
0.003 0.033 0.105
0.001 0.013 0.095
-0.009 0.015 0.113
-0.007 0.017 0.113
-0.007 0.019 0.111
-0.005 0.019 0.111
-0.003 0.019 0.091
0.003 0.033 0.093
-0.005 0.021 0.109
0.007 0.027 0.109
0.017 0.029 0.105
0.003 0.035 0.105
0.009 0.027 0.111
0.009 0.025 0.113
0.019 0.027 0.105
0.009 0.033 0.105
0.015 0.033 0.105
0.013 0.037 0.099
0.021 0.031 0.105
0.025 0.033 0.105
0.033 0.035 0.105
0.013 0.033 0.073
0.011 0.033 0.077
0.023 0.037 0.069
0.017 0.037 0.087
0.011 0.035 0.091
0.007 0.035 0.097
0.011 0.037 0.095
0.015 0.037 0.101
0.021 0.039 0.095
0.023 0.039 0.101
0.015 0.037 0.097
0.023 0.039 0.097
0.019 0.037 0.103
0.037 0.045 0.099
0.029 0.037 0.101
0.035 0.037 0.107
0.035 0.043 0.101
-0.003 0.017 0.111
-0.007 0.015 0.113
0.001 0.021 0.109
0.001 0.023 0.109
0.007 0.025 0.115
0.017 0.017 0.105
0.025 0.025 0.105
0.025 0.021 0.103
0.025 0.031 0.105
0.019 0.023 0.105
0.019 0.029 0.105
0.029 0.031 0.105
0.033 0.033 0.105
0.009 0.035 0.103
0.021 0.039 0.101
0.019 0.037 0.103
0.027 0.033 0.105
0.035 0.039 0.103
0.035 0.037 0.107
0.035 0.037 0.107
0.033 0.039 0.103
0.037 0.039 0.105
-0.013 -0.035 0.039
-0.009 -0.027 0.039
-0.017 -0.039 0.041
-0.017 -0.037 0.047
-0.019 -0.039 0.049
-0.021 -0.037 0.055
-0.027 -0.037 0.059
-0.017 -0.039 0.043
-0.017 -0.037 0.049
-0.003 -0.029 0.055
-0.013 -0.019 0.073
-0.021 -0.037 0.053
-0.019 -0.035 0.051
-0.017 -0.033 0.049
-0.007 -0.031 0.057
-0.003 -0.027 0.055
-0.013 -0.033 0.035
-0.009 -0.027 0.037
-0.003 -0.025 0.035
-0.003 -0.025 0.039
-0.003 -0.023 0.037
-0.003 -0.027 0.043
-0.003 -0.029 0.053
-0.003 -0.025 0.041
-0.003 -0.023 0.041
-0.003 -0.023 0.049
-0.003 -0.029 0.049
-0.007 -0.017 0.053
-0.005 -0.027 0.059
-0.003 -0.015 0.037
0.001 -0.011 0.039
-0.005 -0.019 0.051
-0.003 -0.011 0.045
-0.019 -0.031 0.051
-0.023 -0.033 0.059
-0.005 -0.031 0.051
-0.005 -0.023 0.057
-0.005 -0.023 0.059
-0.007 -0.025 0.061
-0.013 -0.023 0.067
-0.017 -0.009 0.067
-0.015 -0.005 0.063
-0.005 -0.017 0.051
-0.013 -0.011 0.053
-0.005 -0.015 0.051
-0.013 -0.005 0.057
-0.029 -0.029 0.069
-0.035 -0.029 0.071
-0.037 -0.029 0.077
-0.039 -0.031 0.073
-0.035 -0.027 0.073
-0.035 -0.027 0.075
-0.033 -0.025 0.077
-0.023 -0.021 0.079
-0.021 -0.017 0.087
-0.035 -0.031 0.085
-0.033 -0.027 0.083
-0.033 -0.027 0.087
-0.029 -0.019 0.083
-0.017 -0.015 0.087
-0.029 -0.025 0.067
-0.029 -0.025 0.069
-0.027 -0.021 0.065
-0.027 -0.021 0.077
-0.023 -0.021 0.075
-0.019 -0.019 0.079
-0.011 -0.023 0.067
-0.015 -0.009 0.075
-0.017 -0.007 0.069
-0.017 -0.007 0.069
-0.009 -0.005 0.075
-0.017 -0.015 0.077
-0.015 -0.013 0.085
-0.013 -0.009 0.077
-0.003 -0.003 0.071
-0.011 -0.009 0.079
-0.009 -0.007 0.077
-0.023 -0.011 0.091
-0.025 -0.009 0.095
-0.019 -0.007 0.093
-0.009 -0.007 0.087
0.003 -0.017 0.037
0.015 -0.005 0.035
0.017 -0.003 0.037
-0.011 -0.009 0.053
-0.011 -0.007 0.053
-0.011 -0.011 0.049
-0.011 -0.007 0.051
-0.011 -0.009 0.053
-0.011 -0.001 0.051
-0.005 -0.005 0.043
0.013 0.001 0.045
0.011 0.001 0.049
0.003 0.001 0.047
0.001 0.001 0.049
0.019 0.007 0.049
0.025 0.011 0.053
0.017 0.013 0.055
-0.013 -0.007 0.057
-0.013 -0.003 0.057
-0.013 -0.001 0.057
-0.011 0.001 0.051
0.003 0.001 0.063
0.003 0.001 0.067
0.005 0.003 0.067
0.001 -0.001 0.069
-0.007 -0.005 0.077
-0.001 -0.001 0.077
-0.011 -0.009 0.087
-0.007 -0.003 0.087
-0.005 -0.001 0.085
-0.003 -0.003 0.071
-0.005 -0.003 0.069
-0.003 -0.003 0.071
-0.005 -0.003 0.075
-0.003 0.007 0.083
-0.011 -0.005 0.089
-0.011 -0.001 0.091
-0.009 -0.001 0.089
-0.011 0.001 0.091
-0.001 0.007 0.081
0.001 0.009 0.087
0.011 0.013 0.099
0.017 0.015 0.099
0.009 0.013 0.103
-0.003 0.017 0.111
0.001 0.019 0.109
0.033 0.005 0.039
0.027 0.005 0.045
0.027 0.009 0.049
0.041 0.013 0.043
0.037 0.017 0.043
0.043 0.009 0.039
0.011 -0.003 0.043
0.015 -0.001 0.043
0.005 0.001 0.047
0.027 0.005 0.039
0.025 0.003 0.039
0.023 0.005 0.045
0.029 0.005 0.045
0.025 0.007 0.045
0.031 0.009 0.047
0.033 0.013 0.047
0.037 0.025 0.039
0.033 0.015 0.047
0.001 0.001 0.049
0.015 0.013 0.055
0.003 0.001 0.057
0.003 0.001 0.059
0.021 0.011 0.053
0.031 0.013 0.049
0.017 0.015 0.055
0.023 0.017 0.059
0.027 0.019 0.061
0.007 0.015 0.063
0.007 0.015 0.063
0.007 0.015 0.063
0.019 0.019 0.063
0.027 0.019 0.067
0.029 0.021 0.067
0.037 0.013 0.043
0.037 0.019 0.041
0.037 0.021 0.045
0.039 0.029 0.051
0.031 0.021 0.063
0.037 0.025 0.043
0.037 0.025 0.051
0.039 0.031 0.049
0.037 0.035 0.043
0.039 0.029 0.049
0.039 0.031 0.049
0.037 0.031 0.053
0.033 0.025 0.065
0.033 0.025 0.063
0.035 0.029 0.063
0.035 0.029 0.063
0.031 0.025 0.069
0.037 0.031 0.055
0.035 0.033 0.063
0.001 0.005 0.079
0.003 0.013 0.073
0.001 0.007 0.077
0.013 0.017 0.069
0.019 0.017 0.077
0.023 0.019 0.073
0.009 0.015 0.077
0.015 0.015 0.077
0.025 0.021 0.073
0.025 0.027 0.075
0.029 0.019 0.083
0.027 0.027 0.073
0.015 0.015 0.089
0.013 0.013 0.091
0.019 0.015 0.091
0.019 0.017 0.089
0.029 0.019 0.083
0.031 0.021 0.087
0.035 0.023 0.085
0.033 0.021 0.083
0.043 0.025 0.083
0.039 0.029 0.095
0.027 0.023 0.073
0.029 0.031 0.071
0.033 0.021 0.083
0.029 0.021 0.097
0.019 0.019 0.103
0.027 0.019 0.097
0.033 0.021 0.097
0.033 0.023 0.095
0.033 0.021 0.097
0.031 0.027 0.099
0.041 0.027 0.101
0.049 0.031 0.087
0.047 0.031 0.089
0.047 0.033 0.089
0.047 0.035 0.093
0.049 0.037 0.091
0.005 0.009 0.099
0.011 0.013 0.101
0.003 0.009 0.101
0.003 0.009 0.103
0.005 0.009 0.101
0.007 0.011 0.103
0.017 0.015 0.105
0.011 0.013 0.109
0.033 0.025 0.099
0.037 0.025 0.101
0.007 0.023 0.113
0.035 0.023 0.097
0.009 0.027 0.111
0.027 0.029 0.105
0.023 0.031 0.105
0.035 0.029 0.101
0.037 0.031 0.103
0.037 0.031 0.105
0.043 0.031 0.105
0.043 0.033 0.101
0.043 0.029 0.103
0.043 0.031 0.105
0.043 0.031 0.103
0.043 0.035 0.103
0.041 0.037 0.105
