-0.017 -0.035 0.033
-0.023 -0.041 0.051
-0.025 -0.041 0.043
-0.021 -0.041 0.041
-0.015 -0.037 0.037
-0.011 -0.029 0.035
-0.009 -0.025 0.035
-0.007 -0.031 0.049
-0.007 -0.031 0.049
-0.003 -0.029 0.049
-0.007 -0.031 0.057
-0.005 -0.013 0.049
-0.025 -0.021 0.067
-0.019 -0.019 0.075
-0.017 -0.017 0.075
-0.011 -0.021 0.069
-0.017 -0.009 0.091
-0.001 0.001 0.047
-0.003 0.011 0.085
0.021 0.011 0.033
0.033 0.003 0.033
0.001 0.001 0.047
0.013 -0.003 0.043
0.015 -0.001 0.043
0.025 0.007 0.047
0.025 0.011 0.053
0.041 0.013 0.037
0.041 0.009 0.037
0.043 0.011 0.043
0.037 0.025 0.041
0.005 0.007 0.067
0.021 0.019 0.065
0.027 0.021 0.069
0.031 0.025 0.067
0.017 0.015 0.105
0.023 0.019 0.099
0.029 0.025 0.101
0.021 0.017 0.095
-0.009 -0.013 0.051
-0.017 -0.039 0.045
-0.025 -0.029 0.061
-0.029 -0.033 0.065
-0.017 -0.015 0.071
-0.005 -0.017 0.051
-0.019 -0.019 0.069
-0.041 -0.035 0.087
-0.035 -0.031 0.069
-0.031 -0.023 0.067
-0.013 -0.011 0.087
-0.025 -0.015 0.089
-0.015 -0.003 0.091
-0.011 0.005 0.093
0.001 0.027 0.101
-0.005 0.029 0.103
0.021 0.005 0.047
0.013 0.013 0.107
0.015 0.013 0.095
0.037 0.023 0.053
0.021 0.021 0.105
0.027 0.023 0.103
0.025 0.027 0.105
0.027 0.029 0.105
0.029 0.037 0.101
0.041 0.033 0.105
-0.023 0.007 0.043
-0.027 0.007 0.043
0.005 0.023 0.055
-0.025 0.001 0.063
0.005 0.029 0.075
-0.027 0.003 0.085
-0.003 0.017 0.073
0.001 0.033 0.095
-0.027 0.007 0.041
-0.013 0.017 0.071
0.035 0.037 0.059
0.007 0.021 0.057
0.025 0.037 0.067
0.013 0.041 0.043
0.025 0.045 0.039
0.025 0.031 0.075
0.021 0.037 0.089
0.035 0.041 0.087
0.047 0.039 0.091
0.005 0.033 0.107
0.013 0.027 0.107
0.035 0.043 0.101
0.021 0.033 0.105
0.039 0.043 0.099
0.031 0.039 0.101
-0.005 -0.013 0.049
-0.027 -0.031 0.065
-0.003 -0.025 0.035
-0.021 -0.017 0.049
-0.017 -0.015 0.055
-0.003 -0.013 0.045
-0.001 -0.009 0.039
-0.009 -0.001 0.041
-0.003 -0.029 0.053
-0.017 -0.011 0.069
-0.011 -0.017 0.069
-0.009 -0.025 0.065
-0.003 -0.001 0.065
-0.015 -0.013 0.081
0.019 -0.003 0.035
0.013 -0.003 0.043
0.011 -0.001 0.045
0.001 -0.001 0.071
0.007 0.013 0.063
0.019 0.017 0.077
0.005 0.009 0.099
-0.001 0.007 0.095
0.001 0.009 0.097
-0.001 0.019 0.111
0.035 0.021 0.049
0.033 0.013 0.047
0.027 0.005 0.045
0.037 0.023 0.047
0.035 0.039 0.049
0.011 0.015 0.081
0.029 0.021 0.089
0.031 0.023 0.089
0.027 0.019 0.087
0.027 0.021 0.101
0.027 0.019 0.089
0.039 0.025 0.097
0.009 0.021 0.107
0.027 0.019 0.097
0.031 0.025 0.099
0.037 0.031 0.105
0.039 0.037 0.105
-0.003 -0.029 0.049
-0.001 -0.021 0.033
0.011 0.007 0.057
0.035 0.021 0.049
0.037 0.023 0.051
-0.013 -0.011 0.051
-0.017 -0.017 0.081
0.003 0.003 0.071
-0.005 -0.005 0.077
0.003 0.003 0.069
0.001 0.001 0.073
0.009 -0.013 0.035
0.035 0.023 0.057
0.037 0.029 0.057
0.031 0.031 0.069
0.049 0.033 0.085
0.025 0.027 0.075
0.045 0.033 0.091
0.043 0.031 0.091
0.049 0.037 0.093
0.031 0.029 0.095
0.041 0.013 0.033
0.041 0.013 0.041
0.041 0.015 0.039
0.033 0.037 0.039
0.031 0.031 0.069
0.041 0.009 0.037
0.041 0.009 0.037
0.041 0.013 0.043
0.037 0.031 0.039
0.039 0.017 0.041
0.029 0.023 0.071
0.033 0.029 0.095
0.049 0.033 0.087
0.015 0.017 0.107
0.027 0.027 0.105
0.039 0.041 0.105
-0.017 0.011 0.067
-0.029 -0.003 0.069
-0.033 -0.009 0.041
-0.009 0.019 0.051
-0.027 -0.001 0.067
-0.031 -0.003 0.071
-0.041 -0.029 0.085
-0.041 -0.025 0.081
-0.013 0.009 0.089
0.011 0.023 0.055
-0.001 0.031 0.041
0.001 0.027 0.047
0.017 0.037 0.065
0.013 0.033 0.063
0.011 0.025 0.053
0.023 0.037 0.069
0.017 0.049 0.039
0.025 0.049 0.033
0.021 0.039 0.063
0.005 0.029 0.075
0.021 0.037 0.067
0.017 0.037 0.085
0.017 0.037 0.095
0.019 0.039 0.095
0.023 0.023 0.105
0.003 0.035 0.107
-0.021 -0.033 0.055
-0.017 -0.035 0.049
-0.011 -0.009 0.051
-0.003 -0.021 0.043
-0.001 -0.003 0.035
-0.001 -0.007 0.039
-0.003 -0.015 0.043
-0.005 -0.025 0.059
-0.003 -0.025 0.053
-0.005 -0.023 0.055
-0.017 -0.015 0.059
-0.023 -0.021 0.075
-0.007 -0.005 0.075
-0.031 -0.017 0.089
-0.009 -0.001 0.041
0.001 -0.001 0.059
0.031 0.015 0.055
0.003 0.001 0.061
0.001 -0.001 0.063
-0.005 0.005 0.085
-0.011 0.005 0.093
0.027 0.021 0.103
0.023 0.021 0.103
0.025 0.003 0.041
0.039 0.017 0.041
0.037 0.029 0.043
0.035 0.037 0.041
0.037 0.035 0.043
0.019 0.017 0.077
0.027 0.019 0.087
0.047 0.027 0.085
0.041 0.033 0.091
0.043 0.031 0.091
0.009 0.011 0.101
0.027 0.021 0.103
-0.027 -0.037 0.061
-0.025 -0.033 0.061
-0.043 -0.029 0.081
-0.033 -0.017 0.039
-0.013 -0.017 0.073
-0.017 -0.013 0.089
-0.035 -0.007 0.077
-0.045 -0.035 0.081
-0.039 -0.025 0.085
-0.041 -0.029 0.085
-0.011 -0.019 0.071
-0.031 -0.017 0.089
-0.027 -0.007 0.093
-0.033 -0.007 0.087
-0.017 0.011 0.085
-0.005 0.009 0.087
-0.013 0.009 0.089
-0.003 0.013 0.085
0.027 0.003 0.041
0.011 0.007 0.057
-0.013 0.015 0.113
0.001 0.011 0.097
0.015 0.017 0.107
-0.005 0.027 0.103
0.013 0.025 0.107
0.009 0.023 0.113
0.015 0.015 0.107
0.035 0.023 0.099
0.021 0.033 0.105
0.009 0.015 0.109
0.013 0.029 0.105
0.041 0.029 0.103
0.003 -0.017 0.033
-0.025 -0.039 0.057
-0.027 -0.037 0.059
-0.025 -0.035 0.061
-0.003 -0.013 0.041
-0.013 -0.029 0.045
-0.003 -0.027 0.043
-0.003 -0.025 0.043
-0.003 -0.021 0.039
-0.003 -0.025 0.043
-0.003 -0.019 0.047
-0.007 -0.027 0.061
-0.005 -0.013 0.049
-0.015 -0.013 0.085
0.013 -0.003 0.039
-0.005 -0.007 0.041
-0.009 -0.001 0.041
0.013 0.003 0.051
0.005 0.001 0.059
-0.005 0.009 0.085
0.039 0.011 0.033
0.031 0.005 0.045
0.007 0.005 0.061
0.039 0.007 0.039
0.035 0.025 0.035
0.039 0.017 0.041
0.007 0.011 0.065
0.027 0.021 0.091
0.021 0.019 0.093
0.043 0.025 0.083
0.045 0.029 0.089
0.045 0.029 0.089
0.031 0.037 0.093
0.025 0.019 0.099
0.039 0.025 0.101
0.041 0.037 0.103
-0.035 -0.023 0.035
-0.033 -0.017 0.039
-0.029 -0.019 0.041
-0.029 -0.039 0.043
-0.031 -0.035 0.063
-0.025 -0.019 0.043
-0.013 -0.021 0.047
-0.033 -0.017 0.039
-0.031 -0.013 0.043
-0.033 -0.013 0.059
-0.035 -0.029 0.059
-0.035 -0.033 0.065
-0.027 -0.015 0.053
-0.043 -0.033 0.083
-0.043 -0.029 0.077
-0.041 -0.027 0.081
-0.037 -0.025 0.085
-0.035 -0.007 0.079
-0.035 -0.003 0.041
-0.035 -0.009 0.063
-0.007 0.023 0.039
-0.007 0.021 0.043
-0.031 -0.001 0.057
-0.031 -0.001 0.059
-0.013 0.009 0.057
-0.009 0.027 0.103
-0.007 0.019 0.109
-0.035 -0.009 0.073
-0.035 -0.009 0.071
-0.013 0.015 0.079
-0.007 0.027 0.041
0.007 0.037 0.045
0.013 0.033 0.061
-0.007 0.021 0.057
-0.029 0.001 0.083
-0.031 -0.003 0.085
-0.029 -0.003 0.089
0.003 0.025 0.073
-0.027 0.003 0.085
-0.001 0.021 0.087
0.003 0.015 0.089
0.009 0.031 0.073
-0.007 0.029 0.097
0.001 0.025 0.099
-0.033 -0.037 0.049
-0.033 -0.027 0.055
-0.033 -0.025 0.059
-0.037 -0.029 0.065
-0.031 -0.001 0.055
-0.039 -0.025 0.073
-0.035 -0.019 0.073
-0.027 -0.007 0.093
-0.023 0.005 0.053
-0.015 0.005 0.063
-0.001 0.023 0.057
-0.013 0.015 0.079
-0.003 0.025 0.089
-0.009 0.017 0.109
-0.001 0.017 0.035
-0.003 0.011 0.037
-0.011 0.009 0.051
0.009 0.021 0.065
0.001 0.035 0.035
0.019 0.047 0.039
0.017 0.037 0.061
-0.007 0.025 0.097
0.009 0.031 0.067
0.007 0.035 0.093
0.037 0.043 0.081
0.003 0.013 0.099
-0.007 0.029 0.103
-0.013 -0.035 0.041
-0.009 -0.025 0.043
-0.013 -0.033 0.045
-0.007 -0.031 0.049
-0.007 -0.031 0.051
-0.031 -0.039 0.055
-0.039 -0.033 0.079
-0.035 -0.031 0.085
-0.037 -0.031 0.087
-0.003 -0.001 0.079
-0.029 -0.019 0.083
0.017 -0.003 0.037
0.029 0.011 0.051
0.007 0.003 0.057
0.033 0.005 0.043
-0.009 -0.027 0.045
0.021 0.021 0.079
0.025 0.019 0.091
0.015 0.015 0.093
0.027 0.019 0.089
0.033 0.025 0.089
0.049 0.037 0.093
0.015 0.015 0.099
0.023 0.017 0.097
-0.001 0.017 0.107
0.033 0.021 0.097
-0.031 -0.039 0.053
-0.025 -0.041 0.043
-0.009 -0.031 0.053
-0.017 -0.037 0.049
-0.033 -0.027 0.079
-0.017 -0.017 0.075
-0.017 -0.013 0.089
-0.007 -0.005 0.081
0.007 -0.001 0.043
-0.017 -0.015 0.087
0.013 0.001 0.049
0.015 0.007 0.049
0.013 0.003 0.051
0.007 0.005 0.063
0.017 0.007 0.049
0.017 0.001 0.041
0.017 0.009 0.053
0.029 0.013 0.055
0.023 0.021 0.077
0.003 0.009 0.091
0.029 0.019 0.085
0.035 0.023 0.085
0.017 0.015 0.089
0.021 0.017 0.083
0.025 0.019 0.097
0.023 0.021 0.103
-0.013 -0.033 0.033
-0.015 -0.013 0.055
-0.035 -0.033 0.065
-0.017 -0.017 0.079
-0.007 -0.005 0.079
0.007 -0.015 0.037
-0.005 -0.005 0.043
0.013 0.003 0.049
0.019 0.007 0.049
0.003 0.001 0.063
-0.005 0.001 0.085
0.003 0.009 0.075
0.003 0.009 0.089
0.023 0.001 0.037
0.041 0.007 0.043
0.033 0.005 0.043
0.033 0.021 0.057
0.037 0.025 0.043
0.031 0.025 0.069
0.035 0.037 0.057
0.001 0.001 0.077
0.013 0.015 0.085
0.021 0.021 0.079
0.003 0.009 0.091
0.025 0.017 0.085
0.023 0.027 0.077
0.031 0.023 0.099
0.045 0.029 0.089
0.017 0.015 0.101
0.003 0.019 0.107
0.037 0.031 0.103
0.043 0.029 0.101
0.041 0.039 0.103
-0.031 -0.029 0.049
-0.027 -0.029 0.049
-0.025 -0.025 0.045
-0.037 -0.031 0.059
-0.029 0.007 0.043
-0.025 0.005 0.049
-0.031 -0.003 0.067
-0.031 -0.007 0.053
-0.037 -0.029 0.069
-0.039 -0.023 0.071
-0.039 -0.023 0.081
-0.029 0.001 0.083
-0.007 0.021 0.045
-0.009 0.019 0.051
-0.007 0.021 0.049
-0.019 0.007 0.071
-0.025 0.003 0.089
-0.023 0.005 0.089
-0.005 0.025 0.043
0.011 0.027 0.061
0.005 0.035 0.041
0.019 0.043 0.049
0.003 0.025 0.075
0.001 0.033 0.095
0.007 0.035 0.093
0.005 0.033 0.095
0.011 0.035 0.097
0.013 0.033 0.069
0.037 0.041 0.087
0.005 0.015 0.101
0.033 0.039 0.103
-0.037 0.005 0.037
-0.029 0.009 0.037
-0.033 -0.033 0.049
-0.035 -0.007 0.065
-0.033 -0.019 0.039
-0.019 0.003 0.057
-0.031 -0.003 0.051
-0.025 0.001 0.059
-0.005 0.019 0.039
-0.011 0.015 0.051
-0.009 0.017 0.049
-0.015 0.015 0.073
-0.003 0.015 0.081
0.001 0.035 0.033
0.003 0.027 0.049
0.011 0.041 0.037
-0.003 0.023 0.055
0.001 0.035 0.035
0.007 0.037 0.043
0.001 0.025 0.079
0.001 0.033 0.091
0.011 0.035 0.091
0.025 0.039 0.083
-0.001 0.031 0.101
0.005 0.025 0.115
0.005 0.035 0.103
0.029 0.041 0.099
0.033 0.037 0.105
0.035 0.037 0.107
