67108864
8192
64
4096
4
33554432
1024
128
8388608
1048576
134217728
256
536870912
16
131072
2147483648
2097152
8
1073741824
2048
524288
268435456
32
262144
16384
4194304
32768
16777216
512
1
65536
2
2147516416
134742016
134219776
1073774592
16842752
16793600
134217729
16777248
2147483652
2148532224
2181038080
134217744
33792
134217736
402685952
17170432
151011328
2164260928
134250498
402694144
2172649536
2172649476
2156005888
159449600
2325749760
2173043200
2285963784
2156042880
2323810944
3263865472
2361569920
2177507981
3268061832
2328537737
2832415384
2311274392
2378644364
2899524508
2664147613
2378383325
