131072
16908288
16909312
25297920
25298432
2172782080
2172786176
2172794368
2176988672
2176988680
2176988808
2177054344
2177054360
2177056408
2177056664
2311274392
2378383256
2378383260
16384
16793600
151011328
159399936
159400448
2306884096
2340438528
2340569600
2340577792
2340577920
2340577921
2344772225
2344772233
2344774281
2345298569
2345298573
2412407437
2412407453
2412408477
2412474013
128
32896
163968
166016
8554624
2156038272
2156042368
2156042880
2160237184
2160237192
2160245384
2160310920
2294528648
2294528664
2361637528
2361637532
2361637788
2361638812
1
134217729
134225921
142614529
142614657
142745729
146940033
146940545
2294424193
2294426241
2294426305
2294426313
2294426317
2294426333
2361535197
2361535453
2361536477
2361540573
2361606109
