-0.001 -0.011 0.039
0.005 -0.011 0.051
-0.001 -0.011 0.047
-0.017 0.033 0.049
0.001 -0.011 0.039
-0.007 0.019 0.049
-0.003 0.013 0.047
-0.001 -0.005 0.053
0.003 -0.013 0.059
-0.015 0.007 0.063
-0.007 0.005 0.067
-0.005 0.001 0.079
0.003 -0.005 0.083
-0.015 0.019 0.091
-0.009 -0.005 0.087
-0.007 0.001 0.095
-0.021 0.021 0.105
0.025 -0.003 0.035
0.027 -0.003 0.043
0.031 -0.013 0.043
0.033 -0.013 0.043
0.033 -0.019 0.051
0.019 -0.009 0.065
0.033 -0.023 0.059
0.017 -0.007 0.053
0.029 -0.011 0.035
0.027 -0.003 0.051
0.015 0.007 0.037
0.007 0.003 0.039
0.013 -0.003 0.039
0.023 -0.003 0.037
0.025 -0.003 0.045
0.031 -0.013 0.043
0.023 -0.003 0.043
0.013 -0.015 0.061
0.031 -0.019 0.051
0.031 -0.023 0.057
0.013 -0.015 0.057
0.009 -0.015 0.063
0.017 -0.007 0.053
0.021 -0.007 0.061
0.025 -0.005 0.057
0.029 -0.005 0.059
0.037 -0.015 0.043
0.039 -0.017 0.041
0.041 -0.025 0.051
0.013 -0.015 0.077
0.017 -0.011 0.065
0.023 -0.013 0.067
0.021 -0.025 0.075
0.009 -0.015 0.065
0.019 -0.011 0.069
0.021 -0.011 0.069
0.007 -0.019 0.093
0.003 -0.009 0.089
-0.025 0.037 0.045
-0.033 0.037 0.043
-0.029 0.039 0.047
-0.047 0.023 0.041
-0.033 0.031 0.033
-0.033 0.037 0.051
-0.031 0.037 0.059
-0.035 0.033 0.063
-0.013 0.039 0.043
-0.009 0.043 0.041
-0.007 0.041 0.043
-0.003 0.031 0.037
-0.003 0.025 0.037
-0.005 0.023 0.047
-0.023 0.035 0.057
-0.017 0.023 0.061
-0.001 0.003 0.049
-0.019 0.029 0.061
-0.007 0.025 0.049
-0.015 0.041 0.039
-0.007 0.039 0.033
-0.009 0.043 0.043
-0.007 0.037 0.045
-0.023 0.033 0.087
-0.023 0.035 0.097
-0.029 0.047 0.085
-0.025 0.039 0.097
-0.031 0.041 0.099
-0.029 0.041 0.097
-0.021 0.023 0.075
-0.005 0.005 0.069
-0.011 0.003 0.073
-0.013 0.013 0.093
-0.011 0.009 0.087
-0.009 0.005 0.095
-0.019 0.029 0.085
-0.023 0.035 0.083
-0.019 0.029 0.085
-0.019 0.025 0.089
-0.021 0.027 0.093
-0.039 0.037 0.095
-0.025 0.037 0.095
-0.023 0.029 0.103
-0.025 0.027 0.105
-0.027 0.041 0.101
-0.023 0.017 0.105
-0.019 0.013 0.105
-0.021 0.021 0.105
-0.025 0.011 0.111
-0.011 0.009 0.099
-0.015 0.017 0.097
-0.033 0.043 0.101
-0.025 0.039 0.099
0.029 -0.005 0.057
0.035 -0.035 0.055
0.035 -0.035 0.055
0.035 -0.029 0.063
0.033 -0.025 0.061
0.029 -0.005 0.059
0.029 -0.009 0.061
0.025 -0.011 0.065
0.029 -0.007 0.059
0.021 -0.011 0.069
0.013 -0.015 0.057
0.009 -0.015 0.065
0.019 -0.013 0.073
0.019 -0.025 0.083
-0.001 -0.003 0.083
-0.017 -0.001 0.085
-0.025 -0.001 0.097
-0.017 -0.001 0.091
-0.017 -0.003 0.111
0.019 -0.035 0.037
0.037 -0.033 0.049
0.035 -0.033 0.061
0.029 -0.033 0.035
0.033 -0.033 0.067
0.037 -0.031 0.061
0.033 -0.027 0.035
0.037 -0.025 0.037
0.039 -0.031 0.053
0.039 -0.023 0.053
0.039 -0.023 0.053
0.033 -0.019 0.053
0.027 -0.009 0.045
0.031 -0.005 0.051
0.031 -0.011 0.057
0.021 -0.013 0.047
0.035 -0.031 0.063
0.021 -0.025 0.065
0.013 -0.015 0.065
0.001 -0.007 0.063
0.031 -0.011 0.055
0.031 -0.009 0.051
0.027 -0.011 0.061
0.037 -0.017 0.035
0.041 -0.021 0.047
0.041 -0.023 0.049
0.033 -0.037 0.083
0.031 -0.035 0.083
0.021 -0.027 0.079
0.017 -0.017 0.077
0.007 -0.009 0.077
0.005 -0.005 0.077
0.025 -0.011 0.065
0.003 -0.021 0.095
0.005 -0.021 0.095
0.015 -0.023 0.089
-0.003 0.021 0.041
-0.003 0.031 0.037
-0.005 0.007 0.063
-0.017 0.017 0.071
-0.019 0.023 0.071
-0.001 0.003 0.059
-0.001 0.003 0.059
-0.001 0.007 0.045
0.003 0.017 0.037
-0.003 0.021 0.043
-0.007 0.017 0.047
-0.005 0.023 0.047
-0.005 0.029 0.043
0.001 -0.001 0.067
-0.003 0.007 0.061
-0.009 0.009 0.061
-0.013 0.031 0.053
-0.021 0.031 0.061
-0.005 0.035 0.037
-0.007 0.039 0.037
-0.007 0.035 0.045
-0.009 0.031 0.047
-0.013 0.031 0.053
-0.017 0.031 0.057
-0.017 0.017 0.073
-0.019 0.021 0.075
-0.023 0.025 0.075
-0.023 0.025 0.075
-0.011 0.005 0.101
-0.013 0.011 0.097
-0.017 0.021 0.091
-0.021 0.029 0.087
-0.019 0.009 0.069
-0.019 0.009 0.069
-0.017 0.003 0.083
-0.017 0.007 0.075
-0.017 0.009 0.073
-0.009 0.007 0.067
-0.005 0.005 0.069
-0.017 0.001 0.091
-0.017 0.001 0.083
-0.009 0.001 0.087
-0.015 0.005 0.083
-0.013 0.013 0.091
-0.019 0.023 0.089
-0.017 0.021 0.099
-0.019 0.025 0.091
-0.023 0.031 0.099
-0.033 0.047 0.089
-0.021 0.033 0.085
-0.027 0.045 0.085
-0.019 0.003 0.105
-0.015 0.009 0.107
-0.023 0.001 0.109
-0.029 0.021 0.105
-0.029 0.029 0.103
-0.023 0.013 0.107
-0.015 0.009 0.107
-0.009 0.005 0.099
-0.033 0.041 0.105
-0.025 0.039 0.099
-0.027 0.041 0.101
0.019 0.001 0.035
0.017 0.001 0.037
-0.007 -0.033 0.039
-0.033 -0.001 0.035
-0.009 -0.029 0.041
-0.029 -0.005 0.035
-0.015 -0.011 0.051
-0.005 -0.025 0.049
-0.023 -0.001 0.053
-0.015 -0.011 0.051
-0.017 -0.011 0.061
-0.013 -0.015 0.063
-0.005 -0.025 0.081
-0.031 -0.003 0.095
-0.007 -0.011 0.091
-0.005 -0.029 0.045
0.005 -0.035 0.039
0.025 -0.035 0.035
-0.007 -0.029 0.043
-0.003 -0.027 0.053
-0.003 -0.025 0.053
-0.001 -0.017 0.035
-0.003 -0.013 0.041
0.005 -0.007 0.039
-0.001 -0.011 0.043
-0.013 -0.015 0.063
0.001 -0.031 0.057
-0.003 -0.021 0.059
0.003 -0.031 0.061
-0.001 -0.027 0.061
-0.013 -0.017 0.075
-0.013 -0.017 0.073
-0.013 -0.017 0.073
-0.003 -0.027 0.055
-0.001 -0.025 0.061
0.003 -0.029 0.067
0.003 -0.033 0.071
0.023 -0.037 0.083
0.031 -0.043 0.083
0.033 -0.041 0.087
-0.003 -0.027 0.079
0.003 -0.027 0.091
0.003 -0.023 0.095
-0.033 -0.001 0.037
-0.037 0.007 0.043
-0.041 0.017 0.045
-0.049 0.019 0.039
-0.041 0.021 0.055
-0.039 0.019 0.059
-0.037 0.005 0.037
-0.041 0.013 0.041
-0.039 0.021 0.045
-0.039 0.009 0.049
-0.039 0.009 0.051
-0.037 0.017 0.059
-0.039 0.019 0.059
-0.027 0.005 0.051
-0.033 0.013 0.067
-0.039 0.033 0.051
-0.041 0.029 0.053
-0.041 0.023 0.053
-0.041 0.029 0.051
-0.041 0.023 0.057
-0.039 0.019 0.059
-0.037 0.029 0.067
-0.037 0.019 0.069
-0.035 0.027 0.071
-0.037 0.021 0.089
-0.031 0.007 0.075
-0.027 0.001 0.081
-0.033 0.017 0.077
-0.037 0.017 0.081
-0.033 0.001 0.091
-0.035 0.013 0.087
-0.037 0.019 0.089
-0.039 0.019 0.095
-0.037 0.017 0.095
-0.037 0.017 0.101
-0.039 0.033 0.089
-0.039 0.045 0.093
-0.041 0.025 0.093
-0.037 0.025 0.099
-0.035 0.003 0.107
-0.023 0.001 0.105
-0.033 0.025 0.105
-0.031 0.023 0.105
-0.025 0.009 0.113
-0.025 0.007 0.115
-0.045 0.037 0.101
-0.025 -0.005 0.053
-0.025 -0.005 0.053
-0.027 0.005 0.051
-0.021 -0.007 0.051
-0.029 -0.005 0.033
-0.003 -0.031 0.041
-0.005 -0.025 0.047
-0.025 -0.007 0.039
-0.025 -0.005 0.043
-0.003 -0.027 0.049
-0.003 -0.025 0.057
-0.017 -0.011 0.055
-0.003 -0.025 0.057
-0.003 -0.021 0.059
-0.003 -0.015 0.065
-0.007 -0.023 0.079
-0.019 -0.007 0.067
-0.013 -0.017 0.073
-0.013 -0.017 0.075
-0.003 -0.025 0.089
-0.029 -0.007 0.087
-0.019 -0.003 0.091
0.019 -0.035 0.037
0.035 -0.035 0.057
0.003 -0.035 0.041
0.007 -0.033 0.045
0.013 -0.029 0.053
0.019 -0.033 0.039
0.015 -0.027 0.045
0.027 -0.031 0.043
0.013 -0.031 0.045
0.005 -0.033 0.063
0.007 -0.035 0.065
0.013 -0.033 0.059
0.027 -0.035 0.057
-0.001 -0.029 0.059
0.003 -0.033 0.063
0.013 -0.035 0.067
0.019 -0.035 0.073
0.017 -0.035 0.075
0.037 -0.031 0.043
0.031 -0.033 0.051
0.031 -0.037 0.061
0.017 -0.035 0.067
0.023 -0.039 0.075
0.027 -0.041 0.083
0.027 -0.039 0.087
0.001 -0.031 0.077
0.013 -0.035 0.083
0.003 -0.033 0.081
0.001 -0.029 0.087
0.013 -0.031 0.089
0.015 -0.033 0.087
0.017 -0.025 0.087
-0.029 -0.005 0.041
-0.009 -0.005 0.043
-0.029 -0.001 0.043
-0.005 -0.021 0.053
-0.017 -0.011 0.057
-0.035 0.005 0.043
-0.037 0.007 0.041
-0.037 0.007 0.049
-0.039 0.011 0.053
-0.041 0.011 0.051
-0.031 -0.001 0.041
-0.031 0.005 0.045
-0.013 0.001 0.033
-0.009 -0.005 0.041
-0.007 -0.007 0.045
-0.023 -0.003 0.055
-0.023 0.011 0.063
-0.037 0.017 0.061
-0.019 -0.009 0.061
-0.019 -0.007 0.067
-0.011 -0.015 0.063
-0.015 -0.015 0.073
-0.017 -0.011 0.073
-0.033 0.011 0.077
-0.035 0.015 0.073
-0.033 0.001 0.089
-0.013 -0.017 0.079
-0.005 -0.025 0.081
-0.027 -0.007 0.093
-0.027 -0.007 0.093
-0.029 -0.007 0.089
-0.017 0.003 0.095
-0.011 0.001 0.097
-0.029 -0.007 0.095
-0.017 0.001 0.091
-0.019 -0.001 0.095
-0.025 0.001 0.099
-0.031 0.001 0.105
-0.027 -0.005 0.103
-0.039 0.017 0.093
-0.033 0.001 0.109
-0.029 0.005 0.103
-0.033 0.017 0.105
-0.033 0.015 0.105
-0.019 -0.007 0.111
-0.031 0.011 0.105
-0.013 0.003 0.101
-0.019 -0.003 0.111
-0.023 0.001 0.109
-0.041 0.033 0.101
-0.001 -0.027 0.061
-0.039 0.033 0.047
-0.039 0.035 0.049
-0.031 0.037 0.047
-0.039 0.035 0.049
-0.039 0.035 0.051
-0.035 0.037 0.047
-0.033 0.037 0.049
-0.037 0.035 0.053
-0.035 0.035 0.061
-0.031 0.037 0.059
-0.029 0.029 0.073
-0.027 0.025 0.075
-0.025 0.023 0.077
-0.027 0.029 0.073
-0.039 0.045 0.089
-0.029 0.033 0.095
-0.043 0.045 0.085
-0.041 0.043 0.089
-0.017 0.035 0.045
-0.021 0.037 0.043
-0.017 0.035 0.045
-0.015 0.039 0.043
-0.015 0.039 0.043
-0.015 0.039 0.041
-0.013 0.041 0.043
0.025 -0.029 0.061
0.015 -0.017 0.063
0.019 -0.009 0.055
-0.011 0.029 0.051
-0.013 0.031 0.053
0.015 -0.005 0.049
-0.019 0.037 0.043
-0.017 0.039 0.041
0.015 0.005 0.037
0.013 -0.005 0.047
0.021 -0.005 0.047
0.021 -0.007 0.059
-0.005 0.007 0.063
0.027 -0.003 0.051
0.029 -0.003 0.053
0.019 -0.009 0.061
0.019 -0.003 0.039
-0.033 0.049 0.085
0.017 -0.011 0.069
0.015 -0.017 0.077
0.009 -0.011 0.083
-0.029 0.047 0.087
-0.031 0.049 0.087
0.017 -0.021 0.087
0.031 -0.035 0.087
-0.023 0.023 0.077
0.001 0.001 0.069
0.013 -0.015 0.087
-0.037 0.049 0.093
-0.029 0.039 0.095
-0.039 0.025 0.035
-0.037 0.029 0.035
-0.019 0.027 0.031
-0.051 0.021 0.033
-0.039 0.025 0.035
-0.041 0.023 0.045
-0.041 0.027 0.049
-0.037 0.033 0.061
-0.035 0.035 0.039
-0.019 0.037 0.039
-0.033 0.033 0.065
-0.021 0.033 0.059
-0.025 0.033 0.065
-0.033 0.033 0.035
-0.009 0.043 0.043
-0.031 0.037 0.059
-0.037 0.025 0.069
-0.037 0.025 0.067
-0.039 0.027 0.091
-0.039 0.027 0.085
-0.041 0.029 0.093
-0.007 0.005 0.071
-0.033 0.043 0.083
-0.025 0.031 0.069
-0.031 0.021 0.077
-0.025 0.023 0.077
-0.021 0.025 0.073
-0.037 0.017 0.085
-0.037 0.047 0.087
-0.037 0.047 0.087
-0.031 0.023 0.091
-0.035 0.047 0.085
-0.033 0.049 0.085
-0.039 0.019 0.101
-0.043 0.037 0.097
-0.031 0.043 0.101
-0.041 0.039 0.105
-0.035 0.043 0.105
