-0.009 -0.023 0.041
-0.005 -0.021 0.053
0.003 -0.033 0.043
0.011 -0.033 0.057
0.023 -0.031 0.041
0.009 -0.035 0.061
0.005 -0.033 0.061
0.005 -0.033 0.065
-0.009 -0.019 0.087
-0.039 0.007 0.037
-0.035 0.005 0.041
-0.033 0.003 0.043
-0.027 -0.007 0.041
-0.027 0.001 0.047
-0.021 -0.007 0.053
-0.013 -0.017 0.069
-0.021 0.003 0.059
-0.029 0.007 0.051
-0.039 0.019 0.059
-0.037 0.017 0.085
-0.023 0.005 0.071
-0.025 0.003 0.073
-0.027 0.001 0.083
-0.027 -0.009 0.095
-0.019 -0.001 0.097
-0.033 0.009 0.089
-0.035 0.005 0.097
-0.037 0.021 0.087
-0.027 -0.009 0.103
-0.023 0.003 0.109
-0.011 0.001 0.097
0.009 -0.033 0.045
0.001 -0.031 0.049
0.015 -0.033 0.061
0.033 -0.043 0.079
-0.027 -0.009 0.103
0.021 -0.035 0.033
0.019 -0.035 0.035
0.027 -0.033 0.037
0.025 -0.035 0.035
0.039 -0.021 0.039
0.021 -0.039 0.073
0.029 -0.037 0.069
0.033 -0.033 0.067
0.035 -0.043 0.077
0.031 -0.029 0.067
0.037 -0.043 0.079
0.029 -0.041 0.085
0.015 -0.031 0.089
0.009 -0.035 0.035
0.019 -0.035 0.037
0.001 -0.033 0.043
0.005 -0.033 0.043
0.013 -0.033 0.061
0.023 -0.031 0.041
0.019 -0.023 0.045
0.017 -0.029 0.057
0.033 -0.035 0.055
0.033 -0.031 0.041
0.035 -0.035 0.055
-0.025 -0.005 0.093
0.015 -0.031 0.089
0.013 -0.035 0.079
0.009 -0.031 0.089
0.007 -0.027 0.093
0.013 -0.027 0.091
0.035 -0.041 0.083
-0.027 -0.003 0.097
-0.019 0.005 0.107
0.013 -0.029 0.091
-0.011 -0.013 0.087
0.003 -0.017 0.093
-0.001 -0.025 0.091
-0.005 -0.011 0.093
0.033 -0.039 0.087
0.031 -0.037 0.089
0.019 -0.025 0.043
0.023 -0.009 0.065
0.023 -0.007 0.061
0.017 -0.033 0.087
0.007 -0.033 0.087
0.011 -0.005 0.049
0.005 -0.007 0.085
0.015 -0.021 0.089
0.013 -0.029 0.091
0.009 -0.023 0.093
-0.023 0.007 0.111
-0.025 0.005 0.115
-0.025 0.003 0.107
0.003 -0.009 0.089
-0.007 0.015 0.049
-0.005 0.027 0.045
-0.019 -0.001 0.079
-0.009 0.007 0.067
-0.015 0.029 0.057
-0.017 0.021 0.071
-0.021 0.019 0.105
-0.015 0.017 0.105
-0.009 0.037 0.045
-0.009 0.039 0.045
-0.017 0.023 0.097
-0.029 0.021 0.105
-0.021 0.001 0.109
-0.015 0.003 0.091
-0.023 0.001 0.109
-0.013 0.013 0.101
-0.009 0.003 0.103
-0.027 0.027 0.105
-0.025 0.021 0.105
-0.023 0.025 0.105
-0.031 0.027 0.105
-0.025 0.039 0.085
-0.031 0.003 0.107
-0.017 0.005 0.099
-0.015 0.007 0.103
-0.013 0.011 0.109
-0.027 0.019 0.105
-0.039 0.037 0.105
0.005 0.015 0.035
0.013 0.003 0.037
-0.001 -0.003 0.083
-0.017 0.021 0.095
-0.021 0.021 0.105
-0.021 0.021 0.105
-0.013 0.011 0.109
0.011 0.005 0.037
0.033 -0.013 0.037
0.023 -0.003 0.051
0.029 -0.035 0.077
0.037 -0.039 0.087
0.007 -0.017 0.069
0.005 -0.019 0.069
0.011 -0.013 0.087
0.009 -0.011 0.087
-0.013 0.041 0.043
-0.007 0.041 0.043
-0.005 0.033 0.039
-0.025 0.035 0.035
-0.009 0.041 0.035
-0.027 0.033 0.063
-0.005 0.033 0.037
-0.003 0.031 0.037
-0.003 0.031 0.037
-0.003 0.023 0.035
-0.011 0.031 0.047
-0.013 0.041 0.035
-0.029 0.037 0.059
-0.027 0.039 0.097
-0.029 0.037 0.089
-0.021 0.021 0.079
-0.017 0.021 0.073
-0.019 0.019 0.079
-0.035 0.047 0.085
-0.031 0.047 0.089
-0.025 0.029 0.101
-0.027 0.041 0.101
-0.011 0.009 0.099
0.003 0.013 0.043
0.027 -0.003 0.045
0.001 -0.003 0.063
-0.001 -0.009 0.059
0.009 -0.013 0.089
0.039 -0.019 0.045
0.033 -0.013 0.043
0.011 -0.003 0.039
0.027 -0.011 0.041
0.029 -0.005 0.061
0.023 -0.031 0.071
0.007 -0.009 0.077
0.003 0.015 0.039
-0.015 0.027 0.057
-0.001 0.013 0.047
-0.027 0.037 0.041
-0.029 0.037 0.055
-0.005 0.035 0.037
-0.007 0.037 0.045
-0.011 0.009 0.095
-0.017 0.019 0.097
-0.021 0.029 0.097
-0.023 0.031 0.065
-0.027 0.045 0.085
-0.035 0.047 0.091
-0.025 0.033 0.065
-0.013 0.013 0.107
-0.023 0.029 0.099
-0.011 0.009 0.101
0.037 -0.023 0.055
0.029 -0.009 0.061
0.027 -0.009 0.063
0.021 -0.025 0.071
0.013 -0.015 0.085
-0.027 -0.007 0.089
0.031 -0.033 0.069
0.037 -0.021 0.055
0.037 -0.019 0.051
0.031 -0.007 0.051
0.033 -0.029 0.065
0.037 -0.025 0.059
0.029 -0.011 0.059
0.039 -0.019 0.039
0.033 -0.027 0.063
0.035 -0.041 0.079
0.037 -0.039 0.087
0.011 -0.013 0.087
-0.005 0.003 0.037
-0.001 -0.001 0.053
-0.009 0.023 0.051
-0.019 0.027 0.065
0.001 0.007 0.043
-0.003 0.005 0.041
-0.005 0.027 0.043
-0.003 0.021 0.041
-0.003 0.005 0.065
-0.011 0.007 0.091
-0.021 0.029 0.089
-0.009 0.003 0.101
-0.019 0.021 0.103
-0.025 0.037 0.101
0.035 -0.031 0.063
0.027 -0.033 0.073
0.019 -0.019 0.069
0.021 -0.025 0.073
0.003 -0.005 0.079
0.035 -0.023 0.033
0.033 -0.021 0.031
0.007 -0.033 0.043
0.031 -0.035 0.053
0.039 -0.027 0.057
0.037 -0.029 0.061
0.039 -0.025 0.057
0.033 -0.039 0.081
0.019 -0.019 0.079
0.013 -0.029 0.091
0.007 -0.009 0.083
0.013 -0.017 0.089
0.041 -0.023 0.045
0.041 -0.019 0.043
0.029 -0.003 0.049
0.041 -0.029 0.049
-0.003 0.029 0.035
-0.009 0.029 0.047
0.027 -0.013 0.059
0.025 -0.011 0.065
-0.017 0.025 0.057
-0.009 0.027 0.051
0.011 -0.015 0.089
-0.009 -0.001 0.095
-0.017 0.021 0.089
-0.013 0.013 0.101
-0.017 0.019 0.097
-0.027 0.035 0.101
0.025 -0.005 0.039
-0.009 -0.029 0.041
-0.003 -0.029 0.045
-0.003 -0.015 0.053
-0.009 -0.021 0.079
0.007 -0.035 0.037
0.013 -0.035 0.067
-0.007 -0.033 0.041
-0.003 -0.027 0.055
-0.019 -0.009 0.051
-0.005 -0.017 0.047
-0.013 -0.011 0.053
0.003 -0.017 0.063
0.003 -0.021 0.065
0.005 -0.033 0.067
-0.013 -0.013 0.057
-0.001 -0.019 0.061
0.001 -0.029 0.065
0.003 -0.029 0.069
0.011 -0.037 0.069
-0.009 -0.021 0.075
-0.047 0.019 0.039
-0.041 0.029 0.045
-0.035 0.015 0.063
-0.039 0.031 0.061
-0.041 0.025 0.049
-0.037 0.029 0.067
-0.033 0.007 0.089
-0.037 0.011 0.095
-0.037 0.011 0.095
-0.027 0.005 0.073
-0.031 -0.003 0.097
-0.035 0.015 0.089
-0.035 0.013 0.087
-0.043 0.045 0.085
-0.039 0.047 0.087
-0.007 -0.033 0.035
-0.029 -0.005 0.037
-0.021 -0.007 0.049
-0.013 -0.017 0.073
-0.019 -0.001 0.065
-0.001 -0.029 0.081
-0.027 -0.005 0.091
-0.007 -0.029 0.043
-0.005 -0.025 0.049
-0.003 -0.021 0.039
-0.005 -0.017 0.043
-0.029 -0.001 0.043
-0.031 0.005 0.045
-0.025 0.003 0.053
-0.003 -0.025 0.055
-0.017 -0.011 0.059
-0.005 -0.021 0.049
-0.015 -0.013 0.061
0.001 -0.019 0.063
0.003 -0.033 0.065
0.003 -0.031 0.073
0.003 -0.031 0.067
0.005 -0.033 0.079
0.023 -0.039 0.083
-0.017 -0.011 0.071
-0.015 -0.007 0.077
-0.049 0.023 0.035
-0.049 0.021 0.039
-0.029 0.035 0.035
-0.047 0.017 0.039
-0.041 0.011 0.051
-0.037 0.017 0.059
-0.039 0.031 0.063
-0.041 0.027 0.049
-0.019 0.007 0.059
-0.041 0.025 0.057
-0.035 0.037 0.053
-0.035 0.037 0.047
-0.033 0.003 0.087
-0.035 0.013 0.091
-0.037 0.019 0.081
-0.031 0.011 0.079
-0.035 0.011 0.087
-0.043 0.043 0.087
-0.039 0.047 0.091
-0.039 0.045 0.091
-0.037 0.015 0.097
-0.033 0.003 0.097
-0.035 0.005 0.103
-0.037 0.017 0.099
-0.043 0.031 0.099
-0.033 0.025 0.105
-0.003 -0.027 0.047
-0.003 -0.011 0.059
-0.005 -0.015 0.063
0.037 -0.033 0.049
0.007 -0.035 0.037
0.025 -0.025 0.045
0.017 -0.033 0.039
0.013 -0.025 0.049
0.039 -0.027 0.041
0.037 -0.031 0.045
0.039 -0.031 0.049
0.039 -0.031 0.057
0.005 -0.035 0.073
0.029 -0.043 0.077
0.003 -0.033 0.069
0.003 -0.033 0.073
0.011 -0.031 0.089
0.011 -0.029 0.093
-0.033 0.007 0.049
-0.023 -0.005 0.037
-0.023 -0.005 0.037
-0.015 -0.001 0.035
-0.009 -0.023 0.043
-0.025 0.005 0.053
-0.027 0.013 0.055
-0.033 0.009 0.083
-0.037 0.017 0.085
-0.019 -0.009 0.067
-0.031 0.009 0.071
-0.041 0.023 0.095
-0.027 0.007 0.105
-0.035 0.005 0.099
-0.005 -0.037 0.037
-0.003 -0.027 0.047
0.001 -0.031 0.051
-0.007 -0.023 0.081
0.001 -0.027 0.089
0.023 -0.035 0.033
0.017 -0.023 0.047
0.015 -0.035 0.035
0.017 -0.033 0.039
0.017 -0.031 0.059
0.035 -0.035 0.053
0.033 -0.025 0.033
0.035 -0.041 0.083
0.005 -0.035 0.073
0.023 -0.039 0.073
0.001 -0.029 0.087
0.015 -0.035 0.081
-0.033 -0.003 0.035
-0.037 0.005 0.037
-0.045 0.015 0.039
-0.041 0.013 0.041
-0.035 0.009 0.051
0.007 -0.033 0.045
-0.007 -0.015 0.061
-0.003 -0.027 0.055
-0.011 -0.011 0.053
-0.027 -0.007 0.089
-0.025 0.001 0.079
-0.013 -0.017 0.077
-0.003 -0.025 0.077
-0.007 -0.023 0.081
-0.029 -0.007 0.095
-0.017 0.005 0.097
-0.021 -0.001 0.095
-0.039 0.009 0.041
-0.029 -0.001 0.043
-0.021 -0.005 0.055
-0.041 0.011 0.047
-0.041 0.013 0.045
-0.041 0.021 0.051
-0.041 0.027 0.059
-0.041 0.027 0.051
-0.041 0.029 0.057
-0.039 0.027 0.061
-0.031 0.011 0.079
-0.037 0.015 0.095
-0.037 0.017 0.087
-0.037 0.029 0.035
-0.041 0.029 0.043
-0.031 0.039 0.049
-0.037 0.021 0.067
-0.025 0.035 0.037
-0.043 0.033 0.095
-0.035 0.019 0.071
-0.039 0.025 0.097
-0.041 0.039 0.089
-0.039 0.039 0.097
-0.037 0.047 0.085
-0.035 0.009 0.097
-0.043 0.039 0.103
-0.043 0.041 0.101
-0.039 0.039 0.097
-0.033 0.043 0.103
-0.017 0.021 0.099
-0.033 0.041 0.105
-0.009 0.007 0.067
-0.011 0.009 0.095
-0.007 0.003 0.073
-0.015 0.009 0.109
-0.009 0.003 0.103
0.001 0.001 0.061
0.011 -0.003 0.045
0.029 -0.025 0.059
0.019 -0.009 0.061
0.029 -0.009 0.061
0.039 -0.019 0.049
0.015 -0.017 0.073
0.017 -0.019 0.085
0.001 -0.005 0.085
0.001 -0.021 0.095
0.011 -0.025 0.093
-0.033 0.047 0.089
-0.041 0.031 0.055
-0.043 0.045 0.085
-0.013 0.015 0.055
-0.003 0.013 0.051
-0.013 0.031 0.053
-0.011 0.031 0.047
-0.007 0.017 0.049
-0.033 0.037 0.041
-0.035 0.033 0.063
-0.013 0.041 0.043
-0.003 0.005 0.067
-0.003 0.003 0.071
-0.023 0.035 0.083
-0.035 0.023 0.103
-0.017 0.017 0.105
-0.029 0.031 0.101
-0.023 0.031 0.099
-0.033 0.005 0.107
-0.031 0.007 0.105
-0.021 0.005 0.109
-0.027 0.011 0.109
-0.031 0.043 0.101
-0.039 0.031 0.041
-0.039 0.031 0.061
-0.019 0.029 0.061
-0.041 0.031 0.093
-0.037 0.047 0.085
-0.039 0.047 0.087
-0.019 0.035 0.047
0.011 -0.015 0.065
-0.015 0.029 0.057
-0.005 0.005 0.067
-0.003 0.009 0.055
-0.025 0.033 0.065
0.029 -0.003 0.047
0.017 -0.013 0.073
0.017 -0.011 0.069
0.005 -0.007 0.085
-0.041 0.013 0.045
-0.029 0.037 0.039
-0.033 0.035 0.037
-0.019 0.037 0.039
-0.011 0.035 0.045
-0.039 0.033 0.057
-0.027 0.037 0.057
-0.025 0.037 0.043
-0.019 0.037 0.043
-0.015 0.041 0.035
-0.039 0.025 0.083
-0.035 0.031 0.067
-0.033 0.013 0.075
-0.029 0.029 0.071
-0.021 0.023 0.077
-0.041 0.039 0.081
-0.035 0.013 0.089
-0.025 0.021 0.093
-0.037 0.017 0.103
-0.031 0.043 0.101
-0.013 0.041 0.037
