-0.031 -0.003 0.031
-0.033 -0.003 0.035
-0.025 -0.007 0.039
-0.003 -0.019 0.037
-0.013 -0.005 0.041
-0.005 -0.019 0.043
-0.005 -0.015 0.047
-0.011 -0.009 0.047
-0.009 -0.007 0.045
-0.005 -0.023 0.053
-0.001 -0.029 0.057
-0.001 -0.023 0.061
-0.023 -0.005 0.049
-0.021 -0.005 0.061
-0.015 -0.011 0.051
-0.005 -0.011 0.055
-0.007 -0.013 0.059
-0.005 -0.017 0.067
-0.005 -0.025 0.079
-0.003 -0.025 0.077
-0.011 -0.019 0.077
-0.017 -0.011 0.073
-0.015 -0.011 0.075
-0.029 -0.007 0.095
-0.029 -0.007 0.093
-0.027 -0.009 0.095
-0.029 -0.007 0.095
-0.019 -0.003 0.091
-0.019 -0.001 0.093
-0.013 -0.011 0.083
-0.011 -0.011 0.085
-0.011 -0.015 0.085
-0.031 -0.005 0.097
-0.023 -0.001 0.107
-0.019 -0.005 0.107
-0.017 -0.011 0.113
0.017 -0.035 0.037
0.009 -0.035 0.037
0.013 -0.035 0.037
0.015 -0.035 0.037
-0.003 -0.033 0.041
0.015 -0.035 0.037
0.027 -0.035 0.033
0.029 -0.033 0.035
0.025 -0.033 0.037
0.007 -0.033 0.057
0.009 -0.033 0.059
0.009 -0.035 0.061
0.011 -0.035 0.061
0.033 -0.035 0.055
0.035 -0.035 0.059
0.009 -0.035 0.035
0.003 -0.033 0.043
0.005 -0.033 0.043
0.005 -0.033 0.045
0.011 -0.031 0.045
0.031 -0.031 0.043
0.031 -0.033 0.045
0.007 -0.031 0.053
-0.007 -0.029 0.043
-0.007 -0.029 0.043
-0.005 -0.029 0.043
-0.005 -0.027 0.045
-0.005 -0.021 0.047
-0.005 -0.023 0.049
-0.005 -0.023 0.053
-0.003 -0.027 0.049
0.001 -0.031 0.051
-0.001 -0.029 0.055
0.005 -0.033 0.059
0.003 -0.031 0.049
0.005 -0.031 0.051
0.007 -0.031 0.051
0.001 -0.031 0.055
0.005 -0.031 0.051
0.003 -0.031 0.061
0.011 -0.033 0.059
0.003 -0.033 0.063
0.023 -0.035 0.063
-0.003 -0.023 0.055
0.001 -0.031 0.061
0.007 -0.033 0.059
0.007 -0.035 0.063
0.005 -0.033 0.063
0.001 -0.029 0.061
0.003 -0.031 0.069
0.007 -0.035 0.069
0.003 -0.029 0.067
0.003 -0.033 0.071
0.035 -0.033 0.049
0.033 -0.033 0.047
0.025 -0.041 0.075
0.021 -0.039 0.079
0.017 -0.035 0.077
0.005 -0.033 0.081
0.005 -0.033 0.085
0.019 -0.033 0.083
0.025 -0.041 0.081
0.033 -0.043 0.081
0.033 -0.043 0.083
0.033 -0.043 0.085
0.003 -0.031 0.067
0.003 -0.031 0.079
0.021 -0.035 0.067
0.023 -0.039 0.071
0.019 -0.035 0.071
0.009 -0.035 0.069
0.013 -0.035 0.081
-0.005 -0.023 0.075
-0.003 -0.027 0.081
-0.011 -0.019 0.083
0.003 -0.033 0.077
0.005 -0.033 0.085
0.005 -0.029 0.089
0.003 -0.029 0.089
0.009 -0.031 0.089
0.007 -0.027 0.093
0.005 -0.031 0.087
-0.007 -0.021 0.087
-0.001 -0.019 0.095
-0.039 0.009 0.039
-0.023 -0.007 0.043
-0.037 0.005 0.037
-0.035 0.005 0.045
-0.041 0.011 0.045
-0.039 0.009 0.043
-0.037 0.007 0.045
-0.051 0.017 0.037
-0.043 0.013 0.039
-0.049 0.019 0.039
-0.045 0.021 0.041
-0.045 0.021 0.041
-0.039 0.023 0.041
-0.039 0.009 0.051
-0.035 0.009 0.051
-0.031 -0.003 0.037
-0.037 0.005 0.037
-0.029 0.003 0.043
-0.015 -0.001 0.035
-0.015 -0.007 0.043
-0.015 -0.007 0.043
-0.021 -0.007 0.053
-0.041 0.013 0.041
-0.033 0.005 0.045
-0.025 -0.001 0.045
-0.033 0.005 0.045
-0.029 0.005 0.047
-0.025 -0.003 0.047
-0.021 -0.007 0.053
-0.025 0.003 0.053
-0.027 0.001 0.049
-0.025 0.001 0.051
-0.023 -0.001 0.057
-0.023 0.003 0.055
-0.027 0.013 0.055
-0.023 0.003 0.055
-0.019 0.001 0.063
-0.027 0.011 0.063
-0.029 0.011 0.061
-0.015 -0.013 0.063
-0.017 -0.013 0.063
-0.021 0.003 0.059
-0.017 -0.013 0.065
-0.017 -0.009 0.069
-0.023 0.011 0.057
-0.027 0.011 0.061
-0.025 0.011 0.061
-0.021 0.005 0.059
-0.027 0.013 0.057
-0.023 0.011 0.057
-0.025 0.011 0.061
-0.041 0.025 0.049
-0.041 0.025 0.053
-0.039 0.025 0.063
-0.039 0.023 0.065
-0.029 0.005 0.045
-0.025 0.003 0.051
-0.029 0.011 0.053
-0.037 0.017 0.059
-0.037 0.017 0.065
-0.037 0.021 0.067
-0.037 0.017 0.065
-0.035 0.015 0.065
-0.035 0.017 0.073
-0.037 0.013 0.093
-0.035 0.011 0.093
-0.035 0.017 0.089
-0.039 0.019 0.093
-0.031 0.009 0.069
-0.025 0.003 0.075
-0.027 0.003 0.077
-0.025 0.001 0.079
-0.019 -0.001 0.079
-0.023 0.001 0.077
-0.015 -0.013 0.079
-0.013 -0.015 0.079
-0.027 0.007 0.069
-0.029 0.005 0.075
-0.031 0.013 0.079
-0.031 0.007 0.081
-0.027 0.001 0.083
-0.031 -0.001 0.091
-0.029 -0.007 0.097
-0.021 -0.001 0.085
-0.009 -0.001 0.095
-0.031 -0.001 0.091
-0.033 0.005 0.089
-0.037 0.017 0.091
-0.037 0.017 0.097
-0.035 0.011 0.099
-0.035 0.005 0.097
-0.043 0.037 0.081
-0.043 0.037 0.085
-0.039 0.029 0.085
-0.043 0.035 0.097
-0.043 0.031 0.097
-0.039 0.047 0.093
-0.035 0.015 0.071
-0.037 0.019 0.089
-0.037 0.013 0.093
-0.037 0.019 0.091
-0.035 0.013 0.091
-0.037 0.027 0.087
-0.039 0.031 0.087
-0.037 0.031 0.087
-0.037 0.015 0.101
-0.035 0.003 0.107
-0.037 0.015 0.099
-0.035 0.021 0.103
-0.035 0.003 0.105
-0.035 0.003 0.105
-0.025 0.003 0.107
-0.025 0.003 0.107
-0.023 0.001 0.109
-0.027 0.007 0.111
-0.013 0.003 0.101
-0.033 0.001 0.107
-0.033 0.001 0.107
-0.035 0.003 0.107
-0.033 0.005 0.107
-0.041 0.033 0.101
-0.043 0.035 0.101
-0.041 0.037 0.103
-0.041 0.029 0.099
-0.041 0.035 0.101
-0.039 0.033 0.103
-0.011 -0.005 0.039
-0.005 -0.015 0.043
-0.005 -0.021 0.045
-0.013 -0.007 0.043
-0.013 -0.007 0.043
-0.017 -0.011 0.055
-0.009 0.009 0.059
-0.009 0.009 0.061
-0.009 0.011 0.057
-0.011 0.009 0.061
-0.009 0.007 0.063
-0.009 0.009 0.059
-0.029 0.037 0.055
-0.015 0.011 0.057
-0.005 0.009 0.059
-0.009 0.019 0.051
-0.007 0.007 0.065
-0.007 0.009 0.059
-0.005 0.007 0.061
-0.003 0.007 0.057
-0.003 0.007 0.061
-0.019 0.021 0.075
-0.003 0.005 0.065
-0.015 0.019 0.085
-0.009 0.003 0.075
-0.007 0.001 0.079
-0.011 0.011 0.093
-0.017 0.021 0.091
-0.021 0.031 0.087
-0.021 0.033 0.085
-0.021 0.033 0.097
-0.019 0.027 0.095
-0.019 0.027 0.087
-0.009 0.005 0.093
-0.031 0.039 0.105
-0.033 0.037 0.107
-0.029 0.027 0.105
-0.015 0.017 0.097
-0.015 0.017 0.093
-0.017 0.021 0.091
-0.017 0.023 0.097
-0.013 0.013 0.101
-0.011 0.009 0.099
-0.007 0.001 0.095
-0.021 0.009 0.109
-0.015 -0.007 0.113
0.007 -0.001 0.039
0.021 -0.003 0.045
0.019 -0.003 0.039
0.005 -0.007 0.047
0.007 -0.007 0.047
-0.001 0.005 0.061
0.001 0.001 0.061
0.017 -0.005 0.051
0.011 -0.017 0.069
0.027 -0.027 0.063
0.019 -0.013 0.073
0.025 -0.029 0.067
0.025 -0.005 0.057
0.007 -0.005 0.047
0.001 0.001 0.057
0.011 -0.013 0.051
0.023 -0.003 0.049
0.023 -0.003 0.045
0.027 -0.003 0.045
0.019 -0.009 0.055
0.011 -0.003 0.041
0.011 -0.003 0.039
0.013 -0.003 0.039
-0.001 0.005 0.055
0.005 -0.009 0.049
0.007 -0.005 0.047
0.031 -0.013 0.035
0.015 -0.003 0.043
0.015 -0.005 0.051
-0.005 0.005 0.069
0.009 -0.013 0.059
0.009 -0.013 0.059
0.011 -0.015 0.063
-0.003 0.001 0.075
0.015 -0.017 0.059
0.013 -0.015 0.061
0.015 -0.017 0.065
0.015 -0.017 0.053
0.017 -0.013 0.065
0.013 -0.017 0.071
0.017 -0.011 0.069
-0.003 0.005 0.065
0.009 -0.011 0.053
0.001 0.001 0.071
0.001 0.001 0.061
0.025 -0.003 0.055
0.023 -0.003 0.051
0.021 -0.005 0.051
0.033 -0.013 0.039
0.033 -0.013 0.037
0.037 -0.015 0.045
0.039 -0.017 0.043
0.037 -0.021 0.053
0.041 -0.027 0.053
0.037 -0.027 0.061
-0.003 0.001 0.079
0.003 -0.007 0.087
0.015 -0.017 0.073
0.013 -0.015 0.077
0.023 -0.033 0.079
0.015 -0.015 0.081
0.013 -0.015 0.083
0.027 -0.035 0.075
0.027 -0.033 0.081
0.027 -0.033 0.085
0.033 -0.039 0.077
0.031 -0.035 0.087
0.035 -0.039 0.087
0.015 -0.017 0.069
-0.003 -0.003 0.083
0.001 -0.003 0.081
0.005 -0.007 0.079
0.019 -0.019 0.077
0.017 -0.013 0.069
0.001 -0.001 0.077
0.003 -0.003 0.077
0.019 -0.011 0.067
0.019 -0.009 0.065
0.023 -0.011 0.067
0.013 -0.025 0.089
0.015 -0.017 0.087
0.007 -0.023 0.095
0.001 -0.017 0.095
0.007 -0.019 0.093
0.013 -0.017 0.089
0.009 -0.023 0.093
0.019 -0.021 0.083
0.015 -0.015 0.081
0.009 -0.011 0.087
-0.021 0.035 0.047
-0.017 0.035 0.045
-0.037 0.035 0.051
-0.041 0.027 0.047
-0.035 0.035 0.059
-0.037 0.033 0.061
-0.039 0.035 0.053
-0.039 0.033 0.057
-0.045 0.025 0.039
-0.047 0.025 0.039
-0.043 0.025 0.039
-0.041 0.027 0.059
-0.041 0.029 0.057
-0.039 0.031 0.063
-0.041 0.027 0.059
-0.029 0.037 0.053
-0.021 0.035 0.053
-0.031 0.039 0.049
-0.033 0.035 0.059
-0.033 0.035 0.059
-0.009 0.035 0.045
-0.005 0.015 0.047
-0.005 0.013 0.051
-0.003 0.013 0.051
-0.005 0.023 0.047
-0.001 0.013 0.047
-0.009 0.027 0.051
-0.021 0.037 0.045
-0.023 0.035 0.043
-0.023 0.037 0.041
-0.013 0.035 0.045
-0.013 0.035 0.045
-0.031 0.033 0.065
-0.023 0.031 0.067
-0.019 0.027 0.063
-0.027 0.033 0.067
-0.019 0.027 0.067
-0.003 0.009 0.055
-0.003 0.011 0.053
-0.007 0.013 0.055
-0.005 0.009 0.059
-0.015 0.011 0.057
-0.019 0.031 0.059
-0.013 0.029 0.055
-0.039 0.035 0.049
-0.033 0.035 0.061
-0.027 0.037 0.039
-0.019 0.037 0.043
-0.019 0.035 0.047
-0.011 0.041 0.037
-0.007 0.041 0.043
-0.019 0.033 0.055
-0.023 0.033 0.061
-0.021 0.033 0.059
-0.037 0.049 0.091
-0.037 0.027 0.069
-0.035 0.029 0.069
-0.035 0.047 0.089
-0.037 0.047 0.085
-0.035 0.037 0.099
-0.035 0.023 0.089
-0.037 0.041 0.105
-0.039 0.049 0.093
-0.041 0.043 0.089
-0.043 0.041 0.103
-0.035 0.043 0.105
-0.041 0.041 0.101
-0.019 0.021 0.075
-0.027 0.047 0.085
-0.025 0.041 0.085
-0.023 0.035 0.085
-0.023 0.027 0.073
-0.021 0.023 0.075
-0.019 0.023 0.073
-0.035 0.047 0.093
-0.019 0.029 0.085
-0.001 0.003 0.069
-0.003 0.003 0.071
-0.007 0.001 0.079
-0.015 0.015 0.077
-0.031 0.031 0.069
-0.033 0.049 0.087
-0.031 0.049 0.087
-0.033 0.045 0.091
-0.025 0.041 0.085
-0.025 0.041 0.081
-0.035 0.043 0.103
-0.021 0.027 0.091
-0.023 0.029 0.103
-0.017 0.021 0.091
-0.017 0.023 0.097
-0.011 0.009 0.095
-0.031 0.033 0.089
-0.029 0.043 0.103
-0.023 0.037 0.099
-0.017 0.021 0.089
-0.025 0.039 0.101
-0.025 0.039 0.101
-0.017 0.023 0.097
-0.041 0.045 0.087
-0.041 0.043 0.089
-0.037 0.047 0.087
-0.033 0.049 0.087
-0.039 0.049 0.093
-0.039 0.045 0.093
-0.029 0.045 0.089
-0.029 0.047 0.087
-0.033 0.009 0.105
-0.037 0.019 0.103
-0.033 0.025 0.105
-0.031 0.005 0.107
-0.019 0.003 0.109
-0.017 0.001 0.109
-0.027 0.017 0.105
-0.025 0.013 0.107
-0.015 0.015 0.107
-0.009 0.005 0.101
-0.017 0.017 0.105
-0.015 0.011 0.109
-0.025 0.029 0.103
-0.027 0.021 0.105
-0.029 0.023 0.105
-0.041 0.041 0.101
-0.043 0.039 0.099
-0.037 0.037 0.107
-0.035 0.043 0.105
-0.029 0.043 0.103
-0.029 0.043 0.101
0.013 0.007 0.037
0.005 0.017 0.035
0.005 0.017 0.035
