-0.003 -0.035 0.039
-0.009 -0.031 0.041
-0.001 -0.029 0.059
-0.019 -0.009 0.061
-0.019 -0.009 0.063
-0.013 -0.011 0.053
-0.005 -0.023 0.075
-0.007 -0.023 0.081
-0.007 -0.015 0.089
0.015 -0.035 0.037
0.003 -0.035 0.039
0.023 -0.033 0.037
0.029 -0.033 0.053
-0.003 -0.035 0.039
0.023 -0.023 0.047
-0.007 -0.025 0.045
-0.005 -0.025 0.047
-0.003 -0.023 0.055
0.027 -0.033 0.055
-0.011 -0.015 0.063
0.003 -0.031 0.057
0.007 -0.035 0.065
0.031 -0.035 0.055
0.029 -0.041 0.075
0.021 -0.039 0.075
0.023 -0.039 0.083
0.003 -0.025 0.069
0.001 -0.029 0.075
0.011 -0.037 0.071
-0.003 -0.025 0.077
-0.003 -0.027 0.085
-0.009 -0.021 0.079
0.007 -0.031 0.089
0.003 -0.025 0.091
-0.035 0.005 0.041
-0.043 0.013 0.039
-0.041 0.025 0.049
-0.037 0.017 0.059
-0.025 -0.005 0.053
-0.023 0.001 0.057
-0.021 0.009 0.057
-0.021 0.001 0.061
-0.019 -0.001 0.065
-0.021 -0.003 0.061
-0.033 0.007 0.049
-0.035 0.015 0.057
-0.035 0.023 0.071
-0.041 0.023 0.093
-0.033 0.015 0.075
-0.021 -0.001 0.089
-0.019 -0.003 0.091
-0.037 0.013 0.093
-0.037 0.013 0.093
-0.039 0.027 0.085
-0.035 0.005 0.099
-0.039 0.023 0.103
-0.031 0.001 0.105
-0.027 -0.009 0.103
-0.031 0.001 0.103
-0.033 0.025 0.105
-0.001 -0.017 0.095
-0.001 -0.027 0.089
-0.013 -0.009 0.083
-0.005 -0.023 0.089
-0.001 -0.017 0.095
-0.017 -0.005 0.111
0.025 -0.039 0.085
0.021 -0.023 0.045
0.017 -0.035 0.081
0.009 -0.035 0.083
0.031 -0.035 0.069
0.011 -0.003 0.045
0.013 -0.017 0.089
0.025 -0.013 0.063
0.025 -0.013 0.063
0.021 -0.029 0.079
0.015 -0.021 0.089
0.013 -0.017 0.089
0.025 -0.013 0.063
0.023 -0.013 0.067
0.037 -0.031 0.061
0.025 -0.041 0.081
0.029 -0.041 0.085
0.029 -0.037 0.089
0.011 -0.021 0.091
0.019 -0.013 0.073
0.007 -0.011 0.089
-0.031 0.005 0.107
-0.025 0.009 0.113
-0.025 0.003 0.107
-0.023 0.007 0.111
-0.027 0.015 0.105
-0.025 0.017 0.105
0.003 -0.005 0.083
-0.003 0.019 0.043
-0.011 0.021 0.053
-0.005 0.027 0.045
-0.003 0.031 0.037
-0.017 0.025 0.057
-0.013 0.013 0.095
-0.009 0.017 0.053
-0.021 0.021 0.105
-0.015 0.015 0.107
-0.013 0.005 0.103
-0.015 -0.005 0.111
-0.011 0.007 0.097
-0.009 0.003 0.099
-0.011 0.007 0.103
-0.017 0.021 0.095
-0.031 0.041 0.103
-0.033 0.027 0.105
-0.019 0.005 0.107
-0.013 0.003 0.101
-0.033 0.033 0.105
-0.003 0.007 0.059
-0.005 0.005 0.067
-0.019 0.025 0.099
-0.009 0.003 0.087
-0.003 -0.013 0.093
0.021 -0.003 0.043
0.017 -0.003 0.047
0.027 -0.027 0.063
0.033 -0.013 0.041
0.021 -0.001 0.035
0.031 -0.023 0.059
0.019 -0.009 0.063
0.025 -0.007 0.063
0.029 -0.005 0.059
0.037 -0.015 0.037
0.039 -0.019 0.037
0.035 -0.015 0.047
0.025 -0.029 0.067
0.027 -0.035 0.075
0.011 -0.013 0.087
0.027 -0.033 0.083
0.029 -0.035 0.083
0.035 -0.039 0.083
0.007 -0.017 0.069
0.013 -0.015 0.083
0.003 -0.019 0.095
0.009 -0.015 0.091
-0.023 0.035 0.055
-0.031 0.037 0.051
-0.027 0.037 0.053
-0.033 0.037 0.045
-0.027 0.037 0.057
-0.039 0.035 0.051
-0.001 0.019 0.041
-0.001 0.013 0.045
-0.003 0.019 0.043
-0.023 0.031 0.067
-0.011 0.029 0.053
-0.029 0.035 0.037
-0.009 0.043 0.039
-0.035 0.029 0.069
-0.027 0.039 0.097
-0.029 0.037 0.089
-0.029 0.045 0.089
-0.031 0.029 0.089
-0.017 0.017 0.079
-0.001 0.003 0.069
-0.025 0.021 0.079
-0.023 0.035 0.085
-0.017 0.025 0.085
-0.033 0.047 0.089
-0.027 0.043 0.087
-0.021 0.025 0.103
-0.021 0.009 0.109
-0.011 0.009 0.099
-0.023 0.029 0.099
-0.035 0.043 0.103
-0.043 0.041 0.101
-0.031 0.039 0.105
-0.027 0.041 0.099
0.037 -0.015 0.045
-0.001 0.005 0.053
0.013 -0.003 0.041
0.015 -0.005 0.051
0.001 -0.005 0.063
0.001 -0.007 0.065
-0.001 -0.001 0.081
0.009 -0.011 0.087
-0.015 -0.001 0.081
0.025 -0.009 0.035
0.019 -0.027 0.061
0.037 -0.033 0.053
0.037 -0.015 0.043
0.041 -0.023 0.043
0.023 -0.017 0.045
0.033 -0.015 0.047
0.029 -0.011 0.043
0.029 -0.011 0.059
0.017 -0.005 0.051
0.029 -0.005 0.061
0.027 -0.003 0.053
0.027 -0.011 0.061
0.029 -0.009 0.059
0.041 -0.027 0.045
0.027 -0.029 0.067
0.019 -0.021 0.075
0.001 -0.007 0.065
0.015 -0.021 0.089
0.005 0.013 0.037
0.005 0.017 0.035
-0.003 0.031 0.037
-0.005 0.017 0.045
-0.019 0.027 0.061
0.003 0.009 0.037
0.003 0.009 0.037
-0.001 0.023 0.037
-0.023 0.037 0.051
-0.027 0.037 0.059
-0.021 0.027 0.069
-0.023 0.031 0.067
-0.021 0.023 0.093
-0.003 0.005 0.067
-0.023 0.029 0.071
-0.015 0.019 0.087
-0.019 0.021 0.093
-0.019 0.023 0.095
-0.023 0.031 0.089
-0.027 0.039 0.089
-0.027 0.043 0.085
-0.029 0.033 0.065
-0.023 0.033 0.087
-0.019 0.025 0.099
-0.025 0.027 0.105
-0.029 0.043 0.103
-0.033 0.041 0.105
-0.023 0.037 0.097
-0.027 0.035 0.061
-0.029 0.035 0.063
-0.027 0.033 0.063
-0.027 0.029 0.073
-0.025 0.037 0.087
-0.007 0.001 0.095
-0.023 0.009 0.113
0.017 -0.005 0.049
-0.005 0.007 0.063
0.019 -0.007 0.053
-0.003 0.013 0.049
0.011 -0.015 0.057
0.023 -0.007 0.061
0.025 -0.005 0.059
0.029 -0.025 0.061
0.011 -0.013 0.055
0.025 -0.003 0.053
0.027 -0.003 0.045
0.029 -0.005 0.061
0.037 -0.031 0.061
0.031 -0.035 0.069
0.027 -0.033 0.083
0.031 -0.035 0.081
-0.001 0.001 0.077
0.003 -0.003 0.075
0.009 -0.017 0.071
0.017 -0.011 0.069
-0.001 0.001 0.077
0.001 -0.001 0.073
0.001 -0.001 0.077
0.015 -0.017 0.083
0.009 -0.023 0.093
0.013 -0.017 0.089
0.015 -0.021 0.089
-0.035 0.037 0.053
-0.041 0.027 0.039
-0.041 0.031 0.053
-0.039 0.035 0.049
-0.039 0.035 0.051
-0.041 0.027 0.059
-0.033 0.037 0.047
-0.031 0.035 0.063
-0.033 0.033 0.065
-0.013 0.015 0.055
-0.001 0.005 0.061
-0.009 0.017 0.053
-0.033 0.037 0.039
-0.037 0.035 0.057
-0.037 0.023 0.069
-0.003 0.003 0.073
-0.015 0.017 0.097
-0.027 0.039 0.089
-0.023 0.037 0.099
-0.029 0.039 0.095
-0.039 0.047 0.087
-0.037 0.049 0.093
-0.033 0.045 0.091
-0.039 0.049 0.091
-0.037 0.049 0.091
-0.037 0.023 0.103
-0.039 0.041 0.103
-0.035 0.039 0.105
-0.011 0.007 0.103
-0.037 0.041 0.103
-0.033 0.039 0.105
-0.037 0.039 0.105
-0.029 0.043 0.103
0.001 0.021 0.037
0.001 0.001 0.063
0.035 -0.025 0.061
0.025 -0.009 0.065
0.015 -0.015 0.049
0.021 -0.025 0.073
0.021 -0.009 0.067
0.001 -0.007 0.067
0.007 -0.019 0.093
0.011 -0.023 0.091
0.039 -0.017 0.039
0.015 -0.035 0.037
0.035 -0.035 0.059
0.041 -0.027 0.053
0.037 -0.029 0.061
0.039 -0.025 0.039
0.035 -0.015 0.047
0.031 -0.005 0.053
0.031 -0.007 0.057
0.037 -0.023 0.057
0.033 -0.031 0.065
0.013 -0.015 0.063
0.031 -0.035 0.081
0.017 -0.033 0.087
0.029 -0.039 0.087
0.019 -0.031 0.079
0.019 -0.021 0.081
0.003 -0.005 0.069
0.013 -0.029 0.091
0.007 -0.023 0.095
0.011 -0.023 0.091
-0.007 0.021 0.049
0.029 -0.003 0.055
0.005 0.011 0.035
-0.003 0.023 0.041
-0.011 0.029 0.049
-0.017 0.011 0.057
-0.019 0.009 0.069
-0.007 0.023 0.049
-0.007 0.031 0.047
-0.011 0.031 0.047
-0.009 0.039 0.045
-0.003 0.001 0.079
-0.001 0.001 0.077
-0.011 0.001 0.089
-0.021 0.025 0.093
-0.021 0.019 0.105
-0.013 0.009 0.103
0.003 0.015 0.039
0.001 0.011 0.045
0.019 0.001 0.035
-0.007 -0.033 0.035
-0.009 -0.029 0.041
-0.023 -0.007 0.047
-0.029 -0.003 0.087
-0.001 -0.019 0.035
-0.003 -0.017 0.037
-0.001 -0.013 0.037
0.001 -0.027 0.067
-0.005 -0.025 0.047
-0.035 0.005 0.043
-0.025 -0.005 0.047
-0.037 0.007 0.047
-0.003 -0.025 0.053
-0.017 -0.011 0.059
-0.019 -0.005 0.067
-0.019 -0.003 0.065
0.023 -0.039 0.081
0.001 -0.031 0.085
0.025 -0.039 0.085
-0.013 -0.017 0.073
-0.017 -0.011 0.069
-0.015 -0.013 0.075
0.001 -0.025 0.067
-0.027 0.003 0.075
0.003 -0.027 0.091
0.007 -0.027 0.093
-0.007 -0.013 0.091
-0.005 -0.021 0.089
-0.013 -0.009 0.083
-0.009 -0.011 0.091
-0.037 0.009 0.033
-0.019 0.037 0.033
-0.035 0.003 0.033
-0.039 0.007 0.037
-0.041 0.013 0.043
-0.039 0.023 0.041
-0.041 0.015 0.053
-0.041 0.023 0.057
-0.039 0.009 0.047
-0.035 0.015 0.059
-0.035 0.015 0.061
-0.037 0.033 0.063
-0.039 0.029 0.059
-0.037 0.035 0.041
-0.039 0.023 0.065
-0.039 0.029 0.085
-0.041 0.027 0.093
-0.029 0.005 0.073
-0.039 0.031 0.085
-0.039 0.047 0.087
-0.035 0.007 0.101
-0.035 0.011 0.101
-0.039 0.037 0.105
-0.041 0.011 0.045
-0.041 0.017 0.043
-0.041 0.015 0.045
-0.039 0.009 0.043
-0.017 0.003 0.065
-0.003 -0.035 0.035
-0.027 -0.005 0.043
-0.011 -0.009 0.047
-0.021 -0.007 0.055
-0.009 -0.015 0.063
-0.013 -0.017 0.071
-0.009 -0.021 0.079
-0.003 -0.027 0.085
0.003 -0.031 0.083
-0.003 -0.027 0.087
-0.017 -0.009 0.109
0.007 -0.025 0.031
0.021 -0.035 0.033
0.009 -0.035 0.037
0.005 -0.031 0.055
0.025 -0.037 0.063
0.015 -0.031 0.059
0.031 -0.043 0.083
0.031 -0.035 0.069
0.017 -0.033 0.087
0.003 -0.023 0.093
0.011 -0.033 0.083
0.013 -0.035 0.083
0.003 -0.035 0.037
-0.033 -0.003 0.035
-0.035 0.001 0.037
-0.033 0.007 0.049
-0.037 0.011 0.053
-0.019 -0.001 0.033
0.001 -0.033 0.041
0.009 -0.033 0.045
-0.009 -0.013 0.059
-0.029 0.013 0.059
0.009 -0.033 0.043
-0.027 -0.005 0.091
-0.027 -0.005 0.091
-0.031 -0.003 0.091
-0.029 0.009 0.065
-0.017 -0.013 0.065
-0.009 -0.019 0.073
-0.019 -0.009 0.067
-0.003 -0.023 0.091
-0.035 0.015 0.081
-0.029 -0.003 0.091
-0.029 -0.007 0.101
-0.027 -0.009 0.097
-0.013 0.003 0.097
-0.017 0.005 0.097
-0.015 0.005 0.099
-0.023 0.001 0.099
-0.041 0.031 0.053
-0.031 0.039 0.049
-0.035 0.037 0.055
-0.033 0.037 0.051
-0.039 0.031 0.061
-0.027 0.023 0.077
-0.041 0.045 0.087
-0.039 0.045 0.093
-0.035 0.009 0.103
-0.035 0.037 0.051
-0.031 0.037 0.047
-0.017 0.033 0.053
-0.011 0.029 0.051
-0.011 0.043 0.043
0.011 -0.005 0.047
0.015 -0.003 0.047
-0.035 0.035 0.059
-0.027 0.037 0.059
-0.005 0.007 0.063
0.027 -0.003 0.049
0.027 -0.003 0.051
-0.037 0.041 0.083
-0.037 0.047 0.085
0.019 -0.021 0.083
-0.029 0.029 0.073
-0.021 0.023 0.075
0.017 -0.011 0.069
0.017 -0.011 0.069
-0.041 0.017 0.043
-0.049 0.025 0.037
-0.045 0.029 0.035
-0.037 0.029 0.037
-0.035 0.035 0.039
-0.017 0.031 0.057
-0.025 0.033 0.065
-0.005 0.009 0.059
-0.021 0.037 0.043
-0.037 0.023 0.067
-0.035 0.019 0.071
-0.039 0.027 0.091
-0.031 0.047 0.083
-0.031 0.029 0.071
-0.037 0.047 0.087
-0.033 0.045 0.091
-0.021 0.027 0.091
-0.031 0.023 0.091
-0.033 0.049 0.087
-0.043 0.037 0.103
-0.027 0.011 0.109
-0.027 0.013 0.107
-0.039 0.041 0.105
-0.029 0.041 0.099
-0.043 0.039 0.099
-0.011 0.043 0.043
-0.011 0.035 0.045
0.015 0.007 0.037
