0.001 0.001 0.069
-0.009 0.003 0.089
0.001 -0.017 0.095
-0.003 -0.013 0.093
-0.017 0.015 0.107
-0.017 0.001 0.109
0.017 -0.017 0.077
0.017 -0.001 0.037
0.017 -0.003 0.039
0.005 -0.017 0.065
0.021 -0.011 0.071
0.005 -0.013 0.059
0.023 -0.031 0.073
0.021 -0.029 0.073
0.005 -0.007 0.079
0.003 -0.003 0.071
-0.021 0.029 0.067
-0.025 0.035 0.059
-0.031 0.039 0.049
-0.003 0.019 0.043
-0.005 0.033 0.041
-0.021 0.033 0.097
-0.023 0.029 0.103
-0.015 0.015 0.077
-0.015 0.013 0.081
-0.009 0.005 0.095
-0.023 0.029 0.103
-0.025 0.029 0.103
-0.029 0.047 0.087
-0.033 0.025 0.105
-0.031 0.019 0.105
-0.023 0.011 0.111
-0.011 0.007 0.103
-0.029 0.035 0.101
0.013 0.009 0.033
-0.001 -0.035 0.035
-0.001 -0.035 0.039
-0.001 -0.035 0.037
0.001 -0.031 0.061
0.011 -0.037 0.073
0.035 -0.043 0.075
0.029 -0.031 0.043
0.041 -0.027 0.045
0.039 -0.025 0.057
0.041 -0.025 0.049
0.033 -0.043 0.075
0.025 -0.039 0.071
0.033 -0.031 0.065
0.025 -0.011 0.065
0.021 -0.011 0.069
0.027 -0.039 0.087
0.031 -0.043 0.079
0.013 -0.035 0.035
0.001 -0.033 0.043
0.019 -0.033 0.039
0.019 -0.035 0.037
0.035 -0.033 0.051
0.027 -0.035 0.059
0.015 -0.031 0.059
0.009 -0.033 0.087
-0.011 -0.019 0.083
-0.017 -0.003 0.107
-0.009 0.003 0.101
-0.013 0.013 0.097
-0.019 0.009 0.103
0.001 -0.035 0.039
-0.027 -0.007 0.041
-0.007 -0.013 0.093
0.003 -0.027 0.091
-0.015 -0.011 0.079
0.003 -0.025 0.091
0.013 -0.037 0.075
0.009 -0.035 0.083
0.019 -0.021 0.083
0.007 -0.005 0.047
0.033 -0.025 0.061
0.035 -0.029 0.063
0.011 -0.037 0.075
0.031 -0.037 0.089
0.013 -0.017 0.089
0.015 -0.017 0.087
-0.003 -0.009 0.089
-0.027 0.001 0.101
-0.023 0.005 0.109
-0.021 0.013 0.105
-0.021 0.003 0.109
0.003 -0.005 0.083
-0.005 0.021 0.047
-0.005 0.027 0.045
-0.007 -0.001 0.095
-0.013 0.027 0.055
-0.031 0.023 0.105
-0.011 -0.003 0.085
-0.029 0.005 0.103
-0.021 0.009 0.105
-0.021 0.027 0.103
-0.023 0.033 0.099
-0.005 0.013 0.051
0.001 -0.013 0.057
0.001 0.001 0.059
-0.013 0.003 0.071
0.033 -0.013 0.037
0.033 -0.013 0.043
0.029 -0.003 0.053
0.017 0.005 0.035
0.023 -0.003 0.037
0.025 -0.003 0.047
0.021 -0.029 0.063
0.027 -0.027 0.059
0.003 -0.013 0.059
0.021 -0.011 0.069
0.027 -0.035 0.075
-0.019 0.037 0.043
-0.029 0.035 0.035
-0.011 0.039 0.031
-0.021 0.037 0.045
-0.037 0.035 0.045
-0.037 0.035 0.053
-0.017 0.033 0.053
-0.009 0.041 0.037
-0.019 0.007 0.061
-0.021 0.035 0.037
-0.003 0.033 0.035
-0.025 0.037 0.095
-0.027 0.039 0.097
-0.005 0.003 0.071
-0.027 0.029 0.073
-0.021 0.031 0.087
-0.015 0.011 0.081
-0.031 0.049 0.085
-0.033 0.045 0.091
-0.023 0.029 0.103
-0.025 0.011 0.111
0.017 0.005 0.037
-0.001 0.001 0.051
-0.003 0.007 0.059
0.011 -0.013 0.079
0.001 -0.005 0.085
0.001 -0.007 0.087
-0.007 -0.005 0.085
-0.019 0.001 0.105
0.039 -0.023 0.037
0.033 -0.013 0.033
0.025 -0.009 0.035
0.025 -0.005 0.035
0.039 -0.019 0.037
0.017 -0.023 0.059
0.001 -0.003 0.063
0.035 -0.021 0.033
0.029 -0.035 0.081
0.035 -0.041 0.085
0.029 -0.029 0.067
-0.007 0.035 0.043
-0.023 0.035 0.057
0.003 0.013 0.041
0.001 0.007 0.043
-0.005 0.029 0.039
-0.003 0.033 0.035
-0.005 0.033 0.039
-0.021 0.023 0.093
-0.023 0.031 0.089
-0.021 0.005 0.103
-0.009 0.003 0.099
-0.031 0.039 0.105
0.015 0.007 0.035
-0.007 0.015 0.051
-0.017 0.033 0.055
-0.015 0.017 0.083
-0.005 0.009 0.057
0.015 -0.005 0.049
0.017 -0.005 0.051
0.015 -0.017 0.051
-0.005 0.003 0.073
0.017 -0.011 0.067
0.007 -0.013 0.057
0.033 -0.013 0.043
0.033 -0.037 0.085
0.019 -0.021 0.083
0.011 -0.013 0.081
-0.027 0.037 0.051
-0.041 0.031 0.045
-0.039 0.033 0.043
-0.031 0.037 0.059
-0.011 0.029 0.053
-0.033 0.031 0.067
-0.003 0.011 0.053
-0.035 0.047 0.089
-0.035 0.029 0.069
-0.039 0.033 0.093
-0.029 0.037 0.089
-0.035 0.047 0.093
-0.041 0.041 0.089
-0.023 0.035 0.083
-0.029 0.047 0.085
-0.031 0.043 0.091
-0.019 0.023 0.101
0.001 0.017 0.039
0.027 -0.007 0.061
0.001 -0.013 0.069
-0.027 -0.001 0.099
0.033 -0.035 0.063
0.041 -0.027 0.049
0.039 -0.025 0.057
0.027 -0.009 0.045
0.021 -0.013 0.061
0.037 -0.015 0.045
0.037 -0.041 0.087
0.021 -0.025 0.073
0.007 -0.011 0.089
-0.003 0.001 0.045
-0.019 0.027 0.065
-0.001 -0.001 0.055
-0.003 0.025 0.041
-0.005 0.031 0.045
-0.003 0.009 0.053
-0.007 0.037 0.037
-0.015 0.017 0.091
-0.027 0.001 0.101
-0.021 0.005 0.103
-0.023 0.031 0.099
-0.025 0.027 0.105
0.017 0.003 0.035
0.001 0.013 0.045
-0.001 -0.035 0.039
0.037 -0.031 0.043
0.027 -0.013 0.055
0.035 -0.041 0.079
0.017 -0.017 0.071
0.017 -0.025 0.087
0.015 -0.023 0.089
0.035 -0.023 0.033
0.009 -0.035 0.039
0.025 -0.035 0.035
0.037 -0.025 0.035
0.037 -0.027 0.039
0.023 -0.013 0.063
0.041 -0.023 0.045
0.033 -0.039 0.079
0.021 -0.013 0.071
0.037 -0.015 0.039
0.039 -0.029 0.043
0.039 -0.025 0.057
0.027 -0.009 0.063
0.003 0.011 0.043
-0.007 0.025 0.049
-0.007 0.037 0.039
-0.009 0.005 0.095
0.005 -0.011 0.073
-0.009 0.001 0.089
-0.011 0.009 0.093
-0.013 0.013 0.091
-0.021 0.029 0.095
-0.021 0.029 0.087
-0.019 -0.001 0.097
-0.021 0.003 0.103
-0.017 -0.001 0.107
-0.009 0.003 0.103
-0.017 0.023 0.097
0.035 -0.013 0.041
0.005 0.011 0.037
-0.019 -0.009 0.051
-0.015 -0.015 0.073
-0.009 -0.027 0.039
-0.005 -0.023 0.047
-0.005 -0.021 0.047
-0.003 -0.025 0.051
0.029 -0.043 0.079
0.027 -0.041 0.081
-0.007 -0.019 0.089
-0.039 0.009 0.039
-0.041 0.015 0.055
-0.019 -0.001 0.067
-0.035 0.015 0.065
-0.037 0.019 0.067
-0.039 0.031 0.061
-0.041 0.025 0.047
-0.041 0.025 0.049
-0.033 0.001 0.095
-0.037 0.017 0.081
-0.031 -0.003 0.095
-0.031 -0.005 0.097
-0.035 0.009 0.095
-0.039 0.039 0.089
-0.027 0.009 0.109
-0.027 0.011 0.107
-0.045 0.037 0.099
-0.039 0.041 0.105
-0.005 -0.019 0.039
-0.021 -0.007 0.053
-0.017 -0.011 0.065
-0.003 -0.025 0.053
-0.009 -0.025 0.043
-0.007 -0.025 0.045
-0.003 -0.021 0.059
-0.023 -0.003 0.055
0.003 -0.033 0.077
-0.015 -0.013 0.073
-0.029 -0.007 0.089
-0.035 0.003 0.033
-0.039 0.007 0.035
-0.047 0.015 0.039
-0.041 0.027 0.057
-0.049 0.019 0.039
-0.049 0.023 0.039
-0.039 0.029 0.061
-0.035 0.013 0.091
-0.037 0.019 0.087
-0.033 0.011 0.075
-0.031 0.027 0.073
-0.035 0.007 0.097
-0.039 0.023 0.083
-0.043 0.041 0.085
-0.035 0.011 0.103
-0.045 0.037 0.101
-0.037 0.041 0.101
-0.041 0.017 0.043
-0.001 -0.027 0.061
-0.001 -0.019 0.093
-0.019 -0.007 0.111
0.021 -0.035 0.035
0.013 -0.033 0.039
0.013 -0.031 0.045
0.017 -0.025 0.045
-0.001 -0.029 0.057
0.005 -0.035 0.071
0.015 -0.035 0.065
0.009 -0.035 0.065
0.025 -0.037 0.065
0.025 -0.041 0.077
0.015 -0.031 0.089
0.005 -0.025 0.093
-0.041 0.011 0.039
-0.041 0.011 0.045
-0.001 -0.007 0.055
-0.015 -0.015 0.075
-0.033 0.011 0.075
-0.017 -0.001 0.079
-0.031 0.007 0.077
-0.021 0.001 0.099
-0.033 0.001 0.101
-0.031 0.001 0.107
-0.037 0.031 0.103
-0.043 0.039 0.103
0.001 -0.031 0.063
-0.001 -0.035 0.037
-0.005 -0.033 0.041
-0.023 -0.007 0.043
-0.007 -0.009 0.049
-0.017 -0.013 0.067
-0.005 -0.023 0.077
-0.027 -0.007 0.087
0.023 -0.031 0.041
0.017 -0.029 0.043
0.015 -0.033 0.041
0.003 -0.031 0.059
0.027 -0.027 0.053
-0.001 -0.011 0.065
0.015 -0.029 0.057
0.015 -0.029 0.055
0.015 -0.035 0.065
0.009 -0.033 0.087
0.029 -0.039 0.087
-0.031 -0.003 0.035
-0.011 0.001 0.033
-0.041 0.013 0.041
-0.035 0.011 0.053
-0.025 -0.007 0.037
-0.029 -0.005 0.037
-0.029 0.005 0.049
-0.029 0.007 0.051
-0.021 -0.007 0.059
-0.019 -0.009 0.057
-0.039 0.009 0.047
-0.033 0.003 0.087
-0.037 0.017 0.085
-0.033 0.007 0.087
-0.009 -0.019 0.071
-0.025 0.003 0.073
-0.025 0.001 0.085
-0.039 0.027 0.085
-0.029 -0.001 0.085
-0.035 0.005 0.103
-0.037 0.013 0.099
-0.029 -0.007 0.103
-0.027 0.007 0.105
-0.043 0.031 0.099
-0.031 -0.003 0.099
0.005 -0.033 0.041
-0.001 -0.029 0.059
0.003 -0.033 0.065
-0.011 -0.017 0.073
0.007 -0.035 0.077
0.001 -0.023 0.093
-0.027 -0.007 0.087
-0.027 -0.007 0.093
0.001 -0.033 0.035
0.017 -0.035 0.037
0.029 -0.031 0.047
0.007 -0.031 0.051
0.009 -0.031 0.049
0.039 -0.025 0.039
0.039 -0.027 0.041
0.041 -0.027 0.045
0.041 -0.029 0.049
0.039 -0.031 0.057
0.023 -0.039 0.075
-0.033 -0.003 0.033
0.005 -0.033 0.049
-0.027 -0.005 0.091
-0.021 -0.001 0.081
-0.025 0.005 0.109
0.021 -0.033 0.037
-0.019 -0.001 0.111
-0.041 0.027 0.047
-0.041 0.031 0.049
-0.041 0.025 0.059
-0.041 0.029 0.055
-0.039 0.035 0.051
-0.041 0.027 0.059
-0.039 0.031 0.057
-0.009 -0.021 0.081
-0.027 0.003 0.075
-0.035 0.011 0.087
-0.033 0.007 0.089
-0.033 0.007 0.089
-0.019 0.037 0.033
-0.051 0.021 0.037
-0.041 0.011 0.047
-0.041 0.031 0.053
-0.041 0.029 0.053
-0.025 0.035 0.035
-0.037 0.019 0.063
-0.039 0.029 0.063
-0.035 0.035 0.061
-0.037 0.035 0.043
-0.035 0.037 0.047
-0.013 0.041 0.039
-0.037 0.029 0.067
-0.033 0.011 0.077
-0.035 0.025 0.071
-0.041 0.025 0.093
-0.041 0.039 0.089
-0.027 0.009 0.111
-0.037 0.033 0.105
-0.033 0.043 0.101
-0.031 0.041 0.097
-0.035 0.043 0.105
-0.005 -0.001 0.081
-0.023 0.007 0.115
0.001 0.001 0.065
0.019 -0.007 0.053
0.029 -0.025 0.061
0.021 -0.009 0.059
0.025 -0.033 0.085
0.015 -0.027 0.089
0.029 -0.029 0.069
0.011 -0.015 0.089
-0.043 0.043 0.087
-0.041 0.031 0.049
-0.041 0.037 0.089
-0.035 0.043 0.103
-0.019 0.035 0.047
-0.035 0.015 0.105
-0.031 0.043 0.105
-0.033 0.027 0.105
-0.023 0.029 0.099
-0.035 0.035 0.107
-0.011 0.009 0.101
-0.023 0.035 0.099
-0.035 0.035 0.107
-0.029 0.031 0.101
-0.041 0.043 0.089
-0.035 0.011 0.103
-0.023 0.013 0.107
-0.039 0.035 0.049
-0.037 0.035 0.045
-0.041 0.025 0.049
-0.025 0.037 0.051
-0.035 0.035 0.061
-0.043 0.045 0.085
-0.025 0.021 0.093
-0.043 0.043 0.085
-0.037 0.015 0.097
-0.035 0.007 0.103
-0.009 0.043 0.043
-0.031 0.037 0.053
0.015 -0.017 0.061
-0.005 0.009 0.057
-0.005 0.007 0.063
0.025 -0.005 0.057
0.035 -0.013 0.039
0.021 -0.009 0.065
-0.021 0.025 0.073
0.009 -0.011 0.085
-0.049 0.025 0.037
-0.047 0.025 0.039
-0.045 0.027 0.037
-0.041 0.025 0.057
-0.035 0.035 0.039
-0.017 0.039 0.039
-0.015 0.031 0.049
-0.037 0.035 0.057
-0.033 0.035 0.059
-0.021 0.033 0.057
-0.033 0.005 0.089
-0.031 0.021 0.077
-0.043 0.039 0.081
-0.043 0.043 0.087
-0.035 0.047 0.089
-0.039 0.035 0.105
-0.035 0.043 0.103
-0.017 0.037 0.043
