0.005 -0.015 0.061
-0.013 0.017 0.055
0.001 -0.009 0.045
-0.001 0.001 0.077
0.001 -0.003 0.081
-0.003 -0.013 0.093
-0.009 0.001 0.103
0.019 -0.009 0.065
0.017 0.001 0.037
0.021 -0.003 0.045
0.027 -0.003 0.049
0.039 -0.021 0.053
0.041 -0.025 0.051
0.039 -0.025 0.057
0.025 -0.033 0.083
0.003 -0.007 0.087
-0.019 0.033 0.051
-0.001 0.023 0.035
-0.025 0.039 0.085
-0.011 0.017 0.053
-0.005 0.029 0.045
-0.019 0.025 0.071
-0.019 0.031 0.059
-0.007 0.039 0.035
-0.025 0.041 0.085
-0.027 0.041 0.099
-0.017 0.005 0.069
-0.009 0.005 0.091
-0.019 0.027 0.089
0.013 -0.033 0.039
0.011 -0.031 0.047
0.009 -0.035 0.063
0.005 -0.033 0.085
0.009 -0.033 0.087
0.025 -0.035 0.031
0.011 -0.035 0.037
0.017 -0.031 0.041
0.035 -0.033 0.047
0.029 -0.033 0.037
0.011 -0.031 0.055
0.029 -0.043 0.079
0.007 -0.033 0.085
0.031 -0.037 0.065
0.031 -0.039 0.073
0.011 -0.029 0.093
0.035 -0.043 0.079
0.015 -0.035 0.035
0.033 -0.031 0.039
0.035 -0.035 0.061
0.031 -0.033 0.051
0.007 -0.035 0.077
0.027 -0.037 0.069
0.021 -0.039 0.075
0.029 -0.039 0.087
0.031 -0.043 0.079
0.013 -0.033 0.085
0.017 -0.033 0.087
-0.019 0.005 0.107
-0.023 0.007 0.113
-0.009 0.001 0.097
-0.009 0.001 0.097
0.037 -0.027 0.039
0.037 -0.025 0.037
0.003 -0.025 0.091
-0.015 -0.009 0.079
0.005 -0.011 0.089
0.035 -0.039 0.087
0.031 -0.037 0.089
0.021 -0.007 0.061
0.027 -0.033 0.083
0.013 -0.037 0.075
-0.025 0.003 0.107
-0.023 0.005 0.115
-0.001 0.019 0.041
-0.005 0.017 0.045
-0.015 0.021 0.055
-0.025 0.021 0.105
-0.019 0.025 0.099
-0.023 0.007 0.115
-0.031 -0.001 0.101
-0.027 0.013 0.107
-0.021 0.001 0.109
-0.023 0.001 0.109
-0.009 0.003 0.099
-0.011 0.001 0.103
-0.033 0.025 0.105
-0.011 0.003 0.103
-0.015 0.007 0.103
0.001 0.001 0.069
0.001 -0.009 0.043
-0.005 0.003 0.073
-0.011 0.005 0.087
0.015 -0.009 0.051
0.007 0.003 0.035
0.025 -0.007 0.063
0.033 -0.013 0.045
0.017 -0.019 0.085
0.037 -0.043 0.079
0.011 -0.015 0.089
-0.007 0.037 0.037
-0.007 0.039 0.037
-0.015 0.041 0.033
-0.045 0.027 0.037
-0.037 0.035 0.041
-0.023 0.035 0.057
-0.019 0.019 0.065
-0.009 0.017 0.053
-0.013 0.031 0.049
-0.029 0.039 0.045
-0.023 0.037 0.047
-0.013 0.041 0.033
-0.007 0.037 0.041
-0.015 0.015 0.077
-0.027 0.027 0.091
-0.031 0.049 0.085
-0.029 0.037 0.101
-0.015 0.011 0.109
-0.025 0.039 0.101
0.005 0.017 0.035
0.033 -0.013 0.045
0.031 -0.007 0.051
0.031 -0.007 0.055
-0.001 -0.003 0.057
0.005 -0.009 0.049
-0.001 0.001 0.073
0.009 -0.013 0.089
-0.003 -0.005 0.087
0.031 -0.011 0.039
0.039 -0.019 0.037
0.031 -0.019 0.051
0.037 -0.015 0.043
0.035 -0.013 0.041
0.031 -0.007 0.055
0.027 -0.003 0.049
0.019 -0.021 0.071
0.019 -0.021 0.069
0.015 -0.017 0.087
0.013 -0.027 0.091
0.013 -0.015 0.085
-0.005 0.013 0.049
-0.009 0.017 0.051
0.003 0.009 0.039
0.001 0.009 0.045
-0.003 0.025 0.037
-0.015 0.017 0.055
-0.005 0.035 0.037
-0.023 0.033 0.061
-0.017 0.021 0.069
-0.013 0.013 0.087
-0.031 0.039 0.089
-0.031 0.043 0.091
-0.027 0.039 0.095
-0.017 0.017 0.105
-0.023 0.029 0.103
0.027 -0.009 0.063
0.001 -0.007 0.063
0.015 -0.015 0.081
0.005 -0.007 0.081
0.001 -0.003 0.079
-0.025 -0.007 0.097
-0.019 -0.001 0.111
0.037 -0.031 0.043
0.039 -0.027 0.057
0.037 -0.029 0.059
0.039 -0.029 0.053
0.025 -0.003 0.039
0.031 -0.007 0.049
0.025 -0.005 0.035
0.027 -0.009 0.045
0.041 -0.023 0.051
0.031 -0.035 0.087
0.033 -0.037 0.085
0.031 -0.039 0.075
0.019 -0.021 0.069
0.007 -0.021 0.093
-0.005 0.035 0.037
-0.005 0.009 0.059
-0.003 0.005 0.063
0.001 0.021 0.037
-0.001 0.003 0.063
-0.017 0.033 0.051
-0.007 0.037 0.037
-0.017 0.021 0.097
-0.017 0.003 0.079
-0.005 0.005 0.069
-0.001 -0.001 0.079
-0.015 0.015 0.083
-0.021 0.023 0.093
-0.021 0.025 0.093
-0.021 0.007 0.107
-0.019 0.023 0.099
-0.031 0.037 0.103
-0.025 0.039 0.099
-0.023 0.035 0.099
0.011 -0.019 0.091
0.029 -0.033 0.033
0.003 -0.035 0.039
0.025 -0.035 0.035
0.033 -0.033 0.045
0.041 -0.019 0.043
0.039 -0.027 0.057
0.039 -0.025 0.039
0.035 -0.021 0.033
0.023 -0.037 0.067
0.035 -0.043 0.075
0.031 -0.039 0.073
0.019 -0.021 0.075
0.025 -0.003 0.039
0.017 0.001 0.037
0.017 0.003 0.035
0.039 -0.029 0.043
0.041 -0.027 0.047
0.029 -0.003 0.047
-0.001 -0.005 0.055
-0.019 0.021 0.063
0.035 -0.013 0.039
0.041 -0.027 0.049
0.005 0.013 0.037
-0.001 0.023 0.039
-0.001 0.023 0.035
0.025 -0.013 0.057
-0.017 0.025 0.057
-0.003 0.025 0.041
-0.005 0.025 0.043
-0.015 0.019 0.087
0.017 -0.017 0.081
-0.011 0.011 0.093
-0.021 0.033 0.085
-0.029 0.043 0.089
-0.009 0.003 0.099
-0.023 0.023 0.105
-0.021 -0.005 0.063
-0.021 -0.007 0.057
-0.005 -0.025 0.083
-0.005 -0.025 0.087
-0.005 -0.013 0.093
-0.003 -0.025 0.057
-0.015 -0.013 0.057
-0.005 -0.019 0.053
-0.015 -0.013 0.057
-0.001 -0.017 0.059
-0.009 -0.019 0.073
-0.001 -0.029 0.055
-0.001 -0.027 0.077
-0.003 -0.027 0.087
-0.017 -0.011 0.073
-0.035 0.003 0.039
-0.035 0.005 0.045
-0.049 0.019 0.039
-0.043 0.019 0.051
-0.035 0.015 0.061
-0.041 0.013 0.053
-0.023 -0.001 0.055
-0.021 0.005 0.059
-0.019 -0.001 0.067
-0.037 0.019 0.065
-0.039 0.033 0.057
-0.015 -0.003 0.081
-0.033 0.013 0.075
-0.033 0.015 0.077
-0.035 0.007 0.097
-0.033 0.003 0.101
-0.037 0.017 0.091
-0.033 0.003 0.097
-0.021 0.019 0.105
-0.029 0.025 0.105
-0.027 0.001 0.049
-0.019 -0.009 0.055
-0.031 0.001 0.085
0.003 -0.033 0.063
-0.037 0.007 0.043
-0.017 -0.011 0.059
-0.021 -0.003 0.057
-0.019 -0.007 0.065
-0.001 -0.027 0.077
0.003 -0.023 0.071
-0.001 -0.019 0.093
-0.005 -0.017 0.091
-0.011 -0.015 0.085
-0.007 -0.019 0.089
-0.041 0.011 0.037
-0.037 0.007 0.049
-0.025 0.005 0.053
-0.039 0.033 0.057
-0.033 0.037 0.039
-0.037 0.037 0.049
-0.017 0.039 0.033
-0.039 0.035 0.049
-0.033 0.013 0.077
-0.033 0.019 0.077
-0.029 0.003 0.079
-0.033 0.009 0.083
-0.037 0.021 0.085
-0.039 0.029 0.085
-0.039 0.049 0.093
-0.039 0.031 0.101
-0.043 0.039 0.103
-0.045 0.037 0.099
-0.005 -0.029 0.043
-0.003 -0.027 0.053
-0.015 -0.013 0.079
-0.017 -0.011 0.113
0.019 -0.035 0.031
0.031 -0.033 0.047
0.003 -0.031 0.061
0.003 -0.033 0.067
0.027 -0.039 0.087
0.035 -0.043 0.079
0.017 -0.035 0.081
-0.029 -0.003 0.043
-0.011 -0.001 0.035
-0.009 -0.013 0.055
-0.031 0.011 0.053
-0.003 -0.013 0.063
-0.015 -0.015 0.071
-0.015 -0.015 0.075
-0.023 0.005 0.071
-0.031 0.009 0.071
-0.039 0.025 0.085
-0.019 0.001 0.075
-0.015 0.005 0.083
-0.021 -0.001 0.091
-0.025 0.003 0.105
-0.041 0.023 0.095
-0.027 -0.009 0.103
-0.039 0.019 0.101
-0.017 -0.011 0.113
-0.029 0.019 0.105
-0.023 0.005 0.115
-0.033 0.033 0.105
-0.001 -0.029 0.059
-0.007 -0.033 0.041
-0.021 -0.005 0.039
-0.007 -0.007 0.045
-0.009 -0.021 0.079
-0.001 -0.025 0.075
-0.003 -0.015 0.065
-0.013 -0.017 0.077
-0.031 -0.005 0.097
0.025 -0.023 0.047
0.009 -0.035 0.039
0.027 -0.025 0.049
0.023 -0.023 0.047
0.011 -0.035 0.065
0.027 -0.027 0.053
0.009 -0.029 0.051
0.021 -0.031 0.063
0.005 -0.035 0.073
0.009 -0.029 0.091
0.007 -0.033 0.087
0.007 -0.031 0.089
-0.041 0.011 0.037
-0.037 0.005 0.037
-0.039 0.021 0.061
-0.039 0.023 0.065
-0.011 -0.005 0.039
-0.011 -0.005 0.039
-0.011 -0.011 0.051
-0.029 -0.005 0.041
-0.011 -0.005 0.041
-0.011 -0.009 0.047
-0.019 -0.007 0.065
-0.021 0.013 0.059
-0.015 -0.011 0.053
-0.035 0.003 0.039
-0.021 -0.007 0.041
-0.023 -0.007 0.047
-0.037 0.019 0.069
-0.039 0.023 0.065
-0.035 0.011 0.085
-0.035 0.005 0.097
-0.029 -0.007 0.103
-0.035 0.009 0.099
-0.031 -0.001 0.101
-0.031 -0.003 0.099
-0.035 0.005 0.099
0.001 -0.031 0.057
-0.029 -0.007 0.101
0.029 -0.033 0.033
0.013 -0.035 0.063
0.031 -0.037 0.063
0.021 -0.021 0.047
0.011 -0.035 0.035
0.025 -0.035 0.035
0.023 -0.023 0.047
0.001 -0.031 0.049
0.009 -0.033 0.057
0.027 -0.035 0.057
0.015 -0.035 0.067
0.023 -0.039 0.073
0.009 -0.031 0.089
0.007 -0.033 0.085
0.007 -0.031 0.035
-0.025 -0.005 0.033
-0.029 0.005 0.049
-0.019 -0.009 0.057
0.001 -0.031 0.061
-0.009 -0.015 0.063
-0.001 -0.029 0.053
-0.017 -0.005 0.041
0.009 -0.033 0.045
-0.029 0.005 0.073
-0.007 -0.019 0.073
-0.001 -0.029 0.085
-0.007 -0.013 0.093
-0.017 -0.001 0.087
-0.027 -0.007 0.087
0.009 -0.035 0.063
-0.041 0.015 0.047
-0.017 -0.011 0.073
-0.033 0.001 0.095
-0.029 0.007 0.073
-0.039 0.017 0.057
-0.039 0.023 0.059
-0.031 0.027 0.073
-0.031 0.031 0.069
-0.029 0.003 0.081
-0.033 0.017 0.075
-0.037 0.013 0.095
-0.047 0.025 0.039
-0.049 0.025 0.037
-0.041 0.017 0.053
-0.039 0.033 0.045
-0.015 0.041 0.037
-0.033 0.009 0.083
-0.043 0.033 0.097
-0.043 0.045 0.083
-0.035 0.011 0.101
-0.039 0.023 0.101
-0.045 0.037 0.101
-0.043 0.039 0.099
-0.037 0.035 0.051
-0.039 0.043 0.091
-0.015 0.017 0.095
-0.009 0.007 0.067
-0.025 0.027 0.105
-0.023 0.023 0.105
-0.001 0.001 0.077
-0.029 0.011 0.105
-0.029 -0.003 0.103
0.017 -0.011 0.067
0.029 -0.023 0.055
0.007 -0.013 0.057
0.011 -0.015 0.057
0.017 -0.011 0.065
0.019 -0.017 0.047
0.025 -0.007 0.063
0.027 -0.027 0.059
0.029 -0.003 0.055
0.019 -0.009 0.065
0.029 -0.003 0.053
0.037 -0.017 0.047
-0.001 -0.015 0.093
-0.009 0.005 0.101
-0.005 -0.005 0.087
-0.001 -0.007 0.089
0.003 -0.007 0.087
0.017 -0.017 0.081
0.009 -0.015 0.091
0.015 -0.017 0.087
-0.039 0.047 0.093
-0.007 0.031 0.047
-0.047 0.015 0.039
-0.027 0.037 0.059
-0.007 0.031 0.047
-0.035 0.043 0.105
-0.021 0.029 0.067
-0.019 0.035 0.047
-0.009 0.039 0.045
-0.029 0.037 0.055
-0.007 0.005 0.071
-0.023 0.037 0.099
-0.023 0.025 0.105
-0.023 0.037 0.097
-0.025 0.033 0.099
-0.039 0.041 0.105
-0.031 0.047 0.089
-0.039 0.023 0.103
-0.031 0.027 0.105
-0.033 0.041 0.105
-0.029 0.037 0.053
-0.035 0.037 0.049
-0.033 0.033 0.065
-0.031 0.027 0.073
-0.037 0.047 0.087
-0.027 0.013 0.107
-0.025 0.037 0.047
-0.031 0.039 0.049
-0.023 0.037 0.053
-0.007 0.031 0.047
-0.007 0.041 0.043
-0.033 0.033 0.065
0.019 -0.009 0.061
0.019 -0.009 0.063
0.019 -0.019 0.077
0.017 -0.017 0.075
-0.025 0.041 0.081
0.017 -0.011 0.069
-0.035 0.031 0.035
-0.019 0.035 0.035
-0.033 0.035 0.061
-0.021 0.029 0.065
-0.025 0.033 0.065
-0.039 0.025 0.091
-0.003 0.005 0.067
-0.027 0.023 0.077
-0.039 0.025 0.085
-0.041 0.045 0.087
-0.039 0.047 0.091
-0.037 0.045 0.089
-0.035 0.043 0.105
-0.037 0.041 0.101
