-0.001 -0.043 0.033
0.005 -0.049 0.049
0.001 -0.049 0.061
0.011 -0.043 0.055
-0.001 -0.029 0.047
0.007 -0.039 0.059
-0.001 -0.023 0.049
0.003 -0.049 0.047
-0.001 -0.049 0.059
0.001 -0.047 0.065
0.001 -0.049 0.053
0.003 -0.047 0.063
0.007 -0.045 0.061
-0.001 -0.049 0.061
0.001 -0.049 0.061
-0.001 -0.049 0.061
-0.001 -0.047 0.067
-0.001 -0.047 0.065
-0.003 -0.045 0.071
-0.003 -0.049 0.085
0.003 -0.043 0.065
-0.001 -0.039 0.069
-0.005 -0.045 0.071
-0.003 -0.045 0.071
-0.003 -0.045 0.071
-0.003 -0.049 0.085
-0.005 -0.045 0.075
-0.003 -0.049 0.085
-0.007 -0.037 0.073
-0.001 -0.041 0.069
-0.001 -0.041 0.069
-0.001 -0.039 0.069
-0.005 -0.035 0.067
-0.003 -0.033 0.067
-0.005 -0.043 0.075
-0.003 -0.041 0.073
-0.007 -0.037 0.075
-0.003 -0.041 0.073
-0.005 -0.039 0.073
-0.007 -0.037 0.073
0.001 -0.045 0.065
0.001 -0.041 0.067
0.005 -0.029 0.045
0.001 -0.043 0.067
0.001 -0.031 0.047
-0.003 -0.035 0.073
-0.003 -0.033 0.077
-0.003 -0.031 0.077
-0.003 -0.025 0.051
-0.001 -0.025 0.059
-0.001 -0.021 0.051
0.011 -0.027 0.061
0.007 -0.023 0.069
0.007 -0.023 0.069
0.009 -0.023 0.067
-0.005 -0.041 0.079
-0.003 -0.045 0.087
-0.005 -0.033 0.081
-0.007 -0.033 0.085
-0.005 -0.035 0.065
-0.003 -0.033 0.065
-0.005 -0.033 0.057
-0.005 -0.029 0.051
-0.001 -0.027 0.061
-0.003 -0.045 0.083
-0.003 -0.033 0.065
-0.003 -0.033 0.079
-0.001 -0.027 0.083
0.007 -0.023 0.071
-0.001 -0.019 0.079
-0.007 -0.005 0.057
-0.005 -0.005 0.057
-0.001 -0.003 0.059
-0.003 -0.029 0.083
-0.001 -0.027 0.083
-0.001 -0.021 0.075
-0.001 -0.023 0.079
0.003 -0.023 0.071
-0.001 -0.023 0.071
-0.001 -0.021 0.071
-0.001 -0.021 0.071
-0.003 -0.021 0.087
-0.003 -0.005 0.061
-0.003 -0.005 0.065
-0.017 -0.035 0.077
-0.005 -0.051 0.077
-0.003 -0.051 0.081
-0.005 -0.045 0.069
-0.003 -0.045 0.071
-0.001 -0.043 0.069
-0.003 -0.043 0.071
-0.003 -0.041 0.073
-0.003 -0.047 0.087
-0.005 -0.047 0.089
-0.001 -0.041 0.069
-0.007 -0.037 0.073
-0.003 -0.051 0.087
-0.003 -0.047 0.087
-0.007 -0.035 0.079
-0.005 -0.055 0.087
-0.007 -0.051 0.087
-0.005 -0.051 0.087
-0.007 -0.043 0.087
-0.013 -0.035 0.083
-0.011 -0.035 0.087
-0.009 -0.035 0.085
-0.009 -0.033 0.087
-0.005 -0.047 0.089
-0.007 -0.033 0.085
-0.013 -0.035 0.085
-0.011 -0.033 0.089
-0.013 -0.033 0.089
-0.001 -0.031 0.071
-0.005 -0.029 0.087
-0.001 -0.025 0.073
-0.001 -0.023 0.075
-0.001 -0.027 0.077
-0.001 -0.025 0.081
-0.009 -0.017 0.093
-0.011 -0.013 0.093
-0.001 -0.025 0.081
-0.001 -0.021 0.085
-0.003 -0.021 0.089
-0.001 -0.021 0.085
-0.001 -0.009 0.075
-0.001 -0.023 0.085
-0.001 -0.019 0.085
-0.001 -0.019 0.085
-0.001 -0.011 0.079
-0.001 -0.011 0.081
-0.001 -0.003 0.081
-0.013 -0.033 0.089
-0.013 -0.031 0.091
-0.013 -0.031 0.091
-0.013 -0.029 0.091
-0.011 -0.031 0.091
-0.003 -0.031 0.083
-0.001 -0.027 0.083
-0.001 -0.023 0.083
-0.001 -0.023 0.083
-0.001 -0.017 0.085
-0.011 -0.031 0.091
-0.009 -0.027 0.091
-0.011 -0.019 0.095
-0.007 -0.019 0.091
-0.013 -0.015 0.095
-0.013 -0.015 0.095
-0.013 -0.019 0.095
-0.013 -0.013 0.095
-0.001 -0.013 0.083
-0.001 -0.017 0.085
-0.003 -0.011 0.089
-0.013 -0.017 0.095
-0.011 -0.013 0.095
-0.011 -0.005 0.093
0.011 -0.047 0.053
0.013 -0.045 0.049
0.003 -0.049 0.049
0.013 -0.045 0.041
0.013 -0.045 0.047
0.015 -0.039 0.039
0.015 -0.035 0.041
0.007 -0.049 0.053
0.011 -0.047 0.047
0.011 -0.047 0.047
0.007 -0.045 0.061
0.015 -0.039 0.043
0.015 -0.037 0.043
0.011 -0.039 0.053
0.011 -0.037 0.051
0.015 -0.035 0.045
0.013 -0.037 0.049
0.007 -0.049 0.057
0.009 -0.049 0.051
0.009 -0.041 0.057
0.005 -0.047 0.061
0.005 -0.047 0.061
0.009 -0.043 0.059
0.013 -0.037 0.049
0.015 -0.035 0.045
0.015 -0.035 0.043
0.015 -0.033 0.039
0.011 -0.029 0.045
0.015 -0.021 0.033
0.015 -0.029 0.055
0.005 -0.033 0.049
0.001 -0.029 0.047
0.001 -0.027 0.047
0.011 -0.031 0.045
0.015 -0.033 0.043
0.013 -0.029 0.043
0.011 -0.029 0.045
0.009 -0.027 0.045
0.011 -0.029 0.045
0.017 -0.027 0.051
0.013 -0.029 0.053
0.013 -0.029 0.059
0.003 -0.023 0.047
0.003 -0.023 0.047
0.017 -0.027 0.053
0.017 -0.027 0.049
0.017 -0.027 0.057
0.019 -0.025 0.055
0.017 -0.025 0.059
0.017 -0.027 0.057
0.009 -0.005 0.039
0.015 -0.009 0.035
0.015 -0.005 0.037
0.013 -0.007 0.039
0.013 -0.007 0.039
0.015 -0.025 0.061
0.013 -0.023 0.063
0.013 -0.023 0.063
0.015 -0.029 0.055
0.015 -0.029 0.057
0.017 -0.025 0.057
0.017 -0.025 0.059
0.017 -0.025 0.059
0.007 -0.025 0.067
0.017 -0.025 0.059
0.013 -0.023 0.063
0.013 -0.023 0.063
0.019 -0.025 0.055
0.019 -0.025 0.055
0.017 -0.025 0.059
0.013 -0.023 0.063
0.009 -0.023 0.067
-0.001 -0.001 0.053
-0.005 -0.007 0.067
-0.001 -0.005 0.071
0.001 0.003 0.057
0.003 0.017 0.055
-0.001 -0.013 0.081
-0.001 -0.019 0.079
-0.003 -0.001 0.051
0.001 0.001 0.049
-0.005 -0.005 0.057
-0.007 -0.005 0.059
-0.007 -0.005 0.061
-0.001 -0.009 0.079
-0.001 -0.005 0.079
-0.001 -0.001 0.073
-0.001 -0.007 0.079
-0.001 0.001 0.079
-0.001 0.001 0.079
0.005 0.015 0.053
-0.001 -0.011 0.085
-0.001 -0.011 0.085
-0.003 -0.013 0.089
-0.003 -0.013 0.089
-0.003 -0.011 0.089
-0.001 0.009 0.069
-0.001 0.009 0.069
0.001 0.011 0.063
-0.001 -0.003 0.083
-0.001 -0.005 0.083
-0.005 0.011 0.071
-0.003 0.013 0.065
-0.003 0.021 0.069
-0.001 0.009 0.067
-0.005 0.019 0.057
-0.005 0.023 0.065
-0.007 0.023 0.059
-0.003 0.025 0.057
-0.003 0.007 0.077
-0.007 0.021 0.065
-0.003 0.017 0.077
0.001 0.027 0.063
-0.001 0.025 0.065
0.001 0.027 0.063
-0.001 0.023 0.069
0.001 0.025 0.071
-0.001 0.021 0.077
-0.001 0.021 0.073
0.001 0.027 0.065
0.001 0.025 0.071
0.007 0.031 0.059
0.005 0.031 0.067
0.007 0.035 0.063
0.003 0.031 0.069
0.007 0.035 0.063
-0.007 0.019 0.071
-0.003 0.019 0.079
-0.003 0.017 0.079
-0.003 0.019 0.079
0.001 0.021 0.085
0.003 0.039 0.069
0.001 0.035 0.075
-0.007 -0.013 0.091
-0.011 -0.011 0.093
-0.009 -0.009 0.091
-0.009 -0.009 0.091
-0.007 -0.003 0.089
-0.005 0.001 0.083
-0.003 0.003 0.079
-0.001 -0.003 0.083
-0.003 0.001 0.081
-0.003 0.001 0.083
-0.003 0.007 0.077
-0.007 0.015 0.081
-0.009 0.015 0.071
-0.003 0.017 0.077
-0.001 0.021 0.073
-0.003 0.011 0.093
-0.003 0.021 0.071
-0.005 0.007 0.089
-0.003 0.017 0.079
-0.001 0.021 0.079
-0.001 0.021 0.079
-0.009 0.003 0.085
-0.011 -0.005 0.093
-0.011 -0.003 0.091
-0.013 0.011 0.091
-0.001 0.015 0.089
-0.001 0.013 0.093
-0.003 0.009 0.093
-0.003 0.009 0.101
-0.021 0.015 0.091
-0.015 0.015 0.097
-0.005 0.009 0.103
-0.023 0.015 0.093
-0.015 0.007 0.107
-0.011 0.017 0.105
-0.011 0.017 0.107
-0.003 0.015 0.085
-0.003 0.013 0.089
-0.001 0.015 0.093
0.001 0.023 0.101
-0.001 0.021 0.091
0.003 0.025 0.087
0.003 0.025 0.089
0.003 0.025 0.091
0.005 0.031 0.083
0.005 0.031 0.087
0.007 0.033 0.085
0.001 0.019 0.095
-0.001 0.017 0.099
-0.001 0.019 0.105
0.001 0.019 0.107
0.001 0.021 0.101
0.001 0.027 0.103
0.001 0.029 0.103
0.003 0.029 0.101
0.005 0.033 0.095
0.003 0.029 0.101
0.003 0.029 0.101
0.001 0.019 0.107
-0.001 0.019 0.109
-0.009 0.029 0.105
0.003 0.027 0.099
-0.007 0.031 0.105
0.005 0.035 0.099
0.001 0.031 0.105
0.007 0.035 0.097
0.005 0.041 0.099
-0.015 0.005 0.111
-0.015 0.005 0.113
-0.017 0.003 0.113
-0.003 0.009 0.101
-0.005 0.009 0.103
-0.001 0.015 0.097
-0.005 0.007 0.103
-0.005 0.011 0.103
-0.013 0.013 0.109
-0.013 0.017 0.109
-0.013 0.019 0.109
-0.009 0.021 0.109
-0.013 0.021 0.111
-0.013 0.019 0.113
-0.011 0.013 0.107
-0.011 0.017 0.101
-0.011 0.015 0.109
-0.011 0.015 0.109
-0.001 0.017 0.099
-0.001 0.019 0.103
0.001 0.019 0.107
-0.011 0.019 0.109
-0.009 0.023 0.111
-0.013 0.013 0.109
-0.011 0.019 0.109
-0.009 0.021 0.107
-0.009 0.023 0.111
-0.009 0.023 0.111
-0.001 0.021 0.107
-0.017 0.003 0.113
-0.011 0.033 0.105
-0.013 0.035 0.105
-0.005 0.037 0.105
-0.009 0.039 0.105
0.001 0.041 0.101
-0.013 0.031 0.105
-0.011 0.035 0.105
-0.007 0.031 0.105
-0.001 0.047 0.105
0.001 0.047 0.105
0.001 0.051 0.107
0.001 0.051 0.107
-0.003 0.049 0.105
0.001 0.049 0.107
0.013 0.005 0.035
0.013 0.005 0.037
0.013 0.005 0.037
0.015 0.009 0.037
0.009 0.009 0.047
0.009 0.009 0.047
0.009 0.011 0.047
0.011 0.019 0.047
0.019 0.027 0.045
0.005 0.005 0.037
0.007 0.005 0.041
0.005 0.005 0.041
0.005 0.005 0.043
0.011 0.005 0.039
0.007 0.005 0.043
0.015 0.007 0.035
0.015 0.011 0.037
0.015 0.013 0.037
0.007 0.005 0.041
0.009 0.007 0.045
0.007 0.007 0.049
0.011 0.017 0.047
0.013 0.015 0.041
0.015 0.017 0.041
0.015 0.023 0.037
0.013 0.021 0.047
0.013 0.021 0.047
0.021 0.029 0.037
0.019 0.025 0.037
0.019 0.031 0.045
0.003 0.005 0.057
0.001 -0.001 0.063
0.003 0.009 0.057
0.001 0.011 0.061
0.003 0.019 0.055
0.005 0.019 0.053
0.011 0.025 0.053
0.011 0.029 0.053
0.009 0.029 0.055
0.005 0.029 0.063
0.013 0.027 0.049
0.017 0.027 0.047
0.017 0.029 0.047
0.017 0.033 0.045
0.011 0.031 0.055
0.015 0.035 0.045
0.013 0.029 0.051
0.011 0.033 0.053
0.009 0.041 0.051
0.009 0.039 0.057
0.009 0.041 0.053
0.011 0.037 0.051
0.021 0.031 0.039
0.023 0.033 0.037
0.023 0.033 0.037
0.009 0.043 0.055
0.009 0.037 0.055
0.007 0.043 0.057
0.005 0.041 0.067
0.003 0.045 0.065
0.007 0.041 0.061
0.001 0.027 0.075
0.001 0.021 0.087
0.001 0.021 0.087
0.001 0.023 0.087
0.003 0.029 0.087
0.005 0.031 0.067
0.005 0.037 0.067
0.005 0.035 0.069
0.005 0.037 0.069
0.003 0.035 0.073
0.001 0.033 0.075
0.001 0.033 0.075
0.005 0.033 0.089
0.007 0.037 0.087
0.005 0.041 0.089
0.007 0.045 0.089
0.011 0.047 0.085
0.005 0.031 0.097
0.005 0.033 0.089
0.005 0.035 0.099
0.005 0.037 0.099
0.007 0.039 0.099
0.013 0.051 0.085
0.011 0.049 0.087
0.009 0.047 0.087
0.011 0.053 0.089
0.009 0.053 0.091
0.007 0.055 0.091
0.009 0.049 0.097
0.011 0.055 0.089
0.009 0.051 0.099
0.009 0.051 0.103
0.007 0.059 0.093
0.001 0.025 0.105
0.005 0.033 0.099
0.005 0.035 0.099
0.003 0.035 0.103
0.005 0.045 0.101
0.001 0.041 0.101
0.001 0.045 0.103
0.005 0.045 0.101
0.005 0.045 0.101
0.007 0.051 0.105
0.003 0.051 0.107
0.009 0.047 0.099
0.009 0.047 0.101
0.009 0.053 0.105
0.003 0.055 0.105
0.001 0.051 0.107
0.003 0.051 0.107
0.003 0.055 0.105
0.009 0.053 0.105
