-0.009 -0.041 0.031
-0.003 -0.043 0.033
-0.013 -0.037 0.035
-0.007 -0.037 0.039
-0.005 -0.039 0.041
-0.001 -0.041 0.045
-0.001 -0.049 0.061
-0.005 -0.047 0.063
-0.007 -0.045 0.063
-0.017 -0.033 0.035
-0.023 -0.027 0.037
-0.019 -0.031 0.039
-0.027 -0.023 0.035
-0.025 -0.021 0.041
-0.023 -0.027 0.037
-0.019 -0.031 0.037
-0.021 -0.029 0.039
-0.023 -0.027 0.041
-0.019 -0.031 0.039
-0.021 -0.027 0.041
-0.025 -0.021 0.041
-0.021 -0.025 0.049
-0.007 -0.041 0.037
-0.007 -0.039 0.039
-0.005 -0.039 0.041
-0.015 -0.035 0.037
-0.019 -0.031 0.037
-0.009 -0.033 0.043
-0.027 -0.019 0.041
-0.019 -0.029 0.041
-0.021 -0.027 0.043
-0.023 -0.021 0.043
-0.021 -0.025 0.047
-0.007 -0.039 0.039
-0.009 -0.033 0.043
-0.015 -0.027 0.051
-0.021 -0.023 0.051
-0.021 -0.023 0.055
-0.019 -0.031 0.063
-0.019 -0.027 0.059
-0.011 -0.031 0.055
-0.009 -0.033 0.057
-0.013 -0.029 0.053
-0.007 -0.031 0.055
-0.007 -0.031 0.055
-0.005 -0.031 0.053
-0.005 -0.031 0.055
-0.007 -0.045 0.059
-0.007 -0.045 0.063
-0.011 -0.041 0.067
-0.021 -0.023 0.051
-0.021 -0.021 0.053
-0.007 -0.033 0.057
-0.019 -0.027 0.057
-0.019 -0.027 0.057
-0.019 -0.027 0.059
-0.013 -0.029 0.053
-0.013 -0.033 0.059
-0.015 -0.035 0.063
-0.019 -0.031 0.061
-0.017 -0.033 0.063
-0.017 -0.033 0.065
-0.017 -0.033 0.065
-0.009 -0.035 0.061
-0.007 -0.055 0.077
-0.007 -0.055 0.079
-0.019 -0.033 0.073
-0.017 -0.035 0.079
-0.001 -0.047 0.067
-0.009 -0.043 0.067
-0.011 -0.041 0.067
-0.007 -0.045 0.067
-0.007 -0.045 0.069
-0.011 -0.047 0.075
-0.009 -0.053 0.081
-0.009 -0.053 0.081
-0.011 -0.047 0.077
-0.009 -0.051 0.077
-0.009 -0.049 0.077
-0.011 -0.049 0.081
-0.009 -0.053 0.081
-0.005 -0.055 0.087
-0.005 -0.055 0.085
-0.007 -0.051 0.087
-0.013 -0.037 0.081
-0.013 -0.035 0.085
-0.009 -0.045 0.085
-0.013 -0.033 0.089
-0.019 -0.031 0.069
-0.019 -0.033 0.069
-0.019 -0.033 0.067
-0.021 -0.027 0.073
-0.019 -0.033 0.077
-0.019 -0.033 0.077
-0.021 -0.025 0.079
-0.021 -0.025 0.079
-0.007 -0.045 0.067
-0.017 -0.035 0.067
-0.009 -0.045 0.069
-0.007 -0.053 0.077
-0.017 -0.035 0.075
-0.019 -0.033 0.077
-0.011 -0.047 0.077
-0.011 -0.047 0.079
-0.009 -0.053 0.081
-0.019 -0.005 0.069
-0.021 -0.025 0.075
-0.021 -0.025 0.079
-0.019 -0.011 0.075
-0.021 -0.007 0.079
-0.015 -0.037 0.071
-0.013 -0.043 0.075
-0.013 -0.037 0.069
-0.013 -0.043 0.075
-0.011 -0.045 0.073
-0.019 -0.033 0.075
-0.013 -0.037 0.075
-0.011 -0.043 0.077
-0.011 -0.047 0.077
-0.019 -0.029 0.083
-0.017 -0.031 0.085
-0.019 -0.027 0.085
-0.021 -0.025 0.081
-0.019 -0.025 0.087
-0.009 -0.049 0.085
-0.013 -0.027 0.093
-0.017 -0.023 0.091
-0.013 -0.027 0.093
-0.021 -0.017 0.083
-0.021 -0.021 0.085
-0.021 -0.013 0.083
-0.009 -0.051 0.083
-0.009 -0.049 0.083
-0.011 -0.045 0.083
-0.011 -0.045 0.083
-0.009 -0.043 0.085
-0.011 -0.033 0.089
-0.013 -0.019 0.095
-0.013 -0.023 0.095
-0.015 -0.025 0.091
-0.013 -0.027 0.091
-0.015 -0.021 0.093
-0.015 -0.021 0.093
-0.015 -0.021 0.093
-0.003 -0.043 0.035
0.001 -0.043 0.035
0.003 -0.045 0.039
-0.001 -0.043 0.035
0.013 -0.045 0.041
0.003 -0.047 0.043
0.013 -0.045 0.045
0.009 -0.049 0.047
0.009 -0.049 0.049
0.015 -0.043 0.045
-0.001 -0.047 0.051
0.011 -0.047 0.045
0.005 -0.049 0.055
0.005 -0.049 0.059
0.003 -0.049 0.049
0.007 -0.049 0.057
0.009 -0.049 0.051
0.003 -0.049 0.061
0.009 -0.047 0.057
0.001 -0.049 0.059
-0.003 -0.043 0.039
0.001 -0.045 0.041
0.005 -0.047 0.041
-0.005 -0.043 0.037
0.005 -0.045 0.039
0.003 -0.045 0.039
0.005 -0.047 0.041
0.007 -0.045 0.039
0.005 -0.047 0.041
0.003 -0.047 0.043
-0.001 -0.043 0.047
0.001 -0.047 0.049
0.001 -0.031 0.047
0.005 -0.049 0.049
0.005 -0.049 0.051
-0.001 -0.041 0.051
0.001 -0.023 0.047
0.001 -0.049 0.051
0.007 -0.049 0.051
-0.005 -0.039 0.043
-0.001 -0.045 0.043
0.003 -0.045 0.039
0.005 -0.045 0.039
0.003 -0.047 0.043
0.001 -0.047 0.045
-0.003 -0.043 0.041
-0.005 -0.031 0.043
0.001 -0.045 0.041
-0.001 -0.047 0.047
0.001 -0.049 0.053
-0.001 -0.049 0.055
-0.003 -0.049 0.057
0.001 -0.049 0.053
0.007 -0.049 0.053
-0.001 -0.047 0.067
0.003 -0.045 0.065
0.013 -0.027 0.061
0.001 -0.047 0.063
-0.003 -0.047 0.067
-0.001 -0.047 0.067
0.009 -0.049 0.053
-0.003 -0.025 0.051
-0.001 -0.047 0.067
-0.003 -0.047 0.067
0.001 -0.043 0.067
-0.019 -0.031 0.039
-0.021 -0.029 0.039
-0.011 -0.033 0.041
-0.013 -0.033 0.041
-0.027 -0.015 0.039
-0.027 -0.021 0.039
-0.019 -0.029 0.041
-0.013 -0.033 0.041
-0.021 -0.027 0.043
-0.017 -0.029 0.043
-0.023 -0.019 0.045
-0.021 -0.019 0.047
-0.019 0.009 0.047
-0.021 -0.025 0.045
-0.017 -0.029 0.043
-0.013 -0.031 0.045
-0.019 -0.027 0.051
-0.011 -0.027 0.049
-0.009 -0.029 0.053
-0.021 -0.025 0.047
-0.025 0.017 0.033
-0.025 0.017 0.035
-0.023 0.015 0.037
-0.025 0.017 0.035
-0.027 -0.019 0.041
-0.023 0.019 0.039
-0.013 -0.031 0.043
-0.013 -0.031 0.043
-0.023 -0.021 0.043
-0.017 -0.029 0.043
-0.019 0.003 0.051
-0.019 0.001 0.055
-0.019 -0.001 0.059
-0.021 0.001 0.063
-0.019 -0.003 0.061
-0.021 -0.019 0.057
-0.019 -0.031 0.061
-0.015 -0.035 0.063
-0.015 -0.035 0.063
-0.015 -0.035 0.063
-0.019 0.003 0.053
-0.021 -0.019 0.059
-0.021 -0.025 0.059
-0.019 -0.031 0.063
-0.015 -0.035 0.063
-0.021 -0.025 0.063
-0.021 -0.027 0.069
-0.019 -0.031 0.065
-0.019 -0.031 0.065
-0.023 0.019 0.041
-0.021 0.011 0.041
-0.023 0.017 0.043
-0.023 0.025 0.039
-0.023 0.013 0.039
-0.023 0.015 0.041
-0.021 0.033 0.041
-0.021 0.031 0.049
-0.021 0.025 0.043
-0.021 0.015 0.051
-0.025 -0.017 0.045
-0.025 -0.017 0.045
-0.023 -0.019 0.045
-0.021 0.011 0.045
-0.019 0.007 0.049
-0.021 0.013 0.051
-0.021 -0.019 0.055
-0.023 0.013 0.039
-0.021 0.025 0.043
-0.021 0.013 0.043
-0.021 -0.023 0.055
-0.021 0.013 0.053
-0.019 0.005 0.055
-0.019 -0.001 0.061
-0.021 -0.017 0.057
-0.021 -0.025 0.063
-0.017 -0.005 0.063
-0.019 -0.031 0.067
-0.021 -0.003 0.069
-0.019 -0.009 0.073
-0.021 -0.007 0.075
-0.019 -0.011 0.075
-0.013 -0.043 0.075
-0.013 -0.043 0.075
-0.019 -0.005 0.069
-0.019 -0.033 0.071
-0.019 -0.033 0.071
-0.013 -0.037 0.073
-0.011 -0.043 0.077
-0.013 -0.037 0.079
-0.013 -0.037 0.081
-0.019 -0.031 0.077
-0.019 -0.031 0.081
-0.021 -0.025 0.081
-0.017 -0.033 0.081
-0.017 -0.031 0.083
-0.021 -0.005 0.079
-0.021 -0.003 0.077
-0.021 -0.027 0.071
-0.021 -0.025 0.075
-0.021 -0.009 0.075
-0.017 -0.035 0.071
-0.019 -0.033 0.073
-0.019 -0.033 0.075
-0.021 -0.025 0.079
-0.021 -0.025 0.081
-0.021 -0.019 0.081
-0.015 -0.035 0.077
-0.017 -0.033 0.081
-0.021 -0.011 0.077
-0.021 0.015 0.091
-0.017 -0.031 0.085
-0.019 -0.027 0.085
-0.021 -0.021 0.087
-0.021 -0.021 0.087
-0.019 -0.021 0.089
-0.015 -0.029 0.089
-0.005 0.005 0.095
-0.013 0.011 0.091
-0.015 0.011 0.091
-0.015 0.011 0.093
-0.013 -0.015 0.095
-0.017 0.015 0.091
-0.023 0.017 0.091
-0.017 0.017 0.095
-0.013 -0.033 0.087
-0.017 0.017 0.085
-0.015 -0.033 0.085
-0.017 -0.029 0.087
-0.015 -0.029 0.089
-0.015 -0.029 0.089
-0.021 -0.005 0.071
-0.021 -0.009 0.075
-0.021 -0.025 0.083
-0.019 -0.031 0.079
-0.017 0.015 0.087
-0.019 -0.017 0.089
-0.019 -0.025 0.087
-0.017 -0.029 0.087
-0.019 -0.023 0.089
-0.021 -0.015 0.085
-0.021 -0.013 0.087
-0.021 -0.019 0.085
-0.019 -0.015 0.089
-0.017 -0.029 0.087
-0.019 -0.025 0.087
-0.019 -0.025 0.087
-0.019 -0.021 0.089
-0.017 -0.023 0.091
-0.019 0.017 0.091
-0.017 0.017 0.093
-0.013 0.013 0.097
-0.017 -0.023 0.091
-0.015 -0.025 0.091
-0.017 -0.023 0.091
-0.015 -0.025 0.091
-0.011 0.015 0.097
-0.011 0.015 0.097
-0.011 0.015 0.097
-0.019 -0.025 0.087
-0.017 -0.023 0.091
-0.015 0.013 0.095
-0.023 0.015 0.101
-0.005 0.007 0.097
-0.007 0.005 0.101
-0.003 0.009 0.101
-0.015 0.007 0.109
-0.015 0.005 0.111
-0.017 0.003 0.111
-0.023 0.013 0.097
-0.017 0.019 0.099
-0.023 0.015 0.101
-0.017 0.021 0.101
-0.025 0.017 0.097
-0.019 0.023 0.103
-0.015 0.019 0.101
-0.013 0.017 0.103
-0.005 0.009 0.099
-0.003 0.009 0.101
-0.009 0.019 0.103
-0.005 0.007 0.101
-0.013 0.009 0.107
-0.003 0.017 0.107
-0.013 0.009 0.107
-0.017 0.003 0.111
-0.015 0.007 0.109
-0.009 0.019 0.105
-0.005 0.021 0.105
-0.005 0.021 0.105
-0.017 0.001 0.113
-0.015 0.005 0.113
-0.021 0.015 0.097
-0.019 0.017 0.099
-0.015 0.021 0.103
-0.007 0.007 0.103
-0.017 0.021 0.101
-0.013 0.015 0.099
-0.011 0.015 0.099
-0.013 0.017 0.103
-0.011 0.017 0.101
-0.015 0.019 0.105
-0.013 0.013 0.105
-0.015 0.013 0.105
-0.015 0.013 0.105
-0.009 0.019 0.105
-0.005 0.021 0.105
-0.013 0.015 0.099
-0.013 0.017 0.103
-0.003 -0.043 0.041
-0.001 -0.045 0.041
-0.005 -0.039 0.043
-0.007 -0.035 0.041
-0.003 -0.041 0.043
-0.003 -0.041 0.043
0.001 -0.035 0.047
-0.009 -0.035 0.041
-0.007 -0.029 0.045
-0.001 -0.045 0.043
-0.001 -0.047 0.047
-0.001 -0.041 0.049
-0.005 -0.029 0.047
-0.005 -0.029 0.051
-0.005 -0.031 0.053
0.003 -0.019 0.049
-0.003 -0.041 0.055
-0.001 -0.023 0.051
-0.001 -0.029 0.047
-0.009 -0.031 0.043
-0.005 -0.031 0.043
-0.005 -0.029 0.049
-0.001 -0.029 0.047
0.001 -0.025 0.047
-0.001 -0.045 0.051
-0.003 -0.043 0.055
-0.001 -0.047 0.047
-0.001 -0.047 0.047
-0.007 -0.031 0.055
-0.005 -0.043 0.057
-0.009 -0.035 0.061
-0.007 -0.035 0.059
-0.009 -0.043 0.063
-0.009 -0.041 0.063
-0.011 -0.043 0.069
-0.011 -0.043 0.069
-0.011 -0.037 0.065
-0.011 -0.035 0.061
-0.009 -0.041 0.063
-0.007 -0.045 0.061
-0.007 -0.045 0.059
-0.009 -0.045 0.065
-0.009 -0.029 0.045
-0.007 -0.029 0.051
-0.005 -0.029 0.051
-0.011 -0.027 0.051
-0.005 -0.031 0.053
-0.009 -0.029 0.053
-0.009 -0.031 0.055
-0.001 -0.047 0.051
-0.001 -0.047 0.051
-0.001 -0.049 0.053
-0.001 -0.029 0.047
-0.001 -0.049 0.055
-0.003 -0.049 0.057
-0.017 -0.029 0.055
-0.015 -0.031 0.059
-0.009 -0.035 0.059
-0.011 -0.041 0.067
-0.013 -0.037 0.071
-0.013 -0.037 0.079
-0.013 -0.037 0.081
-0.011 -0.031 0.091
-0.013 -0.027 0.093
-0.015 -0.037 0.073
-0.013 -0.037 0.079
-0.011 -0.033 0.089
-0.011 -0.031 0.091
-0.011 -0.031 0.091
-0.011 -0.031 0.091
-0.009 -0.033 0.087
-0.011 -0.033 0.089
-0.013 -0.027 0.093
0.001 0.019 0.095
-0.011 -0.029 0.091
-0.003 0.009 0.097
-0.005 0.007 0.097
-0.009 -0.027 0.091
-0.017 -0.027 0.089
-0.017 -0.027 0.089
-0.013 -0.027 0.093
-0.013 -0.025 0.093
0.003 0.025 0.097
0.001 0.021 0.097
-0.003 0.011 0.099
-0.001 0.019 0.105
-0.005 0.007 0.103
0.001 0.021 0.101
-0.007 0.007 0.099
0.009 0.045 0.101
-0.003 0.017 0.105
-0.005 0.007 0.101
-0.007 0.007 0.103
-0.003 0.009 0.101
-0.003 0.019 0.105
-0.005 0.021 0.105
