-0.001 -0.023 0.049
0.001 -0.027 0.047
0.001 0.027 0.103
0.003 0.035 0.101
-0.005 -0.043 0.081
-0.009 -0.021 0.093
-0.011 -0.027 0.093
-0.007 0.007 0.103
-0.003 0.019 0.109
-0.015 -0.015 0.093
-0.019 -0.009 0.089
-0.003 -0.013 0.087
-0.005 -0.007 0.089
-0.007 0.007 0.103
0.015 -0.021 0.057
0.007 -0.039 0.059
0.007 -0.021 0.065
0.013 -0.015 0.037
0.007 -0.015 0.051
0.015 -0.017 0.043
0.005 -0.009 0.043
0.011 -0.021 0.063
0.001 0.001 0.071
0.005 0.055 0.105
0.007 0.059 0.087
0.003 0.045 0.065
0.003 0.055 0.101
-0.007 0.051 0.047
-0.015 0.053 0.037
-0.011 0.051 0.037
-0.003 0.029 0.105
0.001 0.037 0.105
0.009 0.051 0.099
-0.019 0.025 0.107
0.003 0.031 0.103
-0.001 0.051 0.107
0.003 0.055 0.103
-0.001 0.057 0.089
-0.011 0.025 0.113
-0.013 0.039 0.103
-0.001 0.049 0.107
0.009 0.041 0.085
0.007 0.063 0.093
0.003 0.027 0.099
-0.001 -0.045 0.049
-0.023 -0.025 0.041
-0.017 -0.031 0.041
-0.021 -0.023 0.059
-0.017 -0.035 0.069
-0.013 -0.037 0.071
-0.013 -0.037 0.077
-0.017 -0.035 0.071
-0.019 -0.033 0.077
-0.019 -0.017 0.089
0.003 -0.049 0.061
-0.001 -0.033 0.045
-0.015 -0.029 0.047
-0.011 -0.031 0.055
-0.015 -0.031 0.059
-0.025 0.017 0.035
-0.025 -0.015 0.045
-0.021 -0.017 0.049
-0.025 -0.015 0.045
-0.023 0.029 0.035
-0.023 0.015 0.039
-0.017 0.001 0.051
-0.019 0.029 0.049
-0.021 0.001 0.063
-0.021 0.035 0.045
-0.013 0.031 0.059
-0.013 0.039 0.065
-0.021 -0.013 0.081
-0.015 0.033 0.071
-0.023 0.017 0.091
-0.021 0.015 0.091
-0.011 0.043 0.085
-0.025 0.015 0.101
-0.015 0.039 0.099
-0.017 0.015 0.109
-0.017 -0.029 0.057
-0.017 -0.027 0.053
-0.019 -0.023 0.065
-0.021 0.015 0.051
-0.021 0.003 0.065
-0.021 -0.005 0.077
-0.011 0.027 0.061
-0.013 0.011 0.081
-0.015 0.011 0.093
-0.017 0.013 0.109
-0.003 -0.043 0.037
0.001 -0.045 0.039
0.013 -0.043 0.047
0.011 -0.043 0.053
0.003 -0.049 0.061
0.009 -0.041 0.057
-0.001 -0.023 0.059
-0.001 -0.019 0.057
-0.001 -0.023 0.063
-0.005 -0.045 0.069
-0.005 -0.045 0.071
-0.001 -0.029 0.069
0.003 -0.021 0.073
0.015 -0.039 0.045
0.003 -0.049 0.055
0.011 -0.043 0.053
0.013 -0.029 0.035
0.017 -0.021 0.033
0.013 -0.015 0.033
0.013 -0.029 0.055
0.011 -0.025 0.063
0.003 -0.045 0.065
0.015 -0.025 0.045
0.013 -0.025 0.043
0.015 -0.023 0.043
0.015 -0.025 0.045
0.009 0.005 0.043
0.005 0.007 0.053
0.005 0.031 0.063
0.001 0.001 0.071
-0.003 -0.011 0.077
-0.005 0.023 0.065
-0.003 -0.009 0.087
-0.005 0.007 0.089
-0.005 0.009 0.091
0.003 0.031 0.069
-0.005 0.017 0.107
-0.001 0.017 0.095
0.005 0.031 0.097
0.005 0.037 0.099
0.009 0.041 0.099
0.015 0.013 0.033
0.015 0.025 0.035
0.003 0.003 0.053
0.003 0.005 0.055
0.015 0.021 0.037
0.023 0.033 0.043
0.017 0.027 0.047
0.003 0.029 0.071
0.003 0.029 0.091
0.005 0.033 0.083
0.011 0.047 0.085
0.011 0.037 0.049
0.003 0.047 0.063
0.011 0.035 0.055
0.001 0.035 0.075
0.005 0.009 0.055
0.005 0.043 0.065
0.005 0.035 0.069
-0.001 -0.015 0.085
-0.001 -0.003 0.083
-0.001 -0.017 0.085
-0.003 -0.019 0.075
-0.003 0.035 0.077
0.001 0.061 0.087
-0.003 -0.011 0.089
0.005 0.053 0.101
0.017 -0.021 0.047
0.017 -0.023 0.057
0.009 -0.021 0.065
0.011 -0.013 0.037
0.009 -0.017 0.053
0.007 -0.021 0.063
0.005 -0.021 0.071
0.007 0.047 0.043
0.007 0.035 0.059
-0.015 0.049 0.041
-0.015 0.053 0.037
-0.003 0.047 0.035
0.001 0.031 0.077
-0.003 0.061 0.083
-0.003 0.059 0.099
-0.009 0.045 0.065
-0.007 0.043 0.071
-0.007 0.051 0.083
-0.003 0.055 0.089
0.003 0.061 0.085
-0.009 0.023 0.109
-0.007 0.041 0.105
-0.003 0.033 0.105
0.003 0.051 0.107
0.003 0.051 0.107
-0.003 0.059 0.099
0.001 0.047 0.097
0.015 0.039 0.041
0.007 0.045 0.037
0.013 0.039 0.043
0.017 0.033 0.045
0.021 0.029 0.033
0.001 0.003 0.061
0.005 0.037 0.065
0.009 0.043 0.047
0.007 0.041 0.061
0.003 0.051 0.049
0.011 0.055 0.083
0.003 0.035 0.073
0.009 0.057 0.089
0.009 0.047 0.099
0.015 -0.017 0.041
0.011 -0.037 0.051
-0.003 -0.037 0.063
-0.007 -0.007 0.039
0.011 -0.021 0.063
-0.003 -0.031 0.081
-0.001 -0.003 0.073
-0.011 -0.019 0.095
-0.007 -0.007 0.091
0.015 -0.039 0.041
0.011 -0.035 0.049
0.003 -0.039 0.061
0.017 -0.019 0.045
0.015 -0.023 0.061
0.017 -0.023 0.057
0.011 0.013 0.041
0.007 0.011 0.049
0.021 0.033 0.045
0.009 0.041 0.055
0.003 0.049 0.039
0.007 0.047 0.047
-0.009 0.009 0.079
0.001 0.023 0.073
-0.001 0.021 0.075
-0.003 0.019 0.079
0.001 0.023 0.087
-0.001 0.043 0.071
0.007 0.045 0.089
-0.001 0.037 0.091
-0.003 0.019 0.109
-0.013 0.011 0.109
0.019 0.033 0.045
0.005 0.049 0.055
0.009 -0.043 0.035
0.015 -0.035 0.041
0.013 -0.035 0.049
-0.001 -0.025 0.063
0.011 -0.025 0.065
0.017 -0.023 0.059
0.007 -0.023 0.069
-0.009 -0.009 0.067
-0.005 -0.013 0.091
0.011 -0.033 0.031
0.011 -0.047 0.045
0.013 -0.017 0.039
0.009 -0.013 0.047
0.011 -0.017 0.051
0.015 0.007 0.035
-0.001 0.003 0.041
0.013 -0.005 0.039
0.005 0.005 0.037
0.015 0.021 0.041
0.001 -0.001 0.067
-0.001 0.011 0.065
-0.001 0.003 0.077
-0.009 0.015 0.081
-0.001 0.015 0.095
0.005 0.035 0.093
0.009 0.043 0.095
0.009 0.045 0.099
0.013 0.013 0.039
0.003 0.005 0.045
0.019 0.025 0.037
0.019 0.029 0.045
0.003 0.025 0.091
0.003 0.029 0.089
0.003 0.027 0.095
0.005 0.045 0.089
-0.003 -0.043 0.041
-0.027 -0.021 0.039
-0.027 -0.017 0.041
-0.021 -0.025 0.063
-0.017 -0.017 0.063
-0.015 -0.015 0.063
-0.011 -0.043 0.077
-0.007 -0.053 0.083
-0.019 -0.013 0.089
0.005 -0.037 0.053
-0.023 -0.019 0.043
-0.019 -0.025 0.051
-0.019 -0.025 0.051
-0.019 -0.013 0.049
-0.021 -0.019 0.059
-0.019 -0.015 0.059
-0.021 -0.019 0.059
-0.011 0.039 0.033
-0.021 0.025 0.043
-0.019 0.003 0.051
-0.019 0.009 0.057
-0.013 0.015 0.075
-0.015 0.027 0.069
-0.017 0.019 0.077
-0.015 0.029 0.077
-0.017 0.031 0.085
-0.017 0.031 0.085
-0.013 0.035 0.073
-0.011 0.037 0.075
-0.013 0.041 0.085
-0.015 0.035 0.089
-0.015 0.041 0.093
-0.021 0.023 0.103
-0.013 0.039 0.103
-0.013 0.035 0.105
-0.005 0.057 0.097
-0.019 0.005 0.063
-0.017 0.013 0.061
-0.013 0.031 0.061
-0.019 0.041 0.045
-0.015 0.041 0.057
-0.017 0.025 0.077
-0.021 0.025 0.087
-0.011 0.043 0.069
-0.013 0.039 0.089
0.003 0.059 0.091
-0.005 0.047 0.101
-0.003 -0.045 0.071
-0.013 -0.037 0.075
-0.017 -0.035 0.079
-0.009 -0.045 0.065
-0.013 -0.043 0.075
-0.011 -0.045 0.083
-0.001 -0.031 0.073
-0.005 -0.031 0.085
-0.007 -0.011 0.091
0.003 -0.049 0.047
0.005 -0.049 0.059
0.015 -0.029 0.051
0.011 -0.029 0.057
0.011 -0.025 0.065
-0.011 -0.041 0.071
-0.007 -0.055 0.077
-0.003 -0.045 0.071
-0.013 -0.037 0.069
-0.021 -0.025 0.079
-0.021 -0.025 0.079
-0.013 -0.035 0.087
-0.015 -0.029 0.089
-0.007 -0.019 0.091
-0.007 -0.019 0.091
-0.003 -0.017 0.089
-0.011 -0.023 0.095
-0.007 0.007 0.089
-0.005 0.007 0.101
-0.021 0.017 0.101
-0.005 0.025 0.105
-0.003 0.031 0.105
-0.003 -0.051 0.081
0.015 0.027 0.047
0.019 0.025 0.041
0.011 0.019 0.049
0.011 0.023 0.051
0.001 0.021 0.097
0.011 0.049 0.087
0.003 0.031 0.103
-0.003 -0.029 0.085
-0.003 -0.027 0.087
-0.003 -0.027 0.087
-0.005 -0.031 0.085
-0.003 -0.031 0.083
-0.027 -0.017 0.041
-0.019 0.005 0.113
-0.007 0.005 0.101
-0.007 -0.045 0.087
-0.007 -0.049 0.087
-0.007 -0.033 0.085
-0.019 -0.019 0.089
-0.001 -0.023 0.085
-0.003 -0.013 0.089
-0.003 -0.005 0.087
-0.001 -0.015 0.085
-0.005 -0.025 0.089
-0.007 -0.013 0.091
0.003 -0.041 0.065
-0.001 -0.001 0.081
-0.021 0.027 0.045
-0.013 0.037 0.103
-0.019 0.007 0.071
-0.005 0.023 0.105
-0.011 0.027 0.109
-0.015 0.041 0.057
-0.011 0.003 0.089
-0.015 0.023 0.107
-0.011 0.043 0.101
-0.001 0.047 0.105
-0.005 0.051 0.101
-0.003 0.013 0.103
-0.005 0.013 0.103
-0.013 0.029 0.105
-0.003 0.045 0.103
-0.001 0.059 0.103
0.019 0.037 0.043
0.007 0.045 0.101
0.001 0.049 0.107
-0.005 -0.043 0.035
-0.001 -0.045 0.041
0.001 -0.049 0.059
-0.003 -0.049 0.059
0.003 -0.043 0.037
0.003 -0.045 0.039
-0.019 -0.027 0.051
-0.019 -0.027 0.051
-0.011 -0.045 0.073
0.001 -0.047 0.065
-0.017 -0.033 0.081
-0.011 -0.033 0.089
0.013 -0.045 0.045
0.013 -0.045 0.047
-0.009 -0.033 0.043
0.003 -0.045 0.041
-0.001 -0.047 0.047
-0.007 -0.039 0.039
-0.003 -0.041 0.043
0.003 -0.045 0.039
0.001 -0.049 0.059
0.005 -0.047 0.061
0.003 -0.047 0.043
-0.001 -0.031 0.073
-0.001 -0.027 0.081
-0.001 0.017 0.087
-0.005 0.009 0.091
-0.001 0.017 0.091
-0.003 0.009 0.101
0.001 0.023 0.101
-0.003 0.013 0.103
-0.001 0.015 0.103
0.019 0.027 0.045
0.017 -0.027 0.053
0.017 -0.025 0.059
0.001 0.023 0.089
0.003 0.029 0.065
-0.017 -0.033 0.035
-0.001 -0.045 0.049
-0.019 -0.031 0.061
-0.027 -0.015 0.041
-0.023 -0.021 0.043
-0.021 -0.011 0.043
-0.011 -0.009 0.035
-0.019 -0.021 0.065
-0.019 -0.021 0.075
-0.021 -0.013 0.079
-0.021 -0.011 0.083
-0.019 -0.011 0.041
-0.017 -0.009 0.041
-0.015 -0.009 0.045
-0.019 -0.003 0.063
-0.025 0.021 0.033
-0.019 0.009 0.047
-0.009 0.017 0.065
-0.017 0.019 0.051
-0.013 0.021 0.055
-0.011 0.047 0.043
-0.019 0.035 0.053
-0.017 0.035 0.055
-0.011 0.015 0.065
-0.011 0.013 0.069
-0.015 0.019 0.073
-0.023 0.021 0.089
-0.021 0.021 0.085
-0.011 0.043 0.069
-0.015 0.039 0.097
-0.011 0.045 0.097
-0.009 0.049 0.093
-0.021 0.027 0.105
-0.023 0.049 0.037
-0.021 0.029 0.045
-0.021 0.027 0.043
-0.019 0.035 0.041
-0.017 0.043 0.041
-0.017 0.035 0.095
-0.013 0.041 0.095
-0.001 0.061 0.085
-0.011 0.037 0.105
-0.001 -0.047 0.067
-0.005 -0.043 0.073
-0.005 -0.033 0.083
-0.001 -0.001 0.055
-0.017 -0.035 0.079
-0.007 -0.041 0.087
-0.001 -0.029 0.071
-0.011 -0.009 0.095
0.007 -0.047 0.059
0.009 -0.043 0.059
0.015 -0.035 0.043
0.013 -0.021 0.061
0.009 -0.005 0.039
0.017 -0.025 0.059
-0.007 -0.005 0.059
-0.001 0.001 0.079
-0.001 -0.003 0.081
-0.005 0.021 0.069
-0.001 0.021 0.075
0.005 0.033 0.069
-0.003 0.005 0.077
-0.003 0.021 0.071
-0.007 0.015 0.077
-0.003 0.013 0.097
-0.009 -0.005 0.091
-0.001 0.015 0.103
0.003 0.029 0.099
-0.003 0.029 0.105
-0.017 0.001 0.113
-0.015 0.015 0.097
-0.013 0.015 0.099
-0.011 0.031 0.105
0.009 0.019 0.049
0.021 0.029 0.039
0.007 0.005 0.043
0.003 0.005 0.051
0.017 0.037 0.043
0.009 0.041 0.051
0.007 0.045 0.057
0.007 0.041 0.061
0.005 0.033 0.099
0.011 0.047 0.085
0.013 0.049 0.085
