-0.001 -0.041 0.031
-0.001 -0.041 0.031
-0.001 -0.039 0.031
0.009 -0.041 0.033
0.013 -0.037 0.033
0.013 -0.035 0.033
-0.007 -0.043 0.033
-0.003 -0.043 0.035
-0.005 -0.043 0.035
-0.015 -0.033 0.039
-0.003 -0.043 0.037
-0.001 -0.045 0.041
0.001 -0.047 0.045
-0.001 -0.049 0.059
-0.001 -0.049 0.061
-0.015 -0.033 0.039
-0.029 -0.023 0.037
-0.015 -0.033 0.039
-0.001 -0.045 0.041
0.007 -0.045 0.039
0.009 -0.045 0.039
0.007 -0.047 0.043
-0.001 -0.043 0.035
0.007 -0.045 0.037
0.005 -0.045 0.039
0.013 -0.041 0.035
0.013 -0.041 0.035
0.013 -0.045 0.045
0.013 -0.045 0.045
0.015 -0.043 0.045
0.013 -0.041 0.035
0.015 -0.035 0.035
0.015 -0.035 0.037
0.015 -0.043 0.045
0.011 -0.025 0.045
0.007 -0.049 0.057
0.009 -0.047 0.055
-0.001 -0.021 0.055
0.007 -0.049 0.057
-0.003 -0.025 0.057
-0.001 -0.025 0.059
0.009 -0.047 0.055
-0.001 -0.023 0.057
-0.001 -0.023 0.059
-0.007 -0.051 0.073
-0.005 -0.055 0.077
-0.009 -0.045 0.069
-0.009 -0.045 0.071
-0.005 -0.047 0.065
0.003 -0.045 0.065
-0.005 -0.053 0.075
-0.005 -0.045 0.073
-0.003 -0.047 0.085
-0.005 -0.033 0.083
-0.003 -0.045 0.069
-0.003 -0.033 0.069
-0.005 -0.045 0.073
-0.005 -0.045 0.075
-0.001 -0.031 0.069
-0.003 -0.033 0.067
-0.001 -0.031 0.071
-0.001 -0.029 0.069
-0.001 -0.021 0.077
-0.001 -0.031 0.073
-0.001 -0.031 0.075
-0.001 -0.017 0.079
-0.001 -0.005 0.079
-0.003 -0.045 0.081
-0.009 -0.037 0.083
-0.003 -0.047 0.083
-0.009 -0.033 0.087
-0.005 -0.029 0.087
-0.003 -0.045 0.081
-0.005 -0.021 0.091
-0.001 -0.023 0.083
-0.007 -0.027 0.089
-0.001 -0.019 0.085
-0.003 -0.021 0.089
-0.005 -0.013 0.091
-0.003 -0.019 0.087
-0.003 -0.015 0.089
-0.005 -0.013 0.091
0.011 -0.035 0.031
0.011 -0.031 0.031
0.005 -0.045 0.039
0.011 -0.045 0.039
0.011 -0.039 0.033
0.015 -0.035 0.037
0.005 -0.047 0.043
0.009 -0.049 0.047
0.011 -0.047 0.047
0.013 -0.045 0.047
0.013 -0.041 0.047
0.001 -0.049 0.059
0.009 -0.047 0.055
0.011 -0.045 0.055
0.013 -0.043 0.049
0.013 -0.039 0.049
0.013 -0.035 0.033
0.013 -0.033 0.033
0.015 -0.033 0.039
0.015 -0.033 0.035
0.015 -0.041 0.045
0.015 -0.023 0.043
0.011 -0.023 0.033
0.015 -0.009 0.033
0.013 -0.017 0.037
0.015 -0.021 0.035
0.015 -0.019 0.039
0.015 -0.009 0.035
0.015 -0.023 0.041
0.017 -0.025 0.047
0.013 -0.037 0.049
0.011 -0.027 0.051
0.011 -0.027 0.061
0.011 -0.027 0.061
0.013 -0.013 0.033
0.015 -0.009 0.033
0.015 -0.019 0.035
0.013 -0.011 0.035
0.015 0.007 0.035
0.015 -0.021 0.035
0.013 -0.025 0.045
0.009 -0.025 0.049
0.015 -0.027 0.047
0.017 -0.025 0.047
0.011 -0.023 0.037
0.017 -0.019 0.045
0.015 -0.007 0.035
0.015 -0.009 0.037
-0.001 -0.019 0.051
0.015 -0.029 0.051
0.015 -0.027 0.059
0.001 0.009 0.063
0.003 0.007 0.059
0.001 0.013 0.059
0.001 0.009 0.061
0.011 0.007 0.041
0.003 0.005 0.047
0.015 0.007 0.035
0.013 0.007 0.037
0.015 0.011 0.037
0.013 0.013 0.039
0.009 0.017 0.047
0.013 0.005 0.037
0.013 0.013 0.039
0.013 0.019 0.045
0.005 0.007 0.053
0.005 0.017 0.051
0.007 0.023 0.053
0.003 0.029 0.059
0.005 -0.025 0.069
0.011 -0.025 0.065
-0.001 -0.005 0.071
-0.001 -0.001 0.079
-0.001 -0.003 0.073
-0.001 -0.003 0.075
-0.001 -0.001 0.077
0.001 0.007 0.065
-0.003 0.023 0.067
-0.011 -0.007 0.093
-0.005 0.007 0.087
-0.005 0.015 0.083
-0.005 0.007 0.087
-0.003 0.013 0.087
-0.007 0.007 0.089
-0.007 0.007 0.093
-0.003 0.013 0.091
-0.001 0.015 0.095
-0.007 0.015 0.085
-0.015 0.011 0.093
-0.005 0.007 0.089
-0.003 0.017 0.083
-0.001 0.027 0.081
-0.001 0.017 0.089
-0.003 0.025 0.065
0.005 0.031 0.067
0.001 0.029 0.075
0.001 0.025 0.077
0.003 0.033 0.073
0.003 0.025 0.085
0.001 0.023 0.083
0.005 0.031 0.087
-0.001 0.021 0.091
0.001 0.023 0.093
0.003 0.027 0.089
0.003 0.027 0.091
0.003 0.025 0.089
0.001 0.023 0.091
0.005 0.033 0.089
0.007 0.033 0.085
0.009 0.043 0.085
-0.007 0.007 0.097
-0.015 0.007 0.107
-0.013 0.009 0.111
-0.019 0.017 0.099
-0.005 0.009 0.099
-0.005 0.009 0.099
-0.003 0.011 0.099
-0.005 0.011 0.103
-0.011 0.021 0.111
-0.009 0.019 0.107
-0.001 0.015 0.103
-0.003 0.017 0.105
-0.013 0.019 0.113
0.001 0.021 0.101
0.005 0.033 0.099
0.001 0.045 0.103
0.001 0.025 0.105
0.003 0.031 0.103
0.003 0.047 0.105
0.015 -0.001 0.033
0.019 0.033 0.031
0.015 -0.007 0.037
0.013 0.007 0.039
0.013 0.007 0.033
0.013 -0.005 0.039
0.015 0.013 0.037
0.013 0.013 0.039
0.017 -0.019 0.045
0.003 0.005 0.045
0.015 0.021 0.037
0.011 0.017 0.045
0.021 0.025 0.033
0.013 0.025 0.051
0.013 0.027 0.051
0.005 0.029 0.061
0.021 0.029 0.039
0.017 0.029 0.047
0.021 0.031 0.035
0.025 0.035 0.041
0.017 0.025 0.045
0.013 0.029 0.049
0.009 0.043 0.053
0.011 0.035 0.049
0.013 0.031 0.051
0.011 0.033 0.055
0.009 0.041 0.055
0.001 0.001 0.071
0.001 0.003 0.069
0.003 0.027 0.071
0.001 0.027 0.075
0.001 0.029 0.093
0.003 0.029 0.095
0.003 0.031 0.071
0.007 0.033 0.085
0.007 0.035 0.083
0.009 0.041 0.083
0.005 0.033 0.089
0.005 0.031 0.095
0.007 0.035 0.095
0.007 0.037 0.095
0.005 0.035 0.089
0.011 0.047 0.083
0.013 0.051 0.083
0.011 0.049 0.087
0.009 0.043 0.083
0.007 0.041 0.087
0.003 0.027 0.099
0.003 0.031 0.099
0.003 0.043 0.101
0.009 0.041 0.099
0.009 0.041 0.097
0.009 0.045 0.097
-0.013 -0.007 0.041
-0.003 -0.037 0.043
-0.019 -0.025 0.055
-0.019 -0.031 0.065
-0.005 -0.041 0.057
-0.019 -0.031 0.067
-0.007 -0.045 0.059
-0.009 -0.043 0.063
-0.019 -0.029 0.073
-0.029 -0.019 0.035
-0.025 -0.017 0.043
-0.023 -0.013 0.041
-0.023 -0.013 0.045
-0.017 -0.031 0.041
-0.021 -0.021 0.045
-0.023 -0.017 0.045
-0.027 -0.015 0.039
-0.015 -0.009 0.039
-0.013 -0.011 0.035
-0.019 -0.025 0.055
-0.019 -0.021 0.063
-0.015 -0.013 0.061
-0.011 -0.015 0.065
-0.011 -0.015 0.065
-0.017 0.001 0.053
-0.011 -0.011 0.059
-0.019 -0.009 0.073
-0.019 -0.031 0.067
-0.011 -0.043 0.069
-0.011 -0.043 0.071
-0.011 -0.041 0.073
-0.017 -0.035 0.079
-0.019 -0.033 0.077
-0.019 -0.031 0.071
-0.019 -0.027 0.081
-0.011 -0.039 0.081
-0.019 -0.033 0.077
-0.013 -0.037 0.081
-0.019 -0.031 0.081
-0.019 -0.023 0.067
-0.019 -0.017 0.077
-0.021 -0.017 0.081
-0.021 -0.017 0.083
-0.019 -0.013 0.077
-0.017 -0.013 0.073
-0.021 0.001 0.067
-0.021 -0.009 0.077
-0.021 -0.011 0.079
-0.021 -0.007 0.075
-0.021 -0.003 0.081
-0.021 -0.005 0.083
-0.019 -0.007 0.087
-0.021 -0.025 0.083
-0.021 -0.019 0.083
-0.015 -0.019 0.093
-0.013 -0.023 0.095
-0.015 -0.013 0.093
-0.021 -0.013 0.085
-0.021 -0.009 0.085
-0.021 -0.011 0.087
-0.017 -0.001 0.087
-0.013 -0.005 0.093
-0.013 -0.003 0.093
-0.021 -0.019 0.055
-0.017 -0.009 0.047
-0.005 -0.039 0.043
-0.001 -0.039 0.043
-0.019 -0.027 0.051
-0.021 -0.021 0.059
-0.001 -0.045 0.051
-0.019 -0.027 0.065
-0.019 -0.033 0.067
-0.019 -0.027 0.057
-0.021 -0.025 0.059
-0.007 -0.043 0.059
-0.007 -0.043 0.059
-0.009 -0.043 0.063
-0.019 -0.033 0.073
-0.019 -0.025 0.065
-0.019 -0.025 0.065
-0.019 -0.027 0.067
-0.021 -0.025 0.071
-0.021 -0.017 0.053
-0.021 -0.015 0.047
-0.015 -0.009 0.053
-0.013 -0.009 0.055
-0.017 -0.015 0.061
-0.019 -0.019 0.065
-0.015 -0.015 0.063
-0.013 -0.015 0.065
-0.013 -0.011 0.059
-0.021 -0.003 0.069
-0.013 -0.007 0.047
-0.013 -0.007 0.049
-0.019 0.001 0.057
-0.019 0.003 0.055
-0.015 -0.017 0.067
-0.013 -0.017 0.069
-0.021 -0.005 0.071
-0.021 -0.009 0.079
-0.017 -0.013 0.073
-0.019 -0.029 0.077
-0.021 -0.011 0.081
-0.021 -0.013 0.083
-0.021 -0.011 0.087
-0.021 -0.011 0.087
-0.015 0.005 0.081
-0.023 0.027 0.033
-0.023 0.021 0.041
-0.021 0.037 0.039
-0.019 0.043 0.041
-0.025 0.017 0.035
-0.021 0.013 0.041
-0.023 0.015 0.041
-0.019 0.009 0.047
-0.023 0.023 0.035
-0.021 0.033 0.035
-0.021 0.029 0.039
-0.021 0.025 0.043
-0.021 0.029 0.043
-0.019 0.003 0.053
-0.019 0.007 0.063
-0.019 0.007 0.061
-0.013 0.015 0.061
-0.013 0.015 0.063
-0.007 0.023 0.059
-0.017 0.033 0.053
-0.015 0.025 0.069
-0.013 0.031 0.059
-0.013 0.031 0.063
-0.019 0.037 0.035
-0.021 0.035 0.039
-0.019 0.041 0.041
-0.017 0.049 0.041
-0.011 0.047 0.043
-0.005 0.051 0.045
-0.017 0.033 0.053
-0.013 0.045 0.051
-0.011 0.047 0.057
-0.013 0.045 0.057
-0.019 0.001 0.077
-0.015 0.011 0.069
-0.011 0.013 0.071
-0.013 0.005 0.085
-0.023 0.019 0.087
-0.017 0.025 0.081
-0.015 0.025 0.071
-0.015 0.029 0.073
-0.015 0.029 0.077
-0.017 0.025 0.077
-0.017 0.027 0.075
-0.015 0.029 0.073
-0.017 0.001 0.083
-0.013 0.005 0.083
-0.027 0.013 0.095
-0.025 0.017 0.095
-0.025 0.017 0.101
-0.017 0.029 0.085
-0.025 0.021 0.097
-0.023 0.023 0.093
-0.021 0.027 0.099
-0.021 0.029 0.105
-0.011 0.041 0.071
-0.015 0.033 0.075
-0.013 0.037 0.073
-0.015 0.037 0.085
-0.015 0.035 0.087
-0.011 0.041 0.087
-0.007 0.049 0.085
-0.009 0.045 0.087
-0.017 0.037 0.095
-0.015 0.039 0.101
-0.007 0.051 0.083
-0.005 0.053 0.083
-0.003 0.057 0.087
-0.005 0.051 0.089
-0.007 0.007 0.099
-0.007 0.013 0.099
-0.013 0.017 0.101
-0.017 0.009 0.111
-0.017 0.007 0.113
-0.023 0.023 0.099
-0.023 0.021 0.101
-0.021 0.023 0.103
-0.015 0.019 0.105
-0.023 0.025 0.109
-0.013 0.023 0.115
-0.017 0.035 0.099
-0.009 0.043 0.101
-0.005 0.043 0.103
-0.005 0.049 0.101
-0.003 0.053 0.103
-0.003 0.059 0.101
-0.015 0.045 0.051
-0.013 0.045 0.053
-0.019 0.013 0.055
-0.019 0.017 0.049
-0.011 0.019 0.057
-0.011 0.019 0.057
-0.009 0.025 0.055
-0.013 0.033 0.055
-0.017 0.035 0.055
-0.013 0.031 0.059
-0.015 0.031 0.065
-0.017 0.035 0.055
-0.015 0.035 0.055
-0.013 0.037 0.059
-0.013 0.035 0.059
-0.013 0.037 0.067
-0.019 0.009 0.063
-0.015 0.013 0.065
-0.019 0.007 0.071
-0.013 0.013 0.067
-0.015 0.011 0.069
-0.009 0.021 0.057
-0.015 0.029 0.067
-0.015 0.031 0.065
-0.013 0.035 0.069
-0.015 0.033 0.069
-0.015 0.033 0.071
-0.019 0.041 0.047
-0.017 0.043 0.047
-0.017 0.043 0.053
-0.013 0.047 0.049
-0.013 0.039 0.063
-0.013 0.045 0.053
-0.011 0.043 0.063
-0.013 0.041 0.065
-0.001 0.051 0.045
-0.009 0.049 0.059
-0.009 0.041 0.073
-0.005 0.051 0.055
-0.003 0.045 0.069
-0.003 0.043 0.071
-0.005 0.049 0.087
-0.005 0.051 0.089
-0.003 0.053 0.089
0.001 0.053 0.089
0.001 0.055 0.091
0.001 0.053 0.089
0.003 0.061 0.091
0.007 0.063 0.093
-0.007 0.041 0.105
-0.005 0.045 0.101
-0.003 0.049 0.105
-0.001 0.047 0.105
0.005 0.053 0.105
-0.001 0.055 0.105
