-0.007 -0.043 0.035
-0.019 -0.027 0.045
-0.017 -0.029 0.047
-0.009 -0.041 0.035
-0.007 -0.041 0.037
-0.013 -0.037 0.035
-0.009 -0.039 0.037
-0.015 -0.035 0.035
-0.011 -0.037 0.037
-0.015 -0.033 0.039
-0.007 -0.039 0.039
-0.005 -0.039 0.043
-0.001 -0.037 0.043
-0.003 -0.049 0.059
-0.007 -0.045 0.061
-0.009 -0.043 0.063
-0.011 -0.045 0.071
-0.015 -0.035 0.063
-0.013 -0.037 0.069
-0.011 -0.045 0.071
-0.011 -0.041 0.069
-0.025 -0.025 0.039
-0.019 -0.031 0.039
-0.023 -0.027 0.039
-0.021 -0.027 0.043
-0.025 -0.023 0.039
-0.021 -0.021 0.047
-0.017 -0.029 0.043
-0.017 -0.029 0.045
-0.021 -0.023 0.049
-0.023 -0.017 0.045
-0.015 -0.031 0.043
-0.017 -0.031 0.041
-0.009 -0.035 0.041
-0.009 -0.033 0.043
-0.009 -0.031 0.043
-0.011 -0.031 0.045
-0.017 -0.029 0.045
-0.015 -0.031 0.045
-0.015 -0.029 0.047
-0.011 -0.029 0.047
-0.013 -0.029 0.047
-0.001 -0.031 0.045
-0.003 -0.029 0.045
-0.005 -0.029 0.047
-0.005 -0.029 0.049
-0.013 -0.033 0.059
-0.015 -0.035 0.067
-0.021 -0.019 0.049
-0.021 -0.019 0.057
-0.019 -0.031 0.061
-0.021 -0.025 0.061
-0.021 -0.025 0.063
-0.019 -0.029 0.065
-0.021 -0.017 0.057
-0.019 -0.013 0.055
-0.021 -0.021 0.061
-0.021 -0.019 0.059
-0.017 -0.027 0.053
-0.021 -0.023 0.051
-0.021 -0.025 0.059
-0.019 -0.019 0.065
-0.015 -0.035 0.063
-0.015 -0.035 0.063
-0.015 -0.037 0.073
-0.017 -0.035 0.075
-0.019 -0.033 0.067
-0.013 -0.037 0.067
-0.015 -0.037 0.071
-0.013 -0.037 0.073
-0.013 -0.037 0.073
-0.017 -0.033 0.081
-0.015 -0.035 0.081
-0.017 -0.015 0.061
-0.017 -0.011 0.055
-0.017 -0.017 0.063
-0.019 -0.029 0.077
-0.017 -0.015 0.061
-0.015 -0.005 0.059
-0.011 -0.007 0.061
-0.017 -0.015 0.061
-0.019 -0.029 0.079
-0.019 -0.031 0.081
-0.015 -0.007 0.065
-0.017 -0.005 0.063
-0.021 -0.019 0.079
-0.009 -0.051 0.081
-0.007 -0.055 0.077
-0.007 -0.055 0.079
-0.009 -0.053 0.079
-0.007 -0.055 0.081
-0.019 -0.033 0.077
-0.011 -0.049 0.079
-0.011 -0.049 0.079
-0.009 -0.053 0.081
-0.011 -0.039 0.069
-0.015 -0.037 0.071
-0.013 -0.043 0.075
-0.011 -0.039 0.071
-0.011 -0.043 0.077
-0.011 -0.039 0.077
-0.011 -0.049 0.079
-0.011 -0.041 0.077
-0.015 -0.035 0.081
-0.011 -0.043 0.079
-0.009 -0.037 0.083
-0.009 -0.049 0.083
-0.007 -0.053 0.083
-0.007 -0.047 0.087
-0.011 -0.037 0.083
-0.015 -0.035 0.081
-0.013 -0.033 0.087
-0.011 -0.033 0.089
-0.019 -0.033 0.069
-0.019 -0.027 0.067
-0.021 -0.027 0.073
-0.019 -0.023 0.067
-0.019 -0.019 0.065
-0.021 -0.027 0.075
-0.019 -0.027 0.081
-0.021 -0.023 0.079
-0.021 -0.025 0.081
-0.021 -0.023 0.083
-0.021 -0.019 0.081
-0.011 -0.037 0.083
-0.013 -0.035 0.087
-0.013 -0.035 0.087
-0.019 -0.025 0.087
-0.011 -0.031 0.091
-0.013 -0.027 0.091
-0.021 -0.003 0.069
-0.021 -0.011 0.081
-0.021 -0.009 0.079
-0.021 -0.015 0.081
-0.019 -0.023 0.089
-0.021 -0.021 0.083
-0.021 -0.021 0.083
-0.019 -0.023 0.087
-0.015 -0.021 0.093
-0.015 -0.019 0.093
-0.013 -0.013 0.095
-0.021 -0.021 0.083
-0.021 -0.021 0.087
-0.015 -0.029 0.089
-0.009 -0.033 0.087
-0.005 -0.029 0.087
-0.011 -0.031 0.091
-0.007 -0.023 0.091
-0.011 -0.023 0.095
-0.015 -0.025 0.091
-0.011 -0.023 0.095
-0.011 -0.027 0.093
-0.021 -0.011 0.087
-0.019 -0.005 0.087
-0.019 -0.005 0.087
-0.011 -0.013 0.095
-0.013 -0.009 0.095
-0.013 -0.019 0.095
-0.015 -0.009 0.091
-0.015 -0.013 0.093
-0.011 -0.013 0.095
-0.011 -0.017 0.095
-0.005 -0.015 0.091
-0.013 -0.007 0.093
-0.011 -0.011 0.095
-0.003 -0.043 0.041
-0.001 -0.035 0.043
-0.017 -0.031 0.059
-0.003 -0.043 0.041
-0.001 -0.045 0.043
-0.001 -0.047 0.047
0.003 -0.049 0.051
-0.001 -0.049 0.055
0.001 -0.049 0.051
-0.001 -0.043 0.047
0.005 -0.049 0.051
0.007 -0.049 0.053
0.001 -0.033 0.047
-0.009 -0.043 0.063
-0.001 -0.049 0.061
-0.007 -0.051 0.073
-0.009 -0.051 0.079
0.001 -0.049 0.051
0.005 -0.049 0.051
-0.007 -0.055 0.077
-0.007 -0.045 0.063
-0.009 -0.051 0.077
-0.009 -0.053 0.079
-0.007 -0.055 0.077
-0.007 -0.055 0.075
-0.009 -0.053 0.079
-0.009 -0.051 0.081
-0.009 -0.049 0.075
-0.001 -0.037 0.043
0.001 -0.031 0.047
-0.007 -0.045 0.061
-0.009 -0.045 0.067
-0.009 -0.027 0.049
-0.011 -0.035 0.061
-0.009 -0.037 0.063
-0.011 -0.045 0.071
-0.011 -0.045 0.071
-0.011 -0.047 0.079
-0.011 -0.047 0.081
-0.011 -0.045 0.079
-0.013 -0.037 0.073
-0.013 -0.037 0.075
-0.011 -0.045 0.083
-0.011 -0.043 0.083
-0.017 -0.035 0.067
-0.019 -0.033 0.067
-0.017 -0.035 0.073
-0.013 -0.037 0.075
-0.015 -0.035 0.075
-0.019 -0.027 0.067
-0.021 -0.027 0.069
-0.019 -0.029 0.073
-0.019 -0.031 0.075
-0.019 -0.029 0.077
-0.017 -0.035 0.075
-0.019 -0.033 0.075
-0.017 -0.035 0.079
-0.019 -0.033 0.077
-0.017 -0.033 0.081
-0.019 -0.031 0.075
-0.019 -0.033 0.077
-0.017 -0.035 0.079
-0.013 -0.037 0.081
-0.013 -0.043 0.075
-0.013 -0.037 0.079
-0.011 -0.039 0.081
-0.009 -0.041 0.083
-0.009 -0.037 0.083
-0.007 -0.045 0.087
-0.009 -0.041 0.085
-0.011 -0.037 0.083
-0.011 -0.035 0.085
-0.009 -0.041 0.085
-0.009 -0.043 0.085
-0.009 -0.045 0.085
-0.007 -0.045 0.087
-0.019 -0.023 0.089
-0.017 0.005 0.045
-0.019 0.003 0.051
-0.021 0.019 0.043
-0.021 0.015 0.051
-0.015 0.025 0.051
-0.021 0.011 0.043
-0.021 0.011 0.047
-0.013 0.001 0.045
-0.017 0.007 0.043
-0.017 0.005 0.045
-0.015 0.003 0.047
-0.021 0.013 0.041
-0.023 0.017 0.039
-0.023 0.025 0.039
-0.021 0.025 0.041
-0.019 0.027 0.047
-0.021 0.013 0.045
-0.019 -0.003 0.061
-0.019 0.023 0.043
-0.019 0.005 0.053
-0.019 0.005 0.055
-0.021 0.001 0.065
-0.019 0.007 0.065
-0.019 0.009 0.065
-0.021 0.003 0.071
-0.021 -0.005 0.083
-0.021 -0.007 0.085
-0.019 0.001 0.079
-0.017 0.013 0.061
-0.021 -0.007 0.085
-0.013 0.015 0.063
-0.013 0.031 0.055
-0.011 0.029 0.055
-0.019 0.009 0.067
-0.019 0.005 0.075
-0.009 0.025 0.061
-0.013 0.029 0.063
-0.013 0.015 0.073
-0.021 0.035 0.039
-0.019 0.043 0.041
-0.021 0.033 0.049
-0.015 0.029 0.051
-0.017 0.033 0.053
-0.019 0.037 0.053
-0.017 0.039 0.055
-0.021 0.047 0.039
-0.017 0.049 0.041
-0.017 0.049 0.041
-0.017 0.039 0.055
-0.013 0.035 0.057
-0.019 0.033 0.051
-0.019 0.041 0.053
-0.013 0.033 0.057
-0.013 0.035 0.057
-0.017 0.041 0.055
-0.017 0.041 0.055
-0.013 0.045 0.057
-0.013 0.041 0.063
-0.013 0.039 0.059
-0.021 0.001 0.069
-0.019 0.007 0.071
-0.019 0.003 0.079
-0.017 -0.015 0.091
-0.019 0.001 0.081
-0.019 0.003 0.077
-0.019 0.005 0.075
-0.019 -0.009 0.089
-0.017 -0.007 0.089
-0.019 -0.003 0.085
-0.019 0.001 0.079
-0.017 -0.005 0.089
-0.013 -0.001 0.089
-0.013 0.007 0.081
-0.015 0.013 0.081
-0.015 0.001 0.087
-0.017 0.017 0.081
-0.013 0.013 0.077
-0.017 0.021 0.075
-0.015 0.025 0.071
-0.025 0.017 0.087
-0.017 0.019 0.077
-0.017 0.019 0.079
-0.017 0.017 0.079
-0.013 0.011 0.091
-0.009 0.013 0.089
-0.025 0.015 0.089
-0.025 0.017 0.089
-0.025 0.015 0.089
-0.027 0.013 0.095
-0.017 0.015 0.091
-0.015 0.003 0.085
-0.015 -0.003 0.089
-0.013 0.007 0.085
-0.013 -0.007 0.093
-0.015 0.013 0.083
-0.007 0.009 0.089
-0.015 0.011 0.093
-0.015 0.015 0.097
-0.007 0.007 0.097
-0.007 0.007 0.097
-0.007 0.011 0.095
-0.007 0.009 0.101
-0.021 0.015 0.089
-0.023 0.015 0.089
-0.027 0.013 0.095
-0.019 0.017 0.091
-0.025 0.015 0.097
-0.025 0.013 0.103
-0.025 0.021 0.099
-0.017 0.015 0.087
-0.025 0.015 0.097
-0.013 0.037 0.073
-0.011 0.041 0.069
-0.025 0.013 0.101
-0.025 0.017 0.097
-0.017 0.017 0.095
-0.023 0.023 0.093
-0.025 0.017 0.097
-0.023 0.025 0.097
-0.025 0.021 0.099
-0.025 0.013 0.103
-0.025 0.021 0.099
-0.025 0.019 0.101
-0.023 0.023 0.101
-0.021 0.027 0.103
-0.021 0.025 0.109
-0.021 0.023 0.105
-0.021 0.023 0.105
-0.021 0.029 0.103
-0.023 0.025 0.107
-0.021 0.023 0.107
-0.015 0.023 0.103
-0.019 0.023 0.105
-0.015 0.019 0.107
-0.013 0.027 0.105
-0.013 0.029 0.105
-0.013 0.025 0.109
-0.023 0.025 0.107
-0.023 0.025 0.109
-0.023 0.027 0.107
-0.021 0.025 0.109
-0.013 0.031 0.105
-0.015 0.033 0.103
-0.011 0.031 0.105
-0.013 0.025 0.111
-0.021 0.031 0.103
-0.023 0.025 0.109
-0.013 0.039 0.103
-0.013 0.041 0.103
-0.019 0.007 0.111
-0.007 0.005 0.101
-0.007 0.011 0.101
-0.017 0.003 0.113
-0.025 0.013 0.103
-0.021 0.017 0.099
-0.021 0.023 0.103
-0.021 0.023 0.105
-0.021 0.027 0.103
-0.023 0.025 0.107
-0.023 0.025 0.107
-0.017 0.013 0.109
-0.017 0.011 0.111
-0.003 0.021 0.107
-0.013 0.023 0.109
-0.013 0.017 0.109
-0.011 0.031 0.105
-0.013 0.025 0.111
-0.009 0.021 0.109
-0.013 0.019 0.115
-0.023 0.027 0.107
-0.015 0.037 0.103
-0.015 0.037 0.101
-0.013 0.041 0.103
-0.011 0.043 0.103
-0.005 0.037 0.105
-0.009 0.037 0.105
-0.001 0.035 0.105
-0.005 0.039 0.105
-0.007 0.053 0.099
-0.005 0.055 0.101
-0.003 0.049 0.103
-0.015 -0.003 0.055
-0.021 -0.025 0.083
-0.013 -0.007 0.063
-0.017 -0.005 0.063
-0.021 0.003 0.065
-0.021 0.001 0.071
-0.009 -0.003 0.053
-0.011 -0.007 0.061
-0.021 -0.021 0.085
-0.021 -0.021 0.079
-0.021 -0.023 0.083
-0.021 -0.015 0.083
-0.021 -0.017 0.085
-0.021 -0.021 0.087
-0.021 -0.021 0.087
-0.021 -0.011 0.083
-0.021 -0.003 0.075
-0.021 -0.001 0.075
-0.021 -0.015 0.087
-0.017 -0.009 0.091
-0.019 -0.017 0.089
-0.019 -0.013 0.089
-0.017 -0.011 0.091
-0.017 -0.009 0.091
-0.019 -0.019 0.089
-0.019 -0.013 0.089
-0.021 -0.011 0.087
-0.021 -0.013 0.087
-0.017 -0.001 0.087
-0.017 -0.009 0.091
-0.019 0.009 0.067
-0.019 0.005 0.073
-0.019 0.005 0.075
-0.017 0.007 0.075
-0.007 0.023 0.057
-0.009 0.025 0.059
-0.015 0.003 0.085
-0.013 0.013 0.077
-0.013 0.015 0.073
-0.017 -0.007 0.089
-0.017 -0.005 0.089
-0.015 -0.003 0.089
-0.017 -0.001 0.087
-0.017 -0.001 0.087
-0.015 0.027 0.067
-0.017 0.027 0.075
-0.013 0.005 0.085
-0.013 0.007 0.085
-0.021 0.015 0.087
-0.019 0.015 0.087
-0.021 0.015 0.089
-0.015 0.011 0.089
-0.017 0.015 0.091
-0.017 -0.017 0.091
-0.011 0.013 0.087
-0.013 0.011 0.091
-0.015 0.013 0.095
-0.013 0.013 0.093
-0.019 0.003 0.111
-0.019 0.001 0.113
-0.017 0.007 0.113
-0.015 0.011 0.111
-0.015 0.013 0.111
-0.015 0.013 0.093
-0.019 0.007 0.111
-0.017 0.011 0.111
-0.015 0.021 0.105
-0.013 0.021 0.115
-0.013 0.025 0.111
-0.013 0.021 0.115
-0.013 0.019 0.115
-0.013 0.019 0.115
-0.009 0.035 0.105
-0.011 0.037 0.105
-0.003 0.039 0.105
-0.007 0.043 0.103
-0.007 0.041 0.105
-0.005 0.051 0.101
-0.005 0.041 0.105
-0.003 0.019 0.109
-0.001 0.023 0.107
-0.003 0.027 0.105
-0.001 0.035 0.105
-0.005 0.035 0.105
-0.001 0.039 0.105
-0.001 0.047 0.105
-0.003 0.051 0.105
0.007 0.049 0.103
0.009 0.053 0.105
