0.011 0.037 0.051
0.011 0.033 0.049
0.011 0.039 0.047
0.005 -0.009 0.045
0.007 -0.011 0.045
0.009 0.039 0.057
0.007 0.009 0.051
0.007 -0.013 0.049
0.007 -0.021 0.061
0.007 -0.021 0.055
0.001 -0.037 0.055
-0.001 -0.037 0.055
-0.003 -0.019 0.067
0.003 -0.021 0.065
0.001 0.001 0.067
0.001 0.007 0.067
-0.003 0.009 0.071
0.013 0.055 0.083
-0.003 -0.019 0.063
0.003 0.049 0.059
0.005 0.047 0.057
0.003 0.049 0.057
0.005 0.047 0.059
0.003 0.049 0.057
-0.001 0.049 0.063
0.009 0.043 0.055
0.011 0.035 0.053
0.009 0.041 0.053
0.013 0.031 0.051
0.007 0.037 0.059
0.005 -0.013 0.051
0.003 0.009 0.057
-0.003 0.051 0.057
-0.001 0.049 0.061
0.005 0.049 0.053
0.007 0.047 0.051
0.009 0.045 0.051
0.011 0.033 0.051
0.007 0.041 0.059
0.003 0.045 0.067
0.003 0.035 0.073
0.001 0.035 0.075
0.001 0.033 0.075
-0.001 0.041 0.073
-0.001 0.041 0.073
0.001 0.037 0.075
0.005 0.033 0.069
-0.003 -0.017 0.057
0.001 -0.001 0.063
-0.001 -0.023 0.061
-0.001 -0.023 0.063
0.001 -0.001 0.061
-0.001 0.045 0.067
0.001 0.047 0.065
0.001 0.045 0.067
0.003 0.047 0.063
0.005 0.041 0.067
0.005 0.007 0.055
0.003 0.009 0.057
0.005 0.045 0.063
0.005 0.045 0.063
0.007 0.039 0.061
0.003 0.027 0.071
-0.001 0.009 0.069
0.003 0.039 0.071
0.003 0.035 0.073
-0.005 -0.051 0.075
-0.003 -0.045 0.081
0.011 0.057 0.085
0.003 0.033 0.091
-0.001 -0.021 0.069
0.003 -0.021 0.073
0.003 -0.021 0.073
-0.001 -0.025 0.073
-0.003 -0.043 0.071
-0.001 -0.001 0.073
-0.001 -0.001 0.075
0.013 0.055 0.087
0.005 -0.021 0.069
0.005 -0.021 0.071
-0.003 -0.019 0.069
-0.001 -0.025 0.077
-0.001 -0.019 0.079
-0.005 -0.045 0.079
-0.003 -0.003 0.085
-0.001 -0.007 0.083
-0.001 -0.005 0.083
-0.001 -0.021 0.077
-0.001 -0.017 0.081
-0.001 -0.025 0.079
-0.003 -0.051 0.083
-0.005 -0.043 0.083
-0.003 -0.053 0.087
-0.005 -0.041 0.087
0.009 0.043 0.095
-0.001 -0.015 0.085
-0.003 -0.017 0.087
0.009 0.057 0.085
0.007 0.059 0.087
0.001 0.031 0.077
0.009 0.055 0.089
0.009 0.057 0.089
0.003 0.039 0.089
-0.001 -0.023 0.069
0.003 -0.021 0.071
0.011 0.055 0.083
0.011 0.057 0.087
-0.001 -0.021 0.065
-0.001 -0.023 0.071
-0.003 -0.019 0.075
-0.001 -0.011 0.079
-0.007 0.039 0.075
-0.005 0.039 0.075
0.007 0.061 0.091
0.005 0.061 0.087
0.005 0.063 0.093
0.007 0.063 0.093
0.001 0.031 0.075
0.007 0.059 0.085
0.001 0.031 0.077
0.001 0.037 0.075
0.011 0.057 0.087
0.009 0.059 0.087
-0.001 -0.005 0.077
0.009 0.051 0.099
0.009 0.051 0.099
0.007 0.053 0.101
0.005 0.053 0.101
0.009 0.043 0.099
-0.003 -0.011 0.089
-0.003 -0.011 0.089
-0.001 -0.021 0.081
-0.001 -0.021 0.083
-0.001 -0.021 0.081
-0.007 -0.021 0.091
-0.009 -0.019 0.093
0.009 0.051 0.103
0.009 0.053 0.105
-0.009 -0.015 0.093
-0.003 0.037 0.091
0.005 0.053 0.099
0.007 0.053 0.101
-0.003 -0.011 0.089
0.009 0.051 0.099
0.007 0.053 0.099
0.009 -0.005 0.039
0.013 -0.013 0.037
0.013 -0.005 0.039
0.017 0.033 0.045
0.013 -0.017 0.045
0.015 -0.033 0.035
0.015 -0.031 0.039
0.015 -0.041 0.043
0.017 -0.021 0.051
0.015 -0.021 0.053
0.007 -0.013 0.049
0.009 -0.015 0.051
0.007 -0.015 0.051
0.015 -0.035 0.043
0.015 -0.035 0.045
0.015 -0.035 0.045
0.015 -0.023 0.061
0.015 -0.023 0.059
0.011 -0.023 0.063
0.009 -0.019 0.055
0.017 -0.021 0.055
0.017 -0.023 0.057
0.015 -0.023 0.061
0.015 -0.023 0.059
0.009 -0.017 0.053
0.015 -0.021 0.053
0.009 -0.021 0.065
0.009 -0.021 0.063
0.013 -0.007 0.039
0.009 -0.015 0.039
0.013 -0.017 0.037
0.015 0.031 0.047
0.015 -0.005 0.037
0.013 -0.005 0.039
0.015 -0.019 0.039
0.013 -0.017 0.037
0.011 -0.015 0.047
0.011 -0.017 0.047
0.007 -0.013 0.049
0.011 -0.017 0.043
0.015 -0.021 0.041
0.015 -0.017 0.043
0.017 -0.019 0.045
0.015 -0.019 0.047
0.015 0.031 0.047
0.015 0.029 0.047
0.015 -0.003 0.035
0.015 -0.003 0.035
0.015 0.033 0.045
0.015 -0.005 0.033
0.023 0.033 0.043
0.017 0.025 0.045
0.013 -0.003 0.037
0.007 -0.011 0.041
0.007 -0.011 0.041
0.005 -0.009 0.043
0.007 -0.011 0.043
0.005 -0.009 0.045
0.009 -0.013 0.047
0.015 -0.021 0.055
0.015 -0.021 0.057
0.007 -0.015 0.051
0.013 -0.021 0.061
0.011 -0.019 0.061
0.019 -0.023 0.055
0.019 -0.023 0.055
0.005 -0.011 0.049
0.005 -0.013 0.051
0.007 -0.013 0.049
0.009 -0.023 0.067
0.011 -0.025 0.065
0.003 0.049 0.043
-0.005 0.049 0.039
-0.001 0.041 0.031
-0.005 0.051 0.049
-0.007 0.051 0.053
-0.005 0.051 0.053
-0.001 0.051 0.047
0.003 0.051 0.045
0.007 0.047 0.055
0.007 0.045 0.055
-0.009 0.047 0.039
-0.015 0.049 0.041
-0.017 0.043 0.041
-0.015 0.049 0.041
-0.009 0.049 0.049
-0.007 0.051 0.049
-0.007 0.051 0.053
-0.013 0.047 0.049
-0.015 0.043 0.049
-0.005 0.049 0.041
-0.001 0.049 0.061
-0.001 0.049 0.063
-0.003 0.047 0.067
-0.005 0.045 0.067
-0.005 0.043 0.071
0.003 0.039 0.069
0.005 0.041 0.067
-0.001 0.049 0.059
0.001 0.043 0.069
0.005 0.043 0.065
-0.003 0.049 0.063
-0.003 0.047 0.067
0.001 0.047 0.063
0.001 0.047 0.065
0.003 0.045 0.067
0.003 0.045 0.065
-0.011 0.049 0.039
-0.015 0.049 0.041
-0.013 0.047 0.039
-0.013 0.049 0.039
-0.015 0.053 0.037
-0.017 0.051 0.039
-0.013 0.045 0.045
-0.007 0.047 0.037
-0.005 0.047 0.037
-0.007 0.049 0.041
-0.007 0.043 0.033
-0.009 0.047 0.039
-0.003 0.047 0.035
0.001 0.049 0.039
-0.011 0.047 0.045
-0.013 0.051 0.035
-0.001 0.051 0.043
-0.005 0.051 0.045
-0.017 0.043 0.051
-0.015 0.043 0.053
-0.009 0.049 0.055
-0.013 0.045 0.055
-0.009 0.049 0.055
-0.009 0.047 0.061
-0.007 0.049 0.059
-0.009 0.047 0.061
-0.009 0.047 0.063
-0.007 0.049 0.061
-0.009 0.047 0.063
-0.005 0.049 0.061
-0.007 0.049 0.055
-0.005 0.051 0.053
-0.005 0.051 0.055
-0.001 0.051 0.053
-0.005 0.051 0.057
-0.007 0.049 0.061
-0.001 0.049 0.061
-0.007 0.041 0.073
0.001 0.061 0.085
0.003 0.061 0.091
-0.005 0.043 0.071
-0.001 0.043 0.071
0.005 0.033 0.069
-0.001 0.009 0.067
0.003 0.039 0.071
0.009 0.059 0.087
0.005 0.061 0.087
0.005 0.061 0.087
0.009 0.059 0.087
0.007 0.059 0.087
-0.003 0.059 0.085
-0.005 0.055 0.083
-0.003 0.041 0.073
0.001 0.041 0.071
-0.001 0.037 0.075
0.003 0.035 0.073
-0.007 0.043 0.071
0.005 0.061 0.085
0.001 0.035 0.075
0.005 0.053 0.083
0.001 0.033 0.075
0.011 0.057 0.087
0.005 0.063 0.093
0.007 0.059 0.093
0.009 0.053 0.091
0.003 0.033 0.091
0.003 0.061 0.091
0.007 0.063 0.093
-0.003 0.051 0.093
0.007 0.059 0.091
0.009 0.053 0.091
-0.003 0.047 0.095
0.001 0.055 0.099
-0.001 0.057 0.099
0.009 0.049 0.097
0.009 0.049 0.099
0.007 0.053 0.101
0.009 0.049 0.099
-0.003 0.055 0.089
-0.015 0.037 0.089
-0.009 0.041 0.089
-0.013 0.041 0.091
-0.011 0.043 0.087
-0.005 0.057 0.097
-0.009 0.053 0.095
-0.007 0.053 0.095
0.009 0.057 0.089
0.009 0.059 0.087
0.001 0.061 0.087
0.003 0.061 0.087
0.005 0.061 0.087
0.009 0.059 0.087
0.009 0.057 0.089
-0.011 0.045 0.065
-0.009 0.045 0.067
-0.005 0.045 0.069
-0.001 0.045 0.069
0.001 0.043 0.069
-0.011 0.039 0.073
-0.003 0.061 0.083
-0.001 0.061 0.085
0.001 0.061 0.083
0.001 0.061 0.083
-0.009 0.045 0.087
0.007 0.061 0.091
-0.001 0.061 0.085
-0.011 0.043 0.085
-0.007 0.047 0.087
0.001 0.061 0.087
0.003 0.061 0.091
0.007 0.061 0.093
0.005 0.049 0.097
-0.005 0.055 0.095
0.001 0.061 0.083
0.001 0.061 0.085
0.003 0.059 0.089
0.001 0.061 0.087
-0.011 0.027 0.109
0.003 0.035 0.103
0.001 0.033 0.105
-0.011 0.023 0.113
-0.009 0.025 0.109
-0.019 0.031 0.103
-0.013 0.043 0.101
-0.017 0.029 0.105
-0.015 0.037 0.103
-0.021 0.027 0.107
-0.023 0.027 0.107
-0.021 0.025 0.109
-0.005 0.041 0.105
0.003 0.051 0.107
0.003 0.049 0.107
-0.007 0.025 0.107
-0.009 0.027 0.107
-0.005 0.033 0.105
-0.011 0.027 0.109
-0.009 0.039 0.105
-0.011 0.027 0.109
-0.013 0.043 0.101
-0.011 0.045 0.097
-0.011 0.043 0.103
-0.011 0.043 0.101
-0.011 0.043 0.101
-0.011 0.043 0.103
-0.003 0.059 0.103
-0.001 0.059 0.101
0.001 0.057 0.103
0.003 0.055 0.105
-0.001 0.051 0.107
0.003 0.051 0.107
-0.001 0.059 0.101
0.001 0.055 0.101
-0.001 0.059 0.101
-0.001 0.059 0.103
0.009 0.043 0.041
0.013 0.039 0.039
0.019 0.039 0.039
0.011 0.039 0.037
0.009 0.041 0.037
0.019 0.037 0.033
0.003 0.039 0.031
0.019 0.037 0.031
0.011 0.041 0.043
0.013 0.039 0.045
0.021 0.033 0.045
0.019 0.033 0.045
0.011 0.035 0.055
0.013 0.031 0.051
0.017 0.039 0.041
0.021 0.037 0.041
0.021 0.037 0.041
0.017 0.039 0.041
0.017 0.031 0.045
0.017 0.029 0.047
0.023 0.035 0.037
0.021 0.037 0.035
0.023 0.037 0.041
0.021 0.033 0.045
0.017 0.029 0.047
0.001 0.013 0.059
0.007 0.039 0.061
0.009 0.037 0.057
0.013 0.029 0.051
0.009 0.035 0.057
0.013 0.031 0.051
0.011 0.033 0.053
0.013 0.031 0.051
0.013 0.029 0.049
0.011 0.033 0.053
0.007 0.043 0.061
0.013 0.039 0.035
0.013 0.039 0.037
0.013 0.039 0.039
0.015 0.039 0.039
0.007 0.043 0.037
0.003 0.049 0.039
0.011 0.041 0.043
0.021 0.037 0.035
0.019 0.039 0.039
0.025 0.037 0.041
0.019 0.039 0.041
0.021 0.037 0.043
0.005 0.049 0.043
0.003 0.051 0.045
0.005 0.049 0.047
0.005 0.049 0.045
0.007 0.047 0.051
0.009 0.043 0.049
0.009 0.045 0.051
0.007 0.035 0.059
0.007 0.045 0.059
0.005 0.047 0.059
0.007 0.043 0.061
0.005 0.045 0.063
0.003 0.051 0.049
0.005 0.049 0.051
0.003 0.049 0.059
0.003 0.049 0.059
0.005 0.037 0.069
0.005 0.031 0.065
0.011 0.055 0.089
0.003 0.031 0.089
0.003 0.027 0.091
0.005 0.037 0.065
0.003 0.041 0.069
0.001 0.041 0.071
0.001 0.039 0.073
0.013 0.055 0.087
0.011 0.057 0.087
0.009 0.045 0.087
0.007 0.059 0.085
0.011 0.055 0.089
0.011 0.055 0.089
0.009 0.053 0.091
0.007 0.057 0.093
0.009 0.053 0.091
0.007 0.047 0.095
0.009 0.049 0.097
0.007 0.057 0.091
0.007 0.047 0.095
0.007 0.053 0.083
0.005 0.061 0.085
0.007 0.059 0.085
0.011 0.057 0.087
0.007 0.057 0.091
0.011 0.055 0.089
0.007 0.061 0.091
0.001 0.021 0.101
0.009 0.049 0.099
0.009 0.043 0.097
0.009 0.053 0.105
0.009 0.053 0.103
0.009 0.051 0.099
0.009 0.053 0.103
0.009 0.043 0.099
0.003 0.051 0.099
0.007 0.051 0.097
0.003 0.055 0.101
0.007 0.055 0.105
0.007 0.055 0.105
