-0.001 -0.049 0.059
-0.007 -0.051 0.087
-0.007 -0.049 0.087
-0.003 -0.023 0.087
-0.009 -0.031 0.089
-0.009 -0.053 0.081
-0.007 -0.033 0.083
-0.005 -0.031 0.085
-0.007 -0.025 0.089
-0.003 -0.005 0.087
0.001 -0.049 0.057
-0.003 -0.055 0.087
0.011 -0.039 0.053
0.019 -0.025 0.055
-0.023 0.015 0.041
-0.013 -0.015 0.095
-0.019 -0.013 0.089
-0.017 -0.007 0.089
-0.009 0.017 0.101
-0.007 0.019 0.103
-0.013 0.019 0.115
-0.001 -0.005 0.083
0.005 0.041 0.099
0.003 0.043 0.101
0.005 0.049 0.105
0.007 -0.021 0.063
-0.011 -0.013 0.095
-0.001 -0.013 0.083
-0.001 -0.009 0.083
-0.017 -0.019 0.091
-0.005 -0.003 0.087
0.007 -0.039 0.055
0.007 -0.039 0.059
0.007 -0.043 0.061
0.009 -0.013 0.047
0.011 -0.009 0.037
0.007 -0.003 0.039
0.003 -0.009 0.047
0.017 -0.023 0.059
0.001 0.049 0.089
-0.003 0.061 0.083
0.013 0.053 0.083
0.007 0.047 0.101
0.009 0.047 0.099
0.005 0.055 0.105
0.009 0.053 0.101
-0.003 0.019 0.109
-0.017 0.031 0.103
0.005 0.055 0.103
-0.011 0.025 0.113
-0.009 0.025 0.109
-0.005 0.057 0.103
0.007 0.019 0.051
0.015 0.029 0.047
0.013 0.025 0.047
0.019 0.027 0.045
0.013 0.039 0.043
0.009 0.041 0.055
0.009 0.041 0.085
0.011 0.049 0.087
0.001 0.027 0.101
-0.021 -0.029 0.039
-0.007 -0.029 0.045
-0.007 -0.029 0.045
-0.027 -0.017 0.041
-0.023 -0.019 0.045
-0.021 -0.023 0.063
-0.021 -0.009 0.079
-0.007 -0.035 0.041
-0.003 -0.029 0.047
-0.007 -0.045 0.059
-0.019 -0.001 0.059
-0.011 0.029 0.057
-0.009 0.027 0.059
-0.015 0.027 0.067
-0.007 0.005 0.095
-0.015 0.033 0.071
-0.015 0.031 0.073
-0.025 0.015 0.093
-0.015 0.019 0.105
-0.013 0.027 0.063
-0.019 -0.005 0.085
-0.015 0.017 0.109
-0.013 -0.037 0.037
0.007 -0.045 0.039
0.007 -0.043 0.035
0.015 -0.033 0.043
0.009 -0.049 0.053
-0.003 -0.043 0.071
-0.001 -0.031 0.073
-0.001 -0.025 0.065
0.015 -0.041 0.045
0.013 -0.041 0.051
0.005 -0.043 0.063
0.013 -0.027 0.039
0.017 -0.023 0.045
0.015 -0.029 0.057
0.013 -0.025 0.043
0.013 -0.021 0.035
0.019 -0.025 0.055
0.017 -0.027 0.051
0.015 0.027 0.047
0.005 0.009 0.055
0.001 0.027 0.057
-0.003 -0.011 0.075
-0.003 0.013 0.091
-0.001 0.013 0.093
0.001 0.025 0.069
0.005 0.031 0.067
-0.001 0.023 0.079
-0.005 0.007 0.101
-0.023 0.013 0.097
-0.003 0.009 0.101
0.013 -0.007 0.039
0.019 0.029 0.041
0.003 0.011 0.057
0.021 0.029 0.039
0.017 0.025 0.037
0.017 0.025 0.039
0.021 0.033 0.035
0.003 0.031 0.103
0.009 0.047 0.099
-0.011 -0.035 0.087
-0.001 -0.047 0.067
-0.005 -0.011 0.055
-0.005 -0.031 0.085
-0.003 -0.047 0.087
-0.003 -0.033 0.079
-0.003 -0.031 0.079
-0.005 -0.029 0.087
-0.003 -0.029 0.085
-0.005 -0.025 0.089
-0.011 -0.023 0.095
-0.019 -0.013 0.089
-0.001 -0.015 0.085
0.005 -0.041 0.061
0.015 -0.025 0.061
-0.005 0.017 0.059
-0.011 0.001 0.089
-0.007 0.007 0.103
0.003 0.025 0.097
-0.005 0.011 0.103
-0.003 0.011 0.101
-0.015 0.017 0.109
-0.013 0.033 0.105
0.001 0.043 0.101
-0.001 0.049 0.107
0.009 0.011 0.047
0.007 0.007 0.049
0.009 0.053 0.105
-0.025 -0.021 0.041
-0.015 -0.009 0.039
-0.021 -0.023 0.051
-0.021 0.001 0.067
-0.017 0.003 0.081
-0.017 -0.001 0.087
-0.019 -0.021 0.051
-0.005 -0.039 0.043
-0.019 -0.021 0.065
-0.019 -0.015 0.057
-0.011 -0.009 0.055
-0.021 -0.009 0.075
-0.021 -0.007 0.079
-0.021 0.013 0.051
-0.021 0.035 0.049
-0.011 0.047 0.051
-0.025 0.017 0.095
-0.025 0.021 0.099
-0.011 0.043 0.069
-0.015 0.039 0.101
-0.017 0.015 0.107
-0.021 0.029 0.099
-0.021 0.031 0.103
-0.019 0.029 0.105
-0.007 0.053 0.099
-0.017 0.019 0.049
-0.015 0.015 0.059
-0.013 0.029 0.053
-0.021 0.027 0.107
0.003 0.047 0.061
0.001 0.047 0.061
0.007 0.047 0.053
0.001 0.049 0.059
0.007 0.045 0.057
0.005 0.059 0.089
0.003 0.061 0.091
0.007 0.053 0.103
0.005 0.053 0.101
0.009 0.053 0.103
-0.003 0.037 0.091
0.015 -0.019 0.035
0.015 -0.021 0.035
0.015 -0.009 0.035
0.015 -0.021 0.057
0.005 -0.021 0.069
-0.001 0.051 0.045
0.007 0.047 0.047
-0.005 0.049 0.059
-0.007 0.049 0.041
-0.003 0.039 0.075
-0.007 0.045 0.069
-0.013 0.041 0.097
0.021 0.033 0.045
0.013 0.039 0.043
0.009 0.035 0.057
0.003 0.011 0.057
0.013 0.025 0.049
0.011 0.055 0.089
0.017 -0.025 0.047
-0.005 -0.007 0.043
-0.011 -0.007 0.041
0.013 -0.019 0.053
-0.005 -0.005 0.057
-0.007 -0.011 0.055
0.003 0.005 0.055
-0.001 -0.027 0.081
-0.003 -0.047 0.081
-0.003 -0.019 0.075
-0.009 -0.017 0.067
-0.001 -0.001 0.073
-0.003 -0.027 0.085
-0.003 -0.021 0.087
-0.011 -0.027 0.093
-0.011 -0.009 0.095
0.015 -0.037 0.037
0.007 -0.005 0.039
0.017 0.039 0.039
0.007 0.041 0.035
0.011 0.031 0.053
0.021 0.031 0.043
0.005 0.049 0.049
-0.015 0.053 0.037
0.003 0.047 0.061
-0.001 0.005 0.073
0.001 0.025 0.093
-0.001 0.041 0.073
0.007 0.037 0.087
0.007 0.051 0.097
-0.009 0.025 0.111
0.001 0.055 0.099
0.021 0.029 0.037
0.013 0.013 0.039
0.015 -0.039 0.043
0.017 -0.021 0.049
0.017 -0.019 0.045
-0.009 -0.007 0.061
0.011 -0.017 0.051
0.001 -0.047 0.065
-0.001 -0.039 0.067
-0.005 -0.043 0.075
-0.003 -0.029 0.085
-0.005 -0.011 0.091
0.013 -0.033 0.047
0.013 -0.027 0.047
0.015 -0.025 0.045
0.009 -0.015 0.049
0.015 0.015 0.039
0.003 0.013 0.057
0.013 0.021 0.047
0.015 0.019 0.039
0.019 0.025 0.037
0.019 0.025 0.039
-0.001 0.005 0.075
-0.007 0.015 0.079
-0.005 0.023 0.065
-0.005 0.019 0.075
-0.007 -0.001 0.087
-0.005 -0.001 0.085
0.003 0.031 0.093
0.005 0.033 0.093
0.007 0.037 0.095
0.011 0.051 0.087
-0.001 0.015 0.103
0.009 0.051 0.101
0.011 0.005 0.039
0.011 0.009 0.043
0.009 0.027 0.055
0.005 0.043 0.063
0.003 0.031 0.069
0.001 0.025 0.095
0.007 0.037 0.095
0.009 0.053 0.091
-0.027 -0.017 0.041
-0.009 -0.041 0.035
-0.007 -0.035 0.041
-0.023 -0.023 0.041
-0.027 -0.019 0.041
-0.019 -0.013 0.051
-0.019 -0.013 0.053
-0.019 -0.017 0.061
-0.011 -0.045 0.077
-0.019 -0.025 0.065
-0.017 -0.023 0.091
-0.001 -0.043 0.043
-0.021 -0.027 0.069
-0.019 -0.029 0.077
-0.017 0.011 0.039
-0.023 0.013 0.039
-0.023 0.019 0.039
-0.021 0.019 0.043
-0.021 0.043 0.037
-0.013 0.009 0.079
-0.013 0.023 0.067
-0.017 -0.001 0.087
-0.015 0.011 0.089
-0.007 0.009 0.089
-0.007 0.013 0.097
-0.025 0.019 0.093
-0.013 0.041 0.067
-0.017 0.015 0.107
-0.013 0.021 0.109
-0.017 0.019 0.047
-0.017 0.021 0.047
-0.013 0.027 0.053
-0.017 0.023 0.049
-0.017 0.023 0.079
-0.015 0.021 0.105
-0.011 -0.039 0.033
-0.003 -0.037 0.043
-0.017 -0.029 0.035
-0.027 -0.017 0.041
-0.017 -0.029 0.043
-0.021 -0.027 0.043
-0.027 -0.013 0.037
-0.019 -0.011 0.051
-0.019 -0.001 0.057
-0.019 -0.029 0.073
-0.017 -0.011 0.073
-0.019 -0.025 0.085
-0.017 -0.025 0.089
-0.021 0.033 0.035
-0.019 0.009 0.063
-0.021 0.039 0.039
-0.021 0.041 0.039
-0.013 0.039 0.035
-0.019 0.039 0.045
-0.019 0.005 0.069
-0.017 0.011 0.065
-0.007 0.009 0.093
-0.025 0.015 0.095
-0.013 0.035 0.075
-0.015 0.035 0.089
-0.015 0.037 0.093
-0.013 0.041 0.095
-0.017 0.035 0.099
-0.007 0.041 0.105
-0.021 0.033 0.039
-0.021 0.037 0.049
-0.013 0.033 0.063
-0.015 0.037 0.089
-0.005 0.053 0.085
-0.023 -0.027 0.041
-0.019 -0.027 0.047
-0.013 -0.033 0.041
-0.005 -0.047 0.067
-0.021 -0.023 0.055
-0.017 -0.035 0.069
-0.001 -0.031 0.069
0.007 -0.049 0.047
0.007 -0.047 0.059
0.005 -0.043 0.063
0.013 -0.029 0.053
0.009 -0.027 0.061
0.005 -0.025 0.067
-0.007 -0.031 0.087
-0.003 -0.027 0.087
-0.017 -0.025 0.089
-0.003 0.009 0.089
-0.001 0.013 0.093
-0.007 0.007 0.089
-0.005 0.007 0.103
-0.001 0.017 0.099
-0.005 0.007 0.103
-0.017 0.003 0.111
-0.013 0.015 0.109
0.013 -0.023 0.063
-0.003 -0.055 0.087
0.011 -0.021 0.063
0.013 0.019 0.045
-0.001 -0.029 0.077
0.009 0.023 0.053
-0.003 -0.025 0.087
0.007 0.035 0.097
0.009 0.049 0.101
0.001 -0.041 0.033
0.001 -0.049 0.053
-0.017 -0.035 0.075
-0.009 -0.045 0.069
-0.007 -0.051 0.073
-0.017 -0.035 0.079
-0.003 -0.007 0.071
-0.005 -0.055 0.087
-0.005 -0.057 0.079
0.015 -0.027 0.049
0.013 -0.027 0.061
-0.009 -0.033 0.043
-0.009 -0.033 0.043
0.001 -0.047 0.049
-0.001 0.017 0.091
-0.001 -0.027 0.083
-0.001 0.039 0.083
-0.001 0.015 0.091
-0.003 0.011 0.101
-0.011 -0.017 0.095
0.003 0.029 0.095
0.015 -0.035 0.037
0.015 0.021 0.043
0.001 0.021 0.083
0.003 0.025 0.085
0.003 0.049 0.107
-0.001 -0.031 0.069
0.005 -0.019 0.065
0.009 -0.023 0.067
-0.005 -0.015 0.063
0.011 -0.047 0.047
0.009 -0.035 0.051
0.015 -0.021 0.057
-0.007 0.015 0.067
0.003 0.029 0.067
0.003 0.029 0.089
-0.001 0.027 0.105
0.007 0.035 0.095
-0.003 0.041 0.105
0.003 0.055 0.105
0.011 0.005 0.039
0.015 0.019 0.037
0.003 0.019 0.055
0.019 0.039 0.041
-0.019 -0.015 0.059
-0.019 -0.031 0.071
-0.013 -0.043 0.075
-0.011 -0.049 0.081
-0.001 -0.009 0.039
-0.017 0.005 0.047
-0.019 0.005 0.057
-0.019 0.005 0.057
-0.019 0.017 0.051
-0.011 0.015 0.063
-0.015 0.031 0.065
-0.023 0.049 0.037
-0.019 0.051 0.035
-0.011 0.013 0.073
-0.019 0.029 0.093
-0.009 0.037 0.077
-0.007 0.051 0.083
-0.015 0.041 0.093
-0.021 0.025 0.103
-0.009 0.045 0.065
-0.007 0.045 0.099
0.007 -0.013 0.049
0.005 0.007 0.055
0.007 0.009 0.051
0.001 0.017 0.057
-0.001 0.011 0.067
-0.003 -0.013 0.055
0.001 0.003 0.059
-0.005 -0.041 0.087
-0.003 -0.023 0.087
-0.001 -0.007 0.075
-0.005 -0.005 0.089
0.017 -0.019 0.045
0.011 -0.017 0.041
0.015 -0.021 0.057
0.003 -0.011 0.049
0.005 0.011 0.053
-0.005 0.013 0.065
0.003 0.029 0.073
-0.017 0.051 0.039
-0.001 0.049 0.063
0.001 0.019 0.095
-0.003 0.011 0.093
0.009 0.053 0.103
-0.007 0.045 0.069
0.009 0.057 0.089
-0.001 0.017 0.097
0.005 0.007 0.055
0.011 0.021 0.049
0.009 0.043 0.047
0.003 0.029 0.071
0.007 0.059 0.093
0.001 0.037 0.105
0.007 0.053 0.099
-0.017 -0.009 0.047
-0.023 -0.011 0.041
-0.021 0.015 0.051
-0.019 -0.019 0.061
-0.019 0.011 0.061
-0.017 -0.019 0.069
-0.017 -0.019 0.071
-0.023 0.023 0.039
-0.021 0.011 0.043
-0.017 -0.011 0.055
-0.019 0.039 0.045
-0.015 0.021 0.053
-0.013 0.017 0.059
-0.021 0.029 0.039
-0.019 0.041 0.041
-0.007 0.051 0.047
-0.015 0.039 0.095
-0.015 0.037 0.085
-0.017 0.035 0.097
-0.013 0.035 0.105
-0.003 0.051 0.045
-0.011 0.047 0.055
0.005 0.049 0.047
0.003 0.049 0.057
-0.001 0.049 0.063
-0.005 0.043 0.089
-0.003 0.057 0.087
-0.007 0.053 0.095
-0.011 0.043 0.099
-0.005 0.053 0.101
