-0.011 -0.039 0.035
-0.019 -0.027 0.045
-0.021 -0.015 0.049
-0.009 -0.041 0.035
-0.007 -0.041 0.037
-0.005 -0.043 0.037
-0.005 -0.041 0.041
-0.009 -0.035 0.041
-0.001 -0.043 0.047
-0.001 -0.039 0.043
-0.007 -0.043 0.059
-0.009 -0.043 0.063
-0.011 -0.041 0.067
-0.011 -0.047 0.075
-0.019 -0.033 0.069
-0.011 -0.039 0.073
-0.017 -0.035 0.073
-0.029 -0.017 0.033
-0.023 -0.023 0.041
-0.021 -0.023 0.043
-0.023 -0.027 0.041
-0.019 -0.027 0.049
-0.025 -0.021 0.041
-0.025 -0.017 0.045
-0.017 -0.031 0.041
-0.021 -0.027 0.043
-0.017 -0.027 0.053
-0.019 -0.027 0.059
-0.023 -0.021 0.043
-0.021 -0.023 0.059
-0.021 -0.019 0.053
-0.021 -0.021 0.055
-0.021 -0.021 0.057
-0.013 -0.031 0.045
-0.019 -0.029 0.065
-0.019 -0.027 0.063
-0.019 -0.031 0.063
-0.019 -0.031 0.065
-0.025 -0.015 0.045
-0.023 -0.013 0.045
-0.023 -0.011 0.043
-0.023 -0.013 0.045
-0.019 -0.013 0.047
-0.023 -0.015 0.045
-0.023 -0.013 0.045
-0.019 -0.011 0.053
-0.019 -0.011 0.053
-0.015 -0.011 0.057
-0.017 -0.009 0.047
-0.019 -0.027 0.061
-0.019 -0.017 0.061
-0.019 -0.017 0.061
-0.019 -0.027 0.059
-0.021 -0.027 0.071
-0.019 -0.031 0.071
-0.019 -0.029 0.069
-0.019 -0.023 0.073
-0.019 -0.031 0.069
-0.019 -0.031 0.081
-0.019 -0.029 0.083
-0.019 -0.019 0.075
-0.021 -0.019 0.079
-0.021 -0.019 0.081
-0.021 -0.021 0.083
-0.017 -0.009 0.049
-0.017 -0.011 0.055
-0.011 -0.013 0.061
-0.021 -0.005 0.071
-0.015 -0.013 0.061
-0.017 -0.005 0.063
-0.017 -0.007 0.067
-0.021 -0.005 0.073
-0.021 -0.009 0.083
-0.021 -0.005 0.083
-0.011 -0.045 0.073
-0.015 -0.037 0.071
-0.011 -0.039 0.069
-0.019 -0.033 0.071
-0.011 -0.039 0.077
-0.017 -0.033 0.081
-0.015 -0.035 0.081
-0.011 -0.047 0.077
-0.011 -0.047 0.079
-0.015 -0.037 0.073
-0.013 -0.037 0.077
-0.013 -0.035 0.083
-0.013 -0.035 0.087
-0.005 -0.057 0.081
-0.017 -0.033 0.081
-0.011 -0.041 0.081
-0.005 -0.043 0.087
-0.015 -0.033 0.085
-0.019 -0.029 0.065
-0.019 -0.031 0.073
-0.021 -0.027 0.073
-0.017 -0.019 0.069
-0.019 -0.023 0.071
-0.019 -0.021 0.075
-0.021 -0.027 0.075
-0.019 -0.031 0.081
-0.021 -0.023 0.083
-0.021 -0.019 0.081
-0.021 -0.019 0.081
-0.021 -0.021 0.083
-0.019 -0.023 0.087
-0.019 -0.025 0.087
-0.017 -0.027 0.089
-0.021 -0.019 0.083
-0.017 -0.023 0.091
-0.017 -0.023 0.091
-0.015 -0.019 0.093
-0.021 -0.009 0.077
-0.021 -0.011 0.079
-0.021 -0.013 0.083
-0.021 -0.011 0.081
-0.021 -0.007 0.079
-0.021 -0.011 0.081
-0.021 -0.009 0.081
-0.021 -0.007 0.085
-0.017 -0.005 0.089
-0.021 -0.017 0.081
-0.017 -0.017 0.091
-0.017 -0.011 0.091
-0.015 -0.007 0.091
-0.017 -0.029 0.085
-0.019 -0.025 0.087
-0.017 -0.021 0.091
-0.013 -0.031 0.091
-0.013 -0.023 0.093
-0.013 -0.021 0.095
-0.015 -0.021 0.093
-0.013 -0.021 0.095
-0.013 -0.019 0.095
-0.021 -0.007 0.085
-0.019 -0.005 0.087
-0.017 -0.003 0.087
-0.019 -0.011 0.089
-0.013 -0.013 0.095
-0.013 -0.017 0.095
-0.013 -0.017 0.095
-0.013 -0.005 0.093
-0.013 -0.003 0.093
-0.013 -0.015 0.095
-0.013 -0.011 0.095
-0.013 -0.015 0.095
-0.011 -0.013 0.095
-0.013 -0.011 0.095
-0.013 -0.003 0.093
-0.011 -0.005 0.093
-0.005 -0.037 0.041
-0.017 -0.029 0.057
-0.021 -0.021 0.059
-0.003 -0.041 0.043
-0.003 -0.041 0.043
-0.001 -0.045 0.049
-0.001 -0.041 0.049
0.001 -0.039 0.049
-0.015 -0.035 0.063
-0.001 -0.045 0.047
-0.005 -0.047 0.059
-0.017 -0.035 0.073
-0.011 -0.039 0.071
-0.015 -0.037 0.073
-0.015 -0.037 0.073
-0.011 -0.041 0.077
-0.017 -0.035 0.073
-0.017 -0.035 0.073
-0.015 -0.037 0.073
-0.013 -0.037 0.075
-0.013 -0.037 0.075
-0.011 -0.039 0.077
-0.011 -0.043 0.079
-0.011 -0.045 0.079
-0.019 -0.033 0.069
-0.019 -0.033 0.071
-0.021 -0.027 0.073
-0.021 -0.025 0.061
-0.019 -0.021 0.065
-0.021 -0.025 0.073
-0.019 -0.023 0.071
-0.021 -0.025 0.073
-0.019 -0.023 0.071
-0.019 -0.031 0.075
-0.021 -0.027 0.071
-0.019 -0.029 0.073
-0.019 -0.033 0.077
-0.019 -0.029 0.075
-0.019 -0.031 0.079
-0.021 -0.025 0.075
-0.021 -0.025 0.077
-0.021 -0.023 0.081
-0.021 -0.023 0.081
-0.021 -0.023 0.083
-0.021 -0.023 0.083
-0.017 -0.017 0.063
-0.015 -0.015 0.063
-0.017 -0.019 0.067
-0.017 -0.019 0.069
-0.017 -0.017 0.065
-0.015 -0.017 0.067
-0.015 -0.011 0.057
-0.019 -0.009 0.071
-0.017 -0.029 0.087
-0.021 -0.023 0.081
-0.021 -0.021 0.081
-0.021 -0.019 0.083
-0.021 -0.025 0.083
-0.019 -0.023 0.085
-0.019 -0.023 0.085
-0.019 -0.025 0.085
-0.017 -0.027 0.089
-0.019 -0.023 0.087
-0.019 -0.023 0.089
-0.019 -0.023 0.089
-0.019 -0.021 0.089
-0.019 -0.021 0.089
-0.019 -0.025 0.087
-0.015 -0.029 0.089
-0.017 -0.023 0.091
-0.017 -0.005 0.089
-0.021 0.011 0.047
-0.019 0.009 0.049
-0.019 0.011 0.053
-0.025 0.023 0.033
-0.021 0.017 0.043
-0.021 0.015 0.049
-0.019 0.035 0.053
-0.023 0.015 0.035
-0.019 0.003 0.051
-0.021 0.011 0.045
-0.021 0.011 0.047
-0.017 0.005 0.045
-0.019 0.007 0.047
-0.019 0.007 0.051
-0.017 0.003 0.049
-0.019 0.007 0.047
-0.019 -0.001 0.057
-0.019 -0.001 0.065
-0.023 0.025 0.039
-0.021 0.029 0.039
-0.021 0.029 0.039
-0.019 0.019 0.043
-0.019 0.017 0.047
-0.023 0.021 0.041
-0.019 0.013 0.055
-0.021 0.029 0.043
-0.019 0.005 0.053
-0.019 0.011 0.055
-0.021 0.001 0.063
-0.019 0.007 0.057
-0.019 0.007 0.061
-0.021 -0.001 0.071
-0.017 0.013 0.059
-0.013 0.015 0.063
-0.013 0.013 0.067
-0.013 0.011 0.071
-0.017 0.021 0.049
-0.017 0.029 0.051
-0.019 0.031 0.051
-0.017 0.017 0.055
-0.015 0.021 0.053
-0.015 0.023 0.051
-0.015 0.029 0.051
-0.013 0.027 0.053
-0.015 0.031 0.053
-0.015 0.021 0.071
-0.009 0.021 0.057
-0.009 0.019 0.061
-0.015 0.021 0.071
-0.015 0.025 0.071
-0.015 0.029 0.065
-0.015 0.023 0.071
-0.021 0.035 0.037
-0.021 0.031 0.043
-0.021 0.039 0.039
-0.023 0.047 0.039
-0.019 0.045 0.039
-0.019 0.041 0.045
-0.021 0.039 0.051
-0.021 0.031 0.045
-0.021 0.033 0.045
-0.021 0.037 0.049
-0.021 0.039 0.047
-0.019 0.043 0.041
-0.015 0.045 0.041
-0.019 0.041 0.051
-0.021 0.039 0.051
-0.019 0.035 0.053
-0.017 0.043 0.051
-0.021 0.039 0.051
-0.017 0.051 0.039
-0.017 0.049 0.041
-0.017 0.035 0.055
-0.021 0.039 0.051
-0.017 0.041 0.055
-0.011 0.045 0.059
-0.013 0.041 0.061
-0.013 0.041 0.061
-0.013 0.039 0.067
-0.009 0.045 0.067
-0.009 0.049 0.059
-0.009 0.047 0.063
-0.009 0.047 0.063
-0.007 0.047 0.065
-0.021 0.003 0.071
-0.019 0.009 0.067
-0.021 0.001 0.075
-0.015 0.011 0.069
-0.013 0.003 0.087
-0.013 0.003 0.087
-0.015 0.019 0.073
-0.015 0.019 0.073
-0.017 0.019 0.077
-0.025 0.017 0.089
-0.015 0.023 0.071
-0.015 0.027 0.067
-0.015 0.029 0.065
-0.015 0.031 0.073
-0.025 0.019 0.093
-0.025 0.015 0.087
-0.017 0.021 0.077
-0.023 0.023 0.101
-0.025 0.013 0.097
-0.013 0.003 0.087
-0.013 0.003 0.089
-0.015 0.013 0.091
-0.013 0.003 0.089
-0.015 0.015 0.097
-0.007 0.013 0.091
-0.007 0.013 0.095
-0.007 0.013 0.095
-0.017 0.009 0.109
-0.025 0.017 0.093
-0.025 0.017 0.093
-0.025 0.017 0.097
-0.023 0.021 0.091
-0.025 0.017 0.089
-0.025 0.015 0.097
-0.021 0.025 0.093
-0.021 0.027 0.095
-0.021 0.029 0.099
-0.019 0.029 0.089
-0.015 0.031 0.069
-0.015 0.031 0.073
-0.015 0.033 0.075
-0.013 0.037 0.073
-0.005 0.045 0.069
-0.021 0.029 0.097
-0.017 0.031 0.089
-0.021 0.027 0.097
-0.021 0.029 0.097
-0.017 0.033 0.091
-0.017 0.035 0.095
-0.013 0.043 0.093
-0.013 0.041 0.095
-0.015 0.039 0.097
-0.013 0.045 0.093
-0.013 0.045 0.093
-0.015 0.037 0.089
-0.017 0.037 0.095
-0.015 0.037 0.097
-0.021 0.029 0.103
-0.021 0.031 0.103
-0.013 0.031 0.105
-0.015 0.035 0.103
-0.015 0.039 0.095
-0.015 0.037 0.097
-0.009 0.047 0.097
-0.003 0.059 0.085
-0.009 0.045 0.097
-0.011 0.049 0.095
-0.009 0.047 0.097
-0.025 0.013 0.103
-0.025 0.015 0.103
-0.025 0.013 0.103
-0.019 0.003 0.111
-0.017 0.011 0.109
-0.019 0.005 0.109
-0.017 0.009 0.111
-0.017 0.009 0.109
-0.017 0.011 0.109
-0.017 0.011 0.111
-0.015 0.013 0.111
-0.023 0.023 0.101
-0.019 0.021 0.101
-0.021 0.029 0.099
-0.019 0.031 0.097
-0.021 0.025 0.103
-0.023 0.025 0.109
-0.021 0.029 0.103
-0.023 0.025 0.109
-0.023 0.027 0.107
-0.011 0.015 0.099
-0.015 0.017 0.103
-0.017 0.015 0.107
-0.015 0.017 0.107
-0.015 0.013 0.111
-0.011 0.015 0.109
-0.015 0.021 0.107
-0.013 0.019 0.109
-0.013 0.019 0.115
-0.013 0.025 0.111
-0.013 0.029 0.105
-0.013 0.023 0.113
-0.013 0.023 0.111
-0.007 0.031 0.105
-0.013 0.021 0.115
-0.013 0.023 0.115
-0.019 0.033 0.101
-0.015 0.037 0.099
-0.007 0.043 0.103
-0.009 0.049 0.097
-0.007 0.055 0.099
-0.005 0.057 0.099
-0.021 0.003 0.071
-0.019 0.005 0.069
-0.019 0.009 0.067
-0.009 0.019 0.061
-0.007 0.023 0.059
-0.019 0.007 0.061
-0.021 0.003 0.067
-0.017 0.007 0.075
-0.021 0.001 0.073
-0.019 0.007 0.071
-0.019 0.003 0.075
-0.017 0.013 0.061
-0.013 0.015 0.063
-0.009 0.017 0.065
-0.007 0.023 0.059
-0.009 0.025 0.055
-0.013 0.011 0.071
-0.013 0.017 0.073
-0.017 0.021 0.079
-0.009 0.017 0.065
-0.015 0.021 0.071
-0.025 0.017 0.089
-0.023 0.021 0.089
-0.025 0.017 0.089
-0.021 -0.003 0.077
-0.015 0.009 0.073
-0.017 0.007 0.075
-0.015 0.009 0.073
-0.015 0.009 0.073
-0.017 0.005 0.079
-0.013 0.009 0.077
-0.013 0.015 0.073
-0.009 0.017 0.065
-0.017 0.021 0.077
-0.021 0.023 0.085
-0.023 0.019 0.087
-0.017 0.023 0.079
-0.011 0.027 0.053
-0.011 0.029 0.057
-0.013 0.041 0.059
-0.015 0.031 0.073
-0.013 0.039 0.065
-0.013 0.041 0.063
-0.013 0.041 0.067
-0.013 0.041 0.067
-0.013 0.035 0.067
-0.015 0.025 0.071
-0.023 0.023 0.091
-0.013 0.043 0.061
-0.011 0.043 0.063
-0.015 0.029 0.077
-0.015 0.031 0.077
-0.015 0.029 0.079
-0.011 0.041 0.069
-0.013 0.037 0.073
-0.019 0.027 0.085
-0.005 0.043 0.071
-0.011 0.045 0.065
-0.011 0.043 0.069
-0.007 0.045 0.069
-0.015 -0.003 0.089
-0.025 0.017 0.095
-0.025 0.019 0.099
-0.023 0.023 0.099
-0.025 0.021 0.099
-0.015 0.021 0.103
-0.013 0.027 0.105
-0.013 0.027 0.107
-0.017 0.033 0.089
-0.021 0.027 0.097
-0.017 0.031 0.091
-0.013 0.029 0.105
-0.015 0.037 0.103
-0.015 0.035 0.103
-0.013 0.035 0.105
-0.013 0.035 0.105
-0.013 0.031 0.105
-0.005 0.039 0.105
-0.007 0.041 0.105
-0.005 0.045 0.101
-0.007 0.043 0.103
-0.005 0.047 0.101
0.001 0.061 0.087
0.001 0.059 0.089
-0.009 0.049 0.097
-0.005 0.049 0.101
-0.005 0.053 0.101
-0.013 0.021 0.115
-0.005 0.035 0.105
-0.005 0.035 0.105
-0.003 0.037 0.105
-0.003 0.037 0.105
-0.003 0.041 0.105
0.001 0.045 0.103
-0.003 0.047 0.103
-0.001 0.049 0.107
0.003 0.049 0.107
0.001 0.057 0.105
