-0.009 -0.035 0.059
-0.019 -0.031 0.037
-0.021 -0.017 0.047
-0.021 -0.023 0.045
-0.007 -0.029 0.051
-0.013 -0.035 0.063
-0.021 -0.017 0.049
-0.017 -0.003 0.057
-0.017 -0.003 0.059
-0.013 -0.037 0.069
-0.021 -0.017 0.079
-0.021 -0.009 0.075
-0.015 -0.025 0.091
-0.021 -0.007 0.083
-0.015 -0.007 0.091
0.005 -0.047 0.043
-0.003 -0.047 0.055
0.007 -0.049 0.055
-0.001 -0.033 0.045
-0.011 -0.043 0.071
-0.011 -0.039 0.079
-0.019 0.011 0.041
-0.023 0.015 0.041
-0.021 0.037 0.051
-0.017 0.021 0.075
-0.017 0.023 0.079
-0.013 0.007 0.085
-0.017 0.019 0.081
-0.025 0.015 0.089
-0.015 0.039 0.097
-0.025 0.015 0.097
-0.023 0.027 0.107
-0.003 0.017 0.105
-0.015 0.023 0.107
-0.021 -0.019 0.055
-0.021 -0.017 0.057
-0.019 -0.023 0.067
-0.009 0.015 0.095
-0.009 0.015 0.097
-0.017 0.017 0.079
-0.015 0.013 0.095
-0.007 0.015 0.101
0.005 -0.049 0.047
-0.001 -0.049 0.055
0.007 -0.049 0.057
-0.001 -0.045 0.041
0.013 -0.041 0.037
0.011 -0.041 0.055
0.013 -0.027 0.061
-0.003 -0.047 0.087
-0.003 -0.033 0.077
-0.011 -0.031 0.091
0.013 -0.033 0.033
0.015 -0.041 0.039
0.015 -0.041 0.043
0.009 -0.049 0.053
0.005 -0.047 0.061
0.005 -0.043 0.063
0.011 -0.023 0.035
0.011 -0.023 0.039
0.015 -0.019 0.039
0.017 -0.027 0.057
0.011 0.007 0.041
0.003 0.005 0.051
0.007 0.035 0.063
0.013 0.025 0.051
0.001 -0.001 0.071
-0.001 -0.003 0.079
-0.001 -0.017 0.079
-0.005 -0.005 0.089
-0.003 -0.005 0.085
-0.003 0.017 0.083
0.005 0.031 0.083
-0.001 0.021 0.091
0.005 0.031 0.083
-0.013 0.009 0.107
-0.001 0.015 0.097
0.003 0.005 0.055
0.001 0.003 0.057
0.005 0.017 0.053
0.003 0.029 0.059
0.021 0.033 0.039
0.001 0.021 0.095
0.005 0.035 0.089
0.013 0.033 0.047
-0.001 -0.021 0.067
0.007 0.045 0.059
0.009 0.045 0.051
-0.001 -0.021 0.069
-0.001 -0.011 0.081
-0.001 -0.007 0.081
0.007 0.047 0.095
-0.003 -0.025 0.087
-0.001 -0.013 0.081
-0.001 -0.005 0.077
0.005 0.053 0.099
0.011 -0.009 0.037
0.011 -0.019 0.055
0.013 -0.021 0.059
0.015 -0.021 0.053
0.015 -0.019 0.039
0.019 0.031 0.045
0.015 0.027 0.047
0.009 -0.017 0.053
0.009 -0.015 0.051
0.007 -0.021 0.063
-0.005 0.047 0.065
-0.017 0.045 0.041
-0.017 0.053 0.033
-0.009 0.045 0.065
-0.011 0.045 0.061
-0.003 0.051 0.057
-0.001 0.001 0.079
0.003 0.055 0.083
-0.001 0.043 0.071
0.001 0.061 0.085
0.003 0.031 0.091
-0.001 0.049 0.097
0.003 0.047 0.097
-0.003 0.057 0.087
0.001 0.061 0.083
-0.011 0.025 0.111
-0.009 0.027 0.107
-0.015 0.037 0.103
0.001 0.057 0.103
0.013 0.029 0.051
0.009 0.039 0.057
0.005 0.045 0.035
0.011 0.041 0.045
0.003 0.031 0.071
0.003 0.061 0.087
0.009 0.057 0.089
0.015 -0.005 0.037
-0.005 -0.013 0.057
-0.003 -0.017 0.063
0.001 0.003 0.067
-0.003 -0.033 0.071
-0.003 -0.045 0.085
-0.005 0.003 0.083
-0.005 -0.011 0.091
-0.007 -0.009 0.091
0.005 -0.041 0.061
0.015 -0.007 0.033
0.001 -0.039 0.065
0.021 0.031 0.045
0.011 0.009 0.043
0.011 0.011 0.041
0.019 0.029 0.041
0.001 0.013 0.061
0.009 0.039 0.057
0.001 0.021 0.097
0.005 0.035 0.093
-0.003 0.033 0.079
-0.001 0.053 0.097
-0.003 0.013 0.099
-0.003 0.011 0.101
0.003 0.035 0.101
0.007 0.053 0.099
0.015 0.013 0.033
0.011 0.009 0.043
0.013 0.015 0.041
0.021 0.029 0.039
0.005 0.017 0.053
0.013 0.023 0.049
0.007 0.059 0.091
0.009 0.045 0.099
0.013 -0.043 0.037
0.013 -0.023 0.063
-0.009 -0.007 0.061
-0.003 -0.053 0.083
-0.011 -0.035 0.087
-0.005 -0.011 0.073
-0.003 -0.011 0.089
0.009 -0.045 0.037
0.015 -0.007 0.035
0.017 -0.027 0.055
0.011 0.005 0.035
0.001 0.003 0.045
0.013 0.013 0.039
0.015 0.009 0.037
0.015 0.015 0.035
0.015 0.017 0.035
0.011 0.035 0.053
0.003 0.027 0.057
0.007 0.039 0.061
0.007 0.045 0.053
-0.009 0.017 0.073
-0.003 0.013 0.085
-0.003 0.009 0.095
0.003 0.025 0.087
0.005 0.025 0.031
0.009 0.005 0.043
0.003 0.005 0.047
0.003 0.025 0.087
0.005 0.029 0.097
0.007 -0.047 0.041
-0.001 -0.047 0.067
-0.003 -0.047 0.067
0.005 -0.025 0.045
-0.007 -0.045 0.059
-0.001 -0.039 0.069
-0.001 -0.029 0.069
-0.005 -0.053 0.075
-0.003 -0.049 0.083
-0.003 -0.045 0.087
-0.011 -0.019 0.095
0.015 -0.043 0.041
0.007 -0.047 0.059
0.007 -0.025 0.047
0.015 -0.029 0.053
0.011 -0.029 0.059
0.009 -0.027 0.055
0.015 -0.027 0.059
0.005 -0.025 0.065
-0.001 -0.003 0.065
-0.001 -0.003 0.061
0.001 0.001 0.065
0.001 0.001 0.069
-0.001 -0.007 0.083
-0.001 -0.019 0.085
-0.005 0.007 0.093
-0.017 0.001 0.113
0.003 0.029 0.101
0.019 -0.021 0.051
0.015 0.007 0.035
0.011 0.007 0.043
0.021 0.025 0.035
0.015 0.009 0.037
0.013 0.009 0.041
0.005 0.021 0.053
0.015 0.027 0.047
0.013 0.029 0.051
0.013 0.049 0.085
0.003 0.045 0.103
-0.015 -0.035 0.035
-0.027 -0.019 0.041
-0.025 -0.017 0.043
-0.021 -0.021 0.049
-0.025 -0.013 0.039
-0.019 -0.029 0.061
-0.015 -0.009 0.051
-0.017 -0.011 0.055
-0.009 -0.039 0.067
-0.015 -0.007 0.065
-0.021 0.001 0.071
-0.017 -0.017 0.065
-0.021 0.013 0.047
-0.025 0.019 0.035
-0.023 0.017 0.037
-0.019 0.001 0.057
-0.017 0.051 0.037
-0.017 0.039 0.055
-0.013 0.045 0.055
-0.013 0.037 0.061
-0.013 0.013 0.077
-0.013 0.023 0.067
-0.015 0.027 0.067
-0.015 0.031 0.065
-0.015 0.013 0.085
-0.023 0.017 0.091
-0.011 0.037 0.075
-0.003 0.045 0.089
-0.025 0.015 0.097
-0.025 0.017 0.103
-0.025 0.019 0.099
-0.023 0.025 0.107
-0.023 0.031 0.037
-0.017 0.009 0.043
-0.021 0.039 0.039
-0.021 0.035 0.049
-0.019 0.041 0.045
-0.015 0.033 0.085
-0.017 0.035 0.099
-0.007 0.047 0.099
-0.005 -0.013 0.091
-0.013 -0.011 0.095
-0.005 -0.039 0.073
-0.011 -0.013 0.095
-0.005 -0.011 0.091
-0.003 -0.011 0.089
-0.019 0.003 0.077
-0.007 0.011 0.101
-0.007 0.007 0.089
-0.013 -0.005 0.093
-0.019 -0.025 0.087
0.001 -0.041 0.067
0.015 -0.039 0.047
0.009 -0.037 0.053
0.005 -0.005 0.039
0.011 -0.017 0.051
-0.019 0.031 0.051
-0.015 0.017 0.109
-0.015 0.029 0.103
-0.019 0.049 0.039
-0.005 0.057 0.103
-0.017 0.033 0.103
-0.007 0.009 0.103
-0.023 0.021 0.101
-0.003 0.045 0.103
-0.011 0.045 0.097
-0.015 0.009 0.111
-0.025 0.021 0.099
-0.017 0.021 0.101
-0.003 0.059 0.103
0.009 0.011 0.045
0.011 0.011 0.043
0.013 0.013 0.039
0.003 0.031 0.103
0.019 0.027 0.045
0.001 0.021 0.107
0.007 0.037 0.097
0.003 0.049 0.107
0.009 0.045 0.101
0.019 0.033 0.045
0.003 0.037 0.103
0.005 0.039 0.099
0.003 0.049 0.107
0.005 0.039 0.099
-0.003 -0.049 0.057
-0.013 -0.037 0.035
-0.019 -0.027 0.049
-0.013 -0.027 0.049
-0.009 -0.045 0.067
-0.003 -0.045 0.071
-0.003 -0.053 0.083
-0.017 -0.035 0.067
-0.007 -0.045 0.067
-0.001 -0.019 0.079
-0.007 -0.053 0.083
-0.001 -0.015 0.083
0.009 -0.037 0.031
0.009 -0.041 0.033
0.005 -0.049 0.047
0.007 -0.049 0.049
0.007 -0.049 0.051
0.013 -0.015 0.037
0.007 -0.045 0.037
0.005 -0.045 0.039
0.009 -0.049 0.049
-0.009 -0.035 0.041
-0.003 -0.043 0.041
0.001 -0.047 0.047
0.015 -0.041 0.039
0.005 -0.025 0.069
-0.001 -0.001 0.073
-0.001 -0.021 0.075
0.007 -0.025 0.067
-0.003 -0.047 0.083
-0.003 -0.031 0.081
-0.001 -0.017 0.079
-0.003 0.013 0.085
-0.015 0.013 0.095
-0.013 0.017 0.101
-0.005 0.009 0.103
0.015 0.009 0.031
0.015 0.015 0.039
0.017 -0.021 0.043
0.017 -0.023 0.045
0.015 -0.027 0.049
0.021 0.025 0.035
0.015 -0.029 0.051
0.015 -0.029 0.053
0.017 0.023 0.043
0.013 -0.045 0.049
-0.001 -0.041 0.069
0.015 -0.029 0.053
0.019 -0.025 0.055
0.003 -0.039 0.061
-0.003 -0.033 0.069
-0.003 -0.045 0.069
-0.003 -0.045 0.071
-0.005 -0.031 0.085
-0.007 -0.011 0.071
-0.001 -0.009 0.077
-0.007 -0.009 0.091
0.015 -0.035 0.045
0.017 -0.027 0.057
0.009 -0.023 0.067
0.003 0.005 0.055
0.005 0.013 0.053
-0.001 0.025 0.057
-0.005 0.021 0.069
-0.003 0.019 0.077
-0.003 0.013 0.087
-0.005 0.007 0.097
-0.005 0.007 0.101
0.001 0.023 0.089
0.001 0.023 0.077
0.003 0.031 0.093
0.007 0.037 0.095
-0.003 0.029 0.105
0.013 0.009 0.041
0.021 0.027 0.037
0.011 0.023 0.051
-0.023 -0.025 0.041
-0.019 -0.025 0.067
-0.025 -0.017 0.045
-0.019 -0.011 0.043
-0.009 -0.009 0.035
-0.019 -0.019 0.061
-0.019 -0.011 0.051
-0.013 -0.009 0.055
-0.015 -0.015 0.063
-0.011 -0.045 0.071
-0.019 -0.031 0.071
-0.019 -0.031 0.075
-0.011 -0.043 0.083
-0.011 -0.017 0.067
-0.019 -0.009 0.071
-0.011 -0.017 0.069
-0.019 -0.009 0.073
-0.019 -0.005 0.067
-0.017 -0.015 0.073
-0.021 -0.009 0.075
-0.019 -0.009 0.071
-0.021 -0.005 0.083
-0.021 -0.017 0.047
-0.019 -0.021 0.065
-0.019 0.003 0.059
-0.021 0.011 0.043
-0.023 0.017 0.043
-0.021 0.011 0.047
-0.021 0.013 0.043
-0.017 0.019 0.053
-0.009 0.021 0.057
-0.021 0.003 0.065
-0.013 0.009 0.079
-0.017 0.017 0.083
-0.019 0.031 0.095
-0.009 0.049 0.093
-0.025 0.013 0.103
-0.025 0.015 0.097
-0.017 0.009 0.107
-0.023 0.021 0.101
-0.013 0.041 0.103
-0.021 0.035 0.039
-0.011 0.051 0.037
-0.017 0.021 0.047
-0.011 0.049 0.049
-0.011 0.049 0.039
-0.013 0.039 0.089
-0.013 0.041 0.097
-0.003 0.045 0.089
-0.003 0.059 0.085
-0.013 0.043 0.101
0.001 0.051 0.107
0.009 -0.015 0.051
0.013 -0.019 0.057
0.001 0.009 0.059
0.007 -0.011 0.045
-0.001 0.007 0.069
0.001 0.009 0.063
-0.003 0.013 0.065
-0.005 -0.055 0.079
0.001 -0.041 0.067
-0.001 -0.017 0.079
-0.003 0.009 0.095
0.015 -0.035 0.045
0.007 -0.039 0.057
0.009 -0.039 0.055
0.013 -0.015 0.039
0.011 -0.021 0.063
0.009 0.043 0.047
0.007 0.045 0.047
0.009 0.043 0.043
0.005 0.033 0.069
0.005 0.041 0.067
-0.001 0.051 0.055
0.001 0.023 0.073
0.009 0.057 0.089
0.005 0.053 0.099
0.003 0.027 0.099
0.015 0.015 0.035
0.015 0.017 0.037
0.001 0.029 0.077
-0.023 0.025 0.039
-0.015 -0.013 0.061
-0.017 -0.013 0.059
-0.015 -0.017 0.065
-0.021 -0.023 0.063
-0.019 -0.011 0.049
-0.019 0.003 0.059
-0.021 -0.025 0.075
-0.021 -0.021 0.079
-0.021 0.003 0.067
-0.021 0.001 0.075
-0.021 -0.023 0.083
-0.027 0.013 0.095
-0.021 0.015 0.047
-0.017 0.013 0.059
-0.019 0.041 0.047
-0.019 0.003 0.059
-0.013 0.023 0.053
-0.023 0.049 0.037
-0.005 0.051 0.057
-0.021 0.001 0.075
-0.015 0.031 0.067
-0.017 0.025 0.081
-0.013 0.037 0.073
-0.017 0.031 0.089
-0.013 0.041 0.067
-0.005 0.053 0.085
-0.011 0.027 0.107
-0.011 0.027 0.107
-0.005 0.059 0.101
0.001 0.049 0.041
-0.015 0.041 0.057
-0.001 0.049 0.063
-0.009 0.045 0.087
-0.005 0.053 0.085
-0.003 0.045 0.089
0.001 0.059 0.089
