0.015 -0.029 0.051
0.013 -0.033 0.045
0.017 -0.021 0.055
0.017 -0.021 0.049
0.011 -0.017 0.045
0.007 -0.011 0.043
0.005 -0.009 0.039
0.017 -0.027 0.057
0.017 -0.023 0.059
0.015 -0.021 0.057
0.007 -0.035 0.051
0.009 -0.039 0.055
0.013 -0.021 0.061
0.015 -0.029 0.057
0.017 -0.027 0.057
0.009 -0.043 0.059
0.005 -0.037 0.055
0.005 -0.043 0.063
0.003 -0.045 0.065
-0.001 -0.031 0.065
-0.001 -0.027 0.073
-0.001 -0.027 0.073
-0.003 -0.033 0.067
-0.001 -0.019 0.055
0.011 -0.019 0.061
-0.001 -0.019 0.055
-0.001 -0.017 0.053
-0.005 -0.009 0.051
-0.005 -0.011 0.053
-0.005 -0.013 0.057
-0.007 -0.009 0.053
-0.001 -0.015 0.051
-0.005 -0.011 0.053
-0.003 -0.017 0.059
0.009 -0.017 0.053
0.009 -0.013 0.043
0.011 -0.015 0.047
0.005 -0.021 0.061
0.013 -0.021 0.059
0.015 -0.023 0.059
-0.009 -0.007 0.051
-0.005 -0.009 0.051
-0.005 -0.009 0.049
-0.009 -0.009 0.055
-0.003 -0.003 0.055
-0.003 -0.005 0.061
-0.003 -0.019 0.063
-0.003 -0.019 0.065
-0.003 -0.019 0.067
-0.003 -0.017 0.063
-0.005 -0.017 0.065
-0.009 -0.013 0.061
-0.005 -0.019 0.071
-0.001 -0.023 0.073
-0.011 -0.015 0.065
-0.011 -0.015 0.065
0.005 -0.019 0.065
0.007 -0.021 0.067
0.003 -0.015 0.051
0.007 -0.023 0.071
0.007 -0.023 0.069
-0.003 -0.017 0.061
-0.001 -0.019 0.059
-0.003 -0.017 0.061
-0.003 -0.019 0.063
-0.003 -0.017 0.063
0.001 -0.001 0.065
-0.011 -0.011 0.059
-0.005 -0.007 0.065
-0.001 -0.005 0.069
-0.001 -0.003 0.067
-0.013 -0.011 0.059
-0.013 -0.013 0.061
0.001 0.003 0.071
-0.001 0.003 0.075
-0.009 -0.007 0.051
-0.007 -0.009 0.053
-0.007 -0.011 0.057
-0.001 -0.015 0.051
-0.009 -0.011 0.059
0.001 0.001 0.071
-0.001 -0.001 0.073
-0.001 -0.003 0.071
-0.001 -0.003 0.067
-0.001 -0.003 0.067
-0.003 -0.005 0.061
-0.001 -0.003 0.063
-0.005 -0.051 0.077
-0.005 -0.053 0.079
-0.003 -0.047 0.081
-0.001 -0.041 0.069
-0.003 -0.041 0.073
-0.001 -0.043 0.069
-0.001 -0.045 0.067
-0.003 -0.035 0.073
-0.003 -0.033 0.077
-0.001 -0.039 0.069
-0.001 -0.031 0.073
-0.005 -0.043 0.075
-0.003 -0.031 0.083
-0.007 -0.039 0.077
-0.007 -0.035 0.081
-0.003 -0.033 0.079
-0.005 -0.035 0.075
-0.007 -0.039 0.077
-0.003 -0.045 0.087
-0.003 -0.051 0.085
-0.003 -0.055 0.087
-0.003 -0.053 0.087
-0.005 -0.043 0.087
-0.005 -0.041 0.083
-0.005 -0.045 0.087
-0.003 -0.045 0.085
-0.009 -0.039 0.081
-0.009 -0.035 0.085
-0.009 -0.031 0.089
-0.011 -0.033 0.089
-0.011 -0.035 0.087
-0.005 -0.033 0.083
-0.001 -0.017 0.079
-0.001 -0.013 0.083
-0.001 -0.013 0.083
-0.003 -0.017 0.089
-0.001 -0.031 0.067
-0.003 -0.013 0.079
-0.001 -0.015 0.079
0.003 -0.021 0.069
-0.005 -0.017 0.067
-0.001 -0.021 0.071
-0.001 -0.021 0.071
-0.001 -0.025 0.077
-0.001 -0.021 0.075
-0.001 -0.021 0.077
-0.001 -0.003 0.081
-0.001 0.003 0.077
-0.001 -0.001 0.081
-0.001 -0.009 0.083
-0.005 -0.009 0.089
-0.003 -0.007 0.087
-0.007 -0.001 0.087
-0.009 0.003 0.085
-0.009 -0.015 0.065
-0.001 -0.003 0.077
-0.011 -0.025 0.093
-0.009 -0.027 0.091
-0.003 -0.027 0.087
-0.003 -0.025 0.085
-0.001 -0.023 0.083
-0.001 -0.023 0.085
-0.009 -0.027 0.091
-0.009 -0.023 0.091
-0.011 -0.017 0.095
-0.009 -0.017 0.093
-0.005 -0.017 0.091
-0.007 -0.007 0.091
-0.011 0.001 0.089
-0.001 -0.003 0.081
-0.005 -0.001 0.085
-0.011 -0.007 0.093
-0.003 -0.011 0.089
-0.005 -0.005 0.089
0.015 -0.033 0.039
0.017 -0.025 0.047
0.013 -0.029 0.041
0.015 -0.031 0.037
0.015 -0.017 0.041
0.015 -0.019 0.039
0.011 -0.015 0.039
0.013 -0.015 0.039
0.013 -0.013 0.037
0.011 -0.011 0.037
0.015 -0.035 0.045
0.015 -0.039 0.047
0.013 -0.029 0.041
0.015 -0.037 0.039
0.015 -0.037 0.037
0.013 -0.041 0.047
0.013 -0.043 0.051
0.013 -0.043 0.049
0.013 -0.045 0.047
0.013 -0.035 0.049
0.009 -0.045 0.057
0.007 -0.045 0.059
0.009 -0.043 0.057
0.007 -0.039 0.057
0.011 -0.045 0.051
0.011 -0.045 0.053
0.015 -0.029 0.057
0.013 -0.037 0.049
0.011 -0.037 0.051
0.007 -0.047 0.059
0.009 -0.041 0.057
0.001 -0.039 0.063
0.017 -0.023 0.049
0.017 -0.021 0.047
0.017 -0.021 0.047
0.017 -0.019 0.045
0.013 -0.021 0.035
0.013 -0.017 0.037
0.015 -0.017 0.041
0.017 -0.023 0.059
0.017 -0.027 0.049
0.013 -0.031 0.043
0.013 -0.029 0.043
0.019 -0.025 0.055
0.019 -0.021 0.051
0.017 -0.021 0.043
0.015 -0.019 0.051
0.007 -0.011 0.039
0.013 -0.011 0.037
0.013 -0.007 0.039
0.011 -0.011 0.037
0.001 -0.003 0.033
0.007 -0.007 0.039
0.007 -0.005 0.039
0.015 -0.007 0.035
0.015 -0.003 0.035
0.009 -0.007 0.039
0.013 -0.005 0.039
0.005 -0.009 0.045
0.005 -0.009 0.045
0.005 -0.009 0.045
0.015 -0.029 0.055
0.017 -0.023 0.059
0.017 -0.025 0.059
0.009 -0.019 0.055
0.013 -0.019 0.059
0.015 -0.021 0.057
0.015 -0.019 0.051
0.015 -0.019 0.051
0.015 -0.021 0.057
0.017 -0.021 0.055
0.015 -0.025 0.061
0.017 -0.023 0.059
0.009 -0.015 0.051
0.005 -0.011 0.049
0.003 -0.041 0.065
0.007 -0.021 0.069
0.011 0.017 0.047
0.011 0.019 0.049
0.013 0.019 0.045
0.011 0.033 0.049
0.011 0.041 0.043
0.001 0.015 0.057
-0.003 0.021 0.055
0.011 0.013 0.043
0.003 0.009 0.057
0.007 0.035 0.061
0.007 0.039 0.061
-0.003 0.023 0.055
0.005 0.029 0.063
0.005 0.033 0.065
0.011 0.025 0.053
0.013 0.025 0.047
-0.001 0.009 0.065
0.001 0.007 0.067
-0.001 0.011 0.067
-0.001 0.011 0.067
-0.007 0.017 0.061
-0.005 0.013 0.067
-0.007 0.017 0.063
-0.001 0.009 0.069
-0.003 0.007 0.077
-0.003 0.007 0.075
-0.007 0.015 0.065
-0.003 0.015 0.061
0.005 0.029 0.063
0.001 0.017 0.057
-0.003 0.023 0.055
0.005 0.029 0.063
0.005 0.035 0.067
0.005 0.035 0.069
-0.005 0.023 0.057
0.005 0.033 0.069
0.003 0.031 0.071
0.003 0.029 0.073
0.003 0.035 0.073
0.007 0.047 0.055
0.003 0.049 0.057
0.009 0.043 0.053
0.005 0.049 0.043
0.005 0.049 0.043
0.005 0.047 0.059
0.003 0.047 0.061
0.003 0.049 0.057
-0.015 0.053 0.037
0.003 0.051 0.045
0.003 0.045 0.067
0.005 0.039 0.067
0.001 0.047 0.061
-0.001 0.049 0.063
0.001 0.051 0.055
-0.001 0.051 0.057
0.001 0.049 0.059
-0.003 0.049 0.063
-0.005 0.007 0.077
-0.009 0.011 0.075
0.001 0.003 0.071
-0.009 0.015 0.071
-0.009 0.013 0.073
-0.001 0.011 0.067
-0.003 0.009 0.089
-0.003 0.011 0.087
-0.001 0.003 0.073
-0.009 0.009 0.079
-0.007 0.009 0.077
-0.001 0.017 0.087
-0.001 0.019 0.087
0.001 0.023 0.093
0.003 0.027 0.091
0.001 0.027 0.075
-0.001 0.023 0.081
0.001 0.025 0.071
0.001 0.025 0.075
0.001 0.023 0.073
0.003 0.027 0.071
-0.003 0.019 0.073
0.005 0.035 0.089
0.005 0.033 0.093
0.007 0.035 0.095
-0.001 0.021 0.103
-0.007 0.005 0.081
-0.009 0.007 0.081
-0.011 0.001 0.089
-0.007 0.001 0.085
-0.009 0.003 0.085
-0.001 0.017 0.089
-0.001 0.015 0.097
-0.001 0.017 0.089
-0.001 0.015 0.091
-0.003 0.009 0.097
0.001 0.021 0.101
-0.001 0.017 0.103
-0.001 0.019 0.101
-0.001 0.013 0.093
0.003 0.025 0.097
0.001 0.029 0.103
0.003 0.031 0.103
0.001 0.031 0.105
0.001 0.035 0.105
0.003 0.025 0.085
0.005 0.033 0.097
0.005 0.035 0.093
0.005 0.031 0.087
0.003 0.029 0.089
0.001 0.021 0.095
0.005 0.033 0.099
0.009 0.041 0.085
0.011 0.047 0.085
0.007 0.043 0.087
0.007 0.041 0.087
0.003 0.037 0.103
0.009 0.041 0.099
0.009 0.043 0.099
0.007 0.039 0.099
0.007 0.043 0.099
0.009 0.047 0.099
0.009 0.047 0.099
0.003 0.049 0.089
0.007 0.047 0.089
0.009 0.047 0.097
0.009 0.049 0.097
0.003 0.039 0.101
-0.001 0.041 0.103
0.003 0.043 0.101
0.007 0.039 0.099
0.007 0.037 0.097
0.009 0.043 0.099
0.005 0.037 0.099
0.003 0.039 0.101
0.005 0.047 0.103
0.007 0.051 0.105
0.009 0.047 0.099
0.009 0.051 0.103
0.005 0.047 0.103
0.005 0.047 0.103
0.009 0.053 0.091
0.007 0.051 0.089
0.007 0.057 0.091
0.003 0.061 0.087
0.007 0.061 0.093
0.007 0.055 0.105
-0.005 0.007 0.103
-0.001 0.017 0.103
-0.003 0.013 0.097
-0.003 0.013 0.103
-0.013 0.009 0.109
-0.007 0.023 0.107
-0.007 0.023 0.107
-0.009 0.027 0.107
-0.009 0.025 0.109
-0.009 0.029 0.105
-0.009 0.027 0.107
-0.011 0.031 0.105
-0.017 0.029 0.105
-0.001 0.021 0.107
0.001 0.021 0.107
0.001 0.029 0.103
-0.009 0.019 0.105
-0.009 0.019 0.107
-0.001 0.019 0.109
-0.005 0.025 0.105
0.001 0.025 0.105
-0.003 0.029 0.105
-0.001 0.041 0.105
0.003 0.047 0.105
0.007 0.049 0.103
-0.001 0.045 0.103
-0.009 0.035 0.105
-0.001 0.037 0.105
0.005 0.051 0.105
0.007 0.055 0.105
0.003 0.055 0.105
-0.001 0.059 0.101
-0.001 0.059 0.101
-0.001 0.059 0.103
0.003 0.051 0.107
0.015 0.009 0.033
0.017 0.023 0.045
0.019 0.027 0.045
0.015 0.019 0.035
0.015 0.017 0.033
0.021 0.031 0.039
0.009 0.009 0.045
0.011 0.009 0.043
0.013 0.009 0.039
0.015 0.007 0.033
0.011 0.005 0.039
0.013 0.005 0.037
0.011 0.011 0.039
0.011 0.011 0.043
0.015 0.009 0.035
0.013 0.015 0.041
0.017 0.023 0.045
0.017 0.027 0.047
0.015 0.017 0.035
0.017 0.023 0.043
0.021 0.029 0.039
0.019 0.027 0.045
0.019 0.027 0.045
0.013 0.019 0.043
0.011 0.019 0.049
0.015 0.031 0.047
0.021 0.031 0.035
0.021 0.029 0.039
0.021 0.029 0.039
0.019 0.027 0.045
0.019 0.029 0.045
0.021 0.031 0.045
0.003 0.003 0.051
0.005 0.011 0.053
0.001 0.001 0.059
0.003 0.007 0.059
0.007 0.017 0.049
0.005 0.025 0.055
0.011 0.029 0.055
0.007 0.031 0.059
0.007 0.031 0.059
0.001 0.027 0.063
0.017 0.037 0.043
0.023 0.037 0.043
0.015 0.039 0.039
0.021 0.039 0.037
0.009 0.045 0.043
0.015 0.037 0.043
0.013 0.039 0.043
0.013 0.037 0.045
0.023 0.035 0.037
0.019 0.039 0.041
0.023 0.037 0.043
0.005 0.049 0.043
0.009 0.037 0.055
0.007 0.047 0.053
0.007 0.045 0.055
0.007 0.035 0.063
0.007 0.037 0.061
0.005 0.047 0.059
0.007 0.041 0.061
0.001 0.005 0.065
0.003 0.027 0.067
0.001 0.025 0.067
0.001 0.031 0.075
0.001 0.027 0.079
0.003 0.025 0.087
0.005 0.031 0.095
0.005 0.039 0.067
0.005 0.033 0.069
0.007 0.037 0.085
0.007 0.041 0.087
0.005 0.037 0.089
0.007 0.047 0.089
0.009 0.043 0.099
0.009 0.045 0.099
0.013 0.049 0.085
0.013 0.055 0.087
0.005 0.061 0.087
0.013 0.057 0.085
0.003 0.055 0.091
0.009 0.051 0.089
0.009 0.057 0.089
0.003 0.025 0.097
0.005 0.033 0.099
0.007 0.035 0.097
0.007 0.037 0.097
0.007 0.039 0.099
0.009 0.041 0.099
0.005 0.047 0.103
0.009 0.045 0.101
0.009 0.051 0.099
0.001 0.057 0.103
0.003 0.049 0.107
0.005 0.053 0.105
