-0.003 -0.043 0.031
-0.013 -0.037 0.031
-0.005 -0.041 0.031
-0.001 -0.043 0.033
0.001 -0.041 0.033
-0.001 -0.043 0.033
-0.005 -0.043 0.035
-0.001 -0.043 0.033
-0.011 -0.037 0.037
-0.015 -0.035 0.037
0.001 -0.045 0.041
-0.011 -0.033 0.041
-0.001 -0.045 0.041
-0.001 -0.045 0.043
-0.017 -0.033 0.063
0.001 -0.047 0.049
-0.001 -0.049 0.057
-0.013 -0.033 0.059
-0.005 -0.045 0.057
-0.001 -0.049 0.057
-0.001 -0.049 0.059
-0.003 -0.047 0.061
-0.025 -0.025 0.037
-0.023 -0.027 0.039
-0.015 -0.035 0.037
-0.021 -0.029 0.039
-0.011 -0.037 0.037
-0.017 -0.031 0.041
-0.015 -0.031 0.041
-0.025 -0.017 0.045
-0.005 -0.043 0.033
-0.007 -0.043 0.035
-0.011 -0.039 0.035
0.001 -0.043 0.035
-0.007 -0.035 0.041
-0.007 -0.029 0.045
0.005 -0.049 0.049
-0.017 -0.031 0.039
-0.011 -0.033 0.041
-0.021 -0.027 0.041
-0.017 -0.031 0.041
-0.017 -0.029 0.047
-0.015 -0.029 0.047
-0.011 -0.029 0.047
-0.005 -0.043 0.035
-0.003 -0.043 0.039
0.003 -0.043 0.037
0.007 -0.049 0.049
0.005 -0.047 0.043
-0.019 -0.025 0.053
-0.019 -0.027 0.051
-0.017 -0.027 0.053
-0.017 -0.031 0.059
-0.019 -0.027 0.057
-0.017 -0.031 0.059
-0.015 -0.035 0.063
-0.017 -0.033 0.063
-0.015 -0.031 0.059
-0.015 -0.027 0.049
-0.009 -0.029 0.053
-0.009 -0.031 0.055
0.005 -0.049 0.057
0.007 -0.049 0.057
0.003 -0.045 0.063
-0.015 -0.029 0.055
-0.013 -0.029 0.055
-0.011 -0.031 0.055
-0.011 -0.033 0.059
-0.007 -0.045 0.059
0.007 -0.049 0.051
0.005 -0.049 0.053
0.005 -0.049 0.055
0.003 -0.049 0.055
-0.001 -0.047 0.051
0.001 -0.049 0.053
0.001 -0.049 0.055
0.001 -0.049 0.055
0.009 -0.049 0.053
-0.001 -0.049 0.057
0.001 -0.049 0.057
-0.007 -0.045 0.061
-0.007 -0.045 0.063
0.003 -0.049 0.057
0.001 -0.049 0.061
-0.001 -0.049 0.059
0.001 -0.049 0.059
0.009 -0.047 0.057
0.007 -0.043 0.061
0.005 -0.025 0.063
-0.005 -0.055 0.075
-0.005 -0.057 0.079
-0.019 -0.033 0.073
-0.009 -0.045 0.069
-0.011 -0.045 0.071
-0.007 -0.047 0.065
-0.007 -0.045 0.069
-0.003 -0.045 0.071
-0.001 -0.045 0.069
-0.007 -0.045 0.067
-0.009 -0.045 0.065
-0.003 -0.047 0.067
-0.003 -0.045 0.069
-0.005 -0.055 0.075
-0.005 -0.047 0.077
-0.005 -0.053 0.077
-0.007 -0.055 0.075
-0.005 -0.055 0.075
-0.003 -0.041 0.073
-0.007 -0.053 0.083
-0.005 -0.055 0.087
-0.009 -0.051 0.083
-0.005 -0.057 0.081
-0.003 -0.053 0.083
-0.005 -0.053 0.083
-0.003 -0.053 0.085
-0.005 -0.053 0.083
-0.003 -0.053 0.083
-0.017 -0.035 0.067
-0.017 -0.035 0.071
-0.015 -0.035 0.065
-0.011 -0.041 0.067
-0.015 -0.035 0.065
-0.011 -0.045 0.071
-0.011 -0.045 0.071
-0.017 -0.035 0.073
-0.007 -0.051 0.073
-0.003 -0.045 0.069
-0.003 -0.045 0.071
-0.001 -0.031 0.073
-0.007 -0.045 0.071
-0.005 -0.045 0.073
-0.001 -0.031 0.075
-0.003 -0.035 0.073
-0.007 -0.051 0.073
-0.007 -0.055 0.075
-0.007 -0.055 0.077
-0.007 -0.055 0.075
-0.003 -0.047 0.065
-0.001 -0.031 0.071
0.003 -0.043 0.065
0.005 -0.025 0.067
-0.001 -0.031 0.073
-0.003 -0.033 0.075
-0.001 -0.009 0.077
-0.001 -0.025 0.077
-0.003 -0.031 0.083
-0.003 -0.031 0.083
-0.005 -0.029 0.087
-0.003 -0.027 0.087
-0.009 -0.053 0.081
-0.005 -0.057 0.081
-0.007 -0.053 0.083
-0.001 -0.019 0.081
-0.001 -0.017 0.081
-0.003 -0.029 0.085
-0.001 -0.011 0.081
-0.001 -0.007 0.081
-0.001 -0.023 0.085
-0.003 -0.055 0.087
-0.011 -0.027 0.093
-0.011 -0.025 0.093
-0.007 -0.023 0.091
-0.009 -0.021 0.093
-0.007 -0.023 0.091
0.005 -0.039 0.031
0.011 -0.035 0.031
0.009 -0.041 0.033
0.009 -0.045 0.037
0.011 -0.043 0.037
0.013 -0.043 0.039
0.007 -0.041 0.033
0.007 -0.047 0.043
0.005 -0.047 0.045
0.005 -0.049 0.047
0.015 -0.043 0.041
0.013 -0.045 0.045
0.003 -0.049 0.049
0.005 -0.049 0.057
0.001 -0.049 0.061
0.011 -0.047 0.051
0.013 -0.045 0.049
0.003 -0.049 0.051
0.003 -0.047 0.063
0.005 -0.041 0.033
0.015 -0.043 0.041
0.015 -0.041 0.039
0.013 -0.021 0.033
0.015 -0.033 0.035
0.015 -0.021 0.035
0.005 -0.047 0.045
0.013 -0.045 0.045
0.015 -0.043 0.045
0.015 -0.037 0.041
0.015 -0.041 0.043
0.015 -0.039 0.047
0.017 -0.025 0.047
0.013 -0.043 0.037
0.011 -0.045 0.039
0.013 -0.039 0.035
0.015 -0.041 0.039
0.013 -0.041 0.037
0.011 -0.045 0.039
0.011 -0.045 0.039
0.015 -0.043 0.041
0.015 -0.043 0.041
0.015 -0.031 0.037
0.011 -0.047 0.045
0.013 -0.045 0.043
0.011 -0.047 0.047
0.015 -0.043 0.043
0.007 -0.049 0.051
0.009 -0.049 0.051
0.011 -0.047 0.051
0.013 -0.029 0.053
0.013 -0.029 0.055
0.007 -0.025 0.061
0.013 -0.029 0.057
0.015 -0.027 0.059
0.009 -0.027 0.063
0.019 -0.025 0.053
0.019 -0.025 0.055
0.017 -0.027 0.057
0.013 -0.043 0.051
0.011 -0.047 0.051
0.013 -0.043 0.051
0.013 -0.043 0.051
0.013 -0.039 0.049
0.007 -0.025 0.063
0.009 -0.025 0.065
0.001 -0.043 0.035
-0.005 -0.043 0.037
0.005 -0.043 0.037
0.003 -0.043 0.037
0.007 -0.045 0.037
0.009 -0.045 0.037
0.011 -0.043 0.037
0.013 -0.043 0.037
0.013 -0.043 0.039
-0.009 -0.027 0.047
0.005 -0.047 0.041
0.009 -0.047 0.041
0.003 -0.045 0.039
0.003 -0.043 0.037
0.005 -0.045 0.039
0.011 -0.047 0.047
0.009 -0.049 0.049
-0.009 -0.039 0.037
-0.009 -0.037 0.039
-0.007 -0.041 0.037
-0.001 -0.043 0.039
-0.005 -0.041 0.039
-0.003 -0.041 0.043
-0.001 -0.045 0.045
-0.009 -0.033 0.043
0.001 -0.047 0.047
0.009 -0.045 0.039
0.011 -0.045 0.039
-0.003 -0.047 0.053
-0.003 -0.049 0.057
-0.003 -0.049 0.059
-0.009 -0.043 0.063
-0.007 -0.045 0.061
-0.001 -0.049 0.059
0.009 -0.049 0.053
0.005 -0.049 0.055
0.003 -0.049 0.053
0.009 -0.047 0.057
0.005 -0.047 0.061
0.009 -0.043 0.059
0.007 -0.045 0.059
-0.001 -0.045 0.043
-0.001 -0.045 0.043
0.005 -0.047 0.041
0.003 -0.047 0.045
0.005 -0.049 0.047
0.005 -0.047 0.041
0.007 -0.047 0.041
0.009 -0.045 0.039
0.005 -0.047 0.043
0.007 -0.047 0.043
0.007 -0.047 0.041
0.011 -0.047 0.043
0.015 -0.043 0.041
0.015 -0.039 0.043
0.007 -0.049 0.047
0.007 -0.049 0.049
0.015 -0.027 0.049
0.003 -0.049 0.055
0.005 -0.049 0.055
0.009 -0.047 0.057
0.005 -0.043 0.063
0.013 -0.029 0.059
0.013 -0.029 0.059
0.015 -0.027 0.059
0.013 -0.027 0.061
-0.007 -0.047 0.065
-0.007 -0.045 0.069
-0.005 -0.045 0.071
-0.005 -0.045 0.071
-0.003 -0.047 0.065
-0.005 -0.045 0.073
0.005 -0.025 0.069
0.001 -0.041 0.067
0.003 -0.023 0.065
-0.003 -0.005 0.067
0.003 -0.023 0.071
-0.003 -0.045 0.071
-0.003 -0.035 0.073
0.003 -0.021 0.073
-0.001 -0.031 0.071
-0.001 -0.031 0.073
-0.003 -0.033 0.075
-0.001 -0.029 0.077
-0.003 -0.033 0.075
-0.003 -0.033 0.077
-0.001 -0.031 0.075
0.003 -0.023 0.071
-0.001 -0.031 0.073
0.003 -0.021 0.073
-0.001 0.021 0.073
-0.001 0.005 0.075
-0.001 0.021 0.077
-0.005 -0.055 0.085
-0.003 -0.045 0.085
-0.001 -0.027 0.081
-0.005 -0.029 0.087
-0.007 -0.023 0.091
-0.005 -0.021 0.091
-0.011 0.015 0.095
-0.005 0.007 0.089
-0.003 0.009 0.093
-0.003 -0.031 0.081
-0.003 -0.053 0.085
-0.009 -0.027 0.091
-0.007 -0.023 0.091
-0.005 -0.025 0.089
-0.005 -0.023 0.089
-0.003 -0.031 0.081
-0.001 -0.005 0.081
-0.001 -0.029 0.079
-0.001 0.015 0.091
0.001 0.023 0.091
-0.003 -0.005 0.065
-0.003 -0.005 0.069
0.005 -0.025 0.067
0.007 -0.021 0.069
-0.001 0.021 0.075
0.001 0.023 0.073
-0.001 -0.015 0.083
-0.001 -0.009 0.083
-0.001 0.021 0.083
-0.001 0.039 0.083
-0.001 0.029 0.081
0.001 0.025 0.079
-0.005 0.009 0.091
-0.001 0.021 0.089
0.001 0.023 0.093
-0.001 0.013 0.093
0.001 0.023 0.093
-0.001 0.019 0.087
-0.001 0.047 0.081
-0.001 0.041 0.083
-0.001 0.031 0.081
0.001 0.039 0.083
0.005 0.031 0.085
0.001 0.021 0.087
0.003 0.025 0.087
-0.025 0.013 0.103
-0.011 -0.027 0.093
-0.017 0.005 0.109
-0.007 0.007 0.103
-0.015 0.015 0.099
-0.007 0.005 0.095
-0.005 0.005 0.095
-0.005 0.007 0.101
-0.005 0.007 0.103
-0.003 0.013 0.103
-0.015 0.007 0.107
-0.011 -0.023 0.095
-0.019 0.017 0.099
-0.015 0.015 0.099
-0.021 0.017 0.099
-0.013 0.017 0.103
-0.013 0.017 0.101
-0.001 0.017 0.097
-0.003 0.013 0.101
-0.001 0.019 0.103
-0.013 0.017 0.103
-0.009 0.019 0.107
-0.003 0.013 0.103
-0.001 0.019 0.107
-0.011 0.017 0.103
-0.005 0.007 0.103
-0.009 0.019 0.105
-0.009 0.021 0.105
-0.001 0.015 0.103
-0.001 0.017 0.103
-0.003 0.011 0.099
-0.003 0.011 0.099
0.003 0.027 0.099
-0.003 0.009 0.101
-0.001 0.015 0.103
0.001 0.023 0.103
-0.001 0.019 0.097
0.001 0.021 0.097
0.003 0.029 0.101
0.001 0.025 0.099
0.003 0.029 0.101
0.003 0.031 0.103
0.015 -0.039 0.037
0.015 0.029 0.031
0.017 0.029 0.031
0.015 0.007 0.033
0.015 -0.039 0.037
0.015 -0.033 0.041
0.013 -0.043 0.037
0.015 -0.041 0.039
0.015 -0.039 0.037
0.015 -0.007 0.035
0.015 -0.035 0.045
0.015 -0.027 0.047
0.015 -0.009 0.037
0.015 0.007 0.035
0.013 0.005 0.037
0.013 -0.013 0.035
0.015 -0.041 0.039
0.015 0.027 0.033
0.015 0.025 0.035
0.015 0.013 0.035
0.013 0.007 0.037
0.013 0.017 0.043
0.013 0.021 0.047
0.017 0.025 0.039
0.019 0.027 0.045
0.021 0.031 0.045
0.011 -0.027 0.053
0.009 -0.027 0.063
0.015 -0.029 0.051
0.015 -0.029 0.053
0.011 -0.029 0.057
0.015 -0.029 0.055
0.015 -0.029 0.055
0.019 -0.025 0.051
0.019 -0.025 0.051
0.015 -0.029 0.055
0.013 0.025 0.051
0.013 -0.013 0.037
0.017 0.025 0.033
0.015 -0.019 0.039
0.013 -0.005 0.039
0.013 0.007 0.039
0.015 0.023 0.045
0.013 0.017 0.043
0.021 0.027 0.035
0.023 0.033 0.037
0.019 0.025 0.039
0.023 0.035 0.039
0.019 0.029 0.043
0.021 0.031 0.043
0.019 -0.023 0.053
0.019 -0.023 0.055
0.011 0.025 0.053
0.007 0.033 0.061
0.009 0.031 0.057
0.017 -0.025 0.059
0.007 0.033 0.061
0.005 0.031 0.063
0.007 0.033 0.061
0.007 0.035 0.063
0.019 -0.025 0.053
0.007 -0.025 0.067
0.007 -0.023 0.071
0.001 0.025 0.071
0.003 0.027 0.071
0.001 0.023 0.075
0.001 0.021 0.083
0.003 0.025 0.087
0.001 0.023 0.091
0.003 0.025 0.089
0.001 0.023 0.093
0.003 0.027 0.095
0.005 0.031 0.067
0.001 0.031 0.075
0.005 0.031 0.085
0.005 0.031 0.087
0.007 0.035 0.083
0.005 0.033 0.093
0.005 0.031 0.095
0.005 0.031 0.087
0.007 0.035 0.087
0.009 0.041 0.083
0.009 0.045 0.083
0.011 0.047 0.083
0.011 0.047 0.085
0.009 0.041 0.083
0.005 0.033 0.083
0.007 0.045 0.089
0.007 0.053 0.091
0.005 0.045 0.089
0.001 0.021 0.097
0.001 0.021 0.099
0.003 0.027 0.095
0.001 0.019 0.107
0.003 0.025 0.097
0.005 0.031 0.095
0.003 0.029 0.101
0.007 0.035 0.097
0.007 0.035 0.097
0.007 0.049 0.103
0.007 0.049 0.103
0.001 0.047 0.105
0.007 0.049 0.103
