-0.003 -0.043 0.039
0.005 -0.049 0.047
0.009 -0.047 0.041
0.009 -0.049 0.051
0.009 -0.049 0.053
0.011 -0.045 0.051
-0.013 -0.037 0.037
0.003 -0.049 0.047
-0.001 -0.045 0.043
0.003 -0.049 0.049
0.007 -0.049 0.051
0.009 -0.049 0.053
0.001 -0.049 0.055
0.003 -0.049 0.057
0.003 -0.049 0.061
-0.003 -0.047 0.061
0.001 -0.049 0.061
-0.005 -0.047 0.063
-0.003 -0.047 0.067
-0.003 -0.045 0.069
-0.015 -0.033 0.039
0.001 -0.049 0.053
-0.001 -0.049 0.053
-0.001 -0.049 0.057
-0.015 -0.031 0.043
-0.017 -0.029 0.047
-0.003 -0.049 0.059
-0.001 -0.049 0.061
0.005 -0.049 0.047
0.009 -0.047 0.045
0.009 -0.049 0.047
0.009 -0.049 0.053
0.009 -0.049 0.049
0.009 -0.049 0.051
0.011 -0.047 0.051
0.003 -0.049 0.061
0.003 -0.049 0.055
0.009 -0.047 0.055
-0.015 -0.031 0.045
0.003 -0.049 0.061
-0.007 -0.045 0.059
-0.001 -0.047 0.063
-0.001 -0.047 0.065
0.001 -0.047 0.065
0.001 -0.045 0.065
0.007 -0.049 0.055
0.007 -0.045 0.061
0.003 -0.023 0.047
0.009 -0.043 0.059
0.001 -0.021 0.049
0.007 -0.025 0.049
-0.003 -0.047 0.067
-0.003 -0.045 0.069
-0.005 -0.055 0.075
0.001 -0.047 0.065
0.003 -0.047 0.063
0.007 -0.047 0.059
-0.001 -0.023 0.053
-0.001 -0.021 0.055
-0.001 -0.021 0.055
-0.005 -0.045 0.069
-0.003 -0.029 0.059
-0.001 -0.029 0.063
-0.001 -0.025 0.061
-0.001 -0.027 0.065
-0.005 -0.035 0.069
-0.003 -0.033 0.063
-0.001 -0.031 0.065
0.009 -0.023 0.067
-0.001 -0.027 0.065
-0.001 -0.029 0.071
-0.001 -0.027 0.073
0.005 -0.025 0.069
0.009 -0.023 0.067
-0.005 -0.055 0.081
-0.005 -0.055 0.077
-0.005 -0.055 0.077
-0.005 -0.055 0.087
-0.005 -0.051 0.087
-0.007 -0.045 0.071
-0.001 -0.047 0.065
-0.001 -0.047 0.067
-0.003 -0.047 0.067
0.001 -0.043 0.067
-0.007 -0.045 0.069
-0.005 -0.051 0.077
-0.005 -0.045 0.073
-0.003 -0.041 0.073
-0.005 -0.057 0.081
-0.005 -0.043 0.077
-0.003 -0.047 0.081
-0.003 -0.055 0.087
-0.005 -0.045 0.077
-0.005 -0.041 0.075
-0.005 -0.035 0.075
-0.003 -0.047 0.083
-0.005 -0.035 0.079
-0.003 -0.051 0.081
-0.005 -0.055 0.085
-0.003 -0.053 0.085
-0.003 -0.055 0.087
-0.003 -0.055 0.087
-0.003 -0.055 0.087
-0.003 -0.053 0.087
-0.003 -0.051 0.087
-0.003 -0.047 0.085
-0.003 -0.051 0.087
-0.003 -0.047 0.087
-0.003 -0.051 0.087
-0.005 -0.053 0.077
-0.003 -0.053 0.083
-0.005 -0.051 0.087
-0.003 -0.033 0.077
-0.001 -0.031 0.075
-0.001 -0.025 0.071
-0.001 -0.027 0.077
-0.001 -0.025 0.081
-0.001 -0.023 0.079
-0.005 -0.033 0.081
-0.005 -0.031 0.085
-0.009 -0.031 0.089
-0.003 -0.031 0.081
-0.003 -0.031 0.081
-0.001 -0.023 0.077
-0.003 -0.031 0.077
-0.003 -0.005 0.067
-0.001 -0.029 0.079
-0.001 -0.027 0.081
-0.013 -0.035 0.085
-0.011 -0.035 0.087
-0.013 -0.031 0.091
-0.013 -0.031 0.091
-0.017 -0.025 0.089
-0.011 -0.027 0.093
-0.005 -0.031 0.085
-0.005 -0.031 0.085
-0.007 -0.031 0.087
-0.003 -0.029 0.085
-0.001 -0.019 0.083
-0.011 -0.031 0.091
-0.011 -0.029 0.091
-0.011 -0.029 0.091
-0.005 -0.025 0.089
-0.011 -0.027 0.093
-0.011 -0.023 0.095
-0.009 -0.031 0.089
-0.009 -0.027 0.091
-0.009 -0.021 0.093
-0.003 -0.015 0.089
-0.003 -0.013 0.087
-0.001 -0.009 0.083
-0.001 -0.011 0.085
-0.003 -0.007 0.085
-0.003 -0.005 0.085
-0.005 -0.015 0.091
-0.011 -0.013 0.095
-0.005 -0.013 0.091
0.005 -0.043 0.037
0.009 -0.045 0.039
0.011 -0.045 0.039
0.007 -0.045 0.037
0.015 -0.035 0.035
0.015 -0.035 0.037
0.003 -0.047 0.045
0.003 -0.049 0.047
0.009 -0.049 0.047
0.015 -0.043 0.041
0.013 -0.043 0.047
0.007 -0.049 0.049
0.001 -0.049 0.053
0.003 -0.049 0.057
0.011 -0.047 0.049
0.009 -0.049 0.051
0.013 -0.045 0.049
0.013 -0.043 0.049
0.011 -0.047 0.053
0.009 -0.045 0.057
0.011 -0.043 0.055
0.011 -0.041 0.055
0.003 -0.049 0.061
0.013 -0.045 0.045
0.015 -0.041 0.039
0.015 -0.039 0.039
0.015 -0.035 0.039
0.015 -0.037 0.041
0.015 -0.039 0.047
0.015 -0.033 0.043
0.015 -0.023 0.043
0.013 -0.035 0.049
0.013 -0.027 0.049
0.015 -0.027 0.047
0.003 -0.023 0.047
0.015 -0.023 0.041
0.017 -0.025 0.047
0.011 -0.025 0.045
0.015 -0.029 0.051
0.015 -0.023 0.043
0.015 -0.009 0.033
0.015 -0.023 0.041
0.015 -0.025 0.045
0.017 -0.027 0.051
0.017 -0.027 0.051
0.017 -0.027 0.049
0.011 -0.027 0.051
0.011 -0.029 0.057
0.017 -0.027 0.053
0.015 -0.029 0.053
0.013 -0.029 0.057
0.011 -0.027 0.061
0.015 -0.025 0.061
0.007 -0.025 0.063
0.009 -0.027 0.063
0.017 -0.025 0.059
0.017 -0.027 0.049
0.019 -0.025 0.053
0.019 -0.025 0.055
0.019 -0.023 0.055
0.011 -0.029 0.059
0.003 -0.041 0.065
0.009 -0.023 0.067
0.019 -0.025 0.055
-0.001 -0.023 0.053
0.009 -0.027 0.061
0.015 -0.025 0.061
0.015 -0.023 0.061
0.009 0.015 0.045
-0.001 -0.029 0.063
-0.001 -0.027 0.063
-0.001 -0.021 0.061
-0.001 -0.025 0.061
-0.001 -0.027 0.063
0.017 -0.027 0.057
0.015 -0.029 0.057
-0.001 -0.021 0.057
-0.003 -0.025 0.057
-0.001 -0.025 0.059
-0.001 -0.025 0.059
-0.001 -0.021 0.061
-0.001 -0.021 0.061
0.011 -0.025 0.063
0.011 -0.025 0.063
0.007 -0.025 0.065
0.005 -0.025 0.069
0.007 -0.023 0.071
0.011 -0.029 0.059
0.009 0.007 0.045
-0.001 -0.029 0.067
-0.001 -0.031 0.071
0.003 -0.021 0.073
-0.005 -0.007 0.067
-0.001 -0.005 0.071
0.001 -0.001 0.067
0.001 -0.001 0.069
0.007 -0.023 0.071
0.001 0.017 0.057
0.001 -0.001 0.065
0.001 0.003 0.065
0.001 -0.001 0.067
0.001 -0.001 0.067
-0.005 0.023 0.063
0.001 0.003 0.069
-0.001 0.025 0.057
0.001 -0.001 0.061
0.001 -0.001 0.061
-0.001 -0.003 0.063
0.001 -0.001 0.061
-0.001 -0.003 0.067
0.011 -0.021 0.063
0.005 0.007 0.047
0.005 0.011 0.053
0.007 0.017 0.049
0.011 0.019 0.049
0.003 0.005 0.059
0.001 0.005 0.061
0.005 0.013 0.053
0.003 0.011 0.057
0.009 0.021 0.051
0.001 0.005 0.069
0.001 0.001 0.071
0.001 0.003 0.069
0.005 0.033 0.069
-0.001 -0.025 0.083
-0.001 0.001 0.073
-0.001 -0.009 0.077
-0.001 -0.005 0.075
-0.001 -0.009 0.079
0.001 -0.001 0.071
-0.001 0.001 0.073
-0.001 -0.001 0.075
-0.001 0.001 0.075
-0.001 -0.007 0.081
-0.005 -0.007 0.089
-0.003 -0.005 0.087
-0.011 0.013 0.083
-0.001 -0.003 0.077
-0.001 0.001 0.077
-0.001 -0.001 0.079
-0.001 -0.007 0.081
-0.003 0.023 0.067
-0.003 0.021 0.069
-0.001 0.023 0.071
-0.001 0.003 0.077
-0.001 -0.003 0.083
-0.001 -0.007 0.083
-0.005 0.019 0.075
-0.003 0.017 0.077
-0.007 0.015 0.081
-0.005 0.007 0.087
0.001 0.025 0.079
0.001 0.027 0.079
-0.021 0.015 0.091
-0.003 -0.015 0.089
-0.003 -0.007 0.087
-0.001 -0.005 0.083
-0.005 0.007 0.087
-0.005 0.013 0.085
-0.003 0.009 0.089
-0.003 0.013 0.085
-0.013 0.013 0.095
-0.005 0.007 0.097
-0.001 0.015 0.091
-0.003 0.011 0.095
-0.007 -0.003 0.089
-0.007 0.007 0.089
-0.007 0.005 0.095
-0.005 0.005 0.095
-0.023 0.015 0.089
-0.019 0.017 0.095
-0.019 0.017 0.097
-0.015 0.011 0.093
-0.015 0.015 0.099
-0.013 0.015 0.099
-0.013 0.013 0.085
-0.003 0.015 0.085
-0.001 0.017 0.087
-0.003 0.009 0.093
0.001 0.021 0.085
0.003 0.025 0.097
-0.007 0.019 0.071
-0.007 0.015 0.077
-0.005 0.019 0.075
0.003 0.029 0.073
0.003 0.029 0.073
0.001 0.023 0.077
0.001 0.027 0.075
0.001 0.033 0.075
0.001 0.025 0.077
-0.003 0.017 0.083
-0.003 0.017 0.081
0.001 0.025 0.079
-0.005 0.011 0.103
-0.003 0.013 0.089
-0.001 0.015 0.089
-0.001 0.015 0.091
-0.001 0.017 0.095
-0.001 0.019 0.091
0.005 0.031 0.087
-0.003 0.009 0.097
-0.003 0.011 0.099
-0.001 0.017 0.099
-0.003 0.011 0.101
-0.003 0.013 0.103
-0.001 0.017 0.101
0.001 0.023 0.097
0.003 0.027 0.099
0.001 0.021 0.101
0.001 0.021 0.101
0.001 0.021 0.101
0.001 0.025 0.095
0.003 0.027 0.099
0.005 0.033 0.093
0.005 0.035 0.093
0.007 0.045 0.089
0.003 0.031 0.103
0.003 0.033 0.101
-0.005 0.007 0.097
-0.003 0.011 0.099
-0.005 0.007 0.103
-0.005 0.009 0.103
-0.005 0.011 0.103
-0.013 0.011 0.109
-0.019 0.017 0.099
-0.015 0.007 0.107
-0.013 0.009 0.107
-0.019 0.019 0.101
-0.011 0.015 0.105
-0.013 0.009 0.111
-0.015 0.009 0.111
-0.011 0.013 0.109
-0.007 0.019 0.103
-0.003 0.013 0.103
-0.009 0.019 0.107
-0.011 0.017 0.109
-0.003 0.017 0.107
-0.003 0.017 0.107
-0.007 0.023 0.107
-0.009 0.023 0.109
-0.003 0.017 0.107
-0.011 0.019 0.115
-0.003 0.017 0.105
-0.003 0.017 0.105
-0.003 0.017 0.109
-0.001 0.019 0.105
0.001 0.029 0.103
0.003 0.035 0.103
0.003 0.031 0.103
-0.009 0.025 0.109
0.001 0.031 0.105
0.001 0.037 0.105
0.003 0.035 0.103
0.003 0.045 0.103
-0.001 0.047 0.105
0.003 0.049 0.107
0.013 -0.007 0.039
0.019 -0.021 0.051
0.013 0.007 0.033
0.019 -0.023 0.053
0.017 0.025 0.037
0.021 0.027 0.035
0.021 0.031 0.035
0.019 -0.025 0.051
0.009 0.005 0.037
0.013 -0.005 0.039
0.015 0.009 0.033
0.015 0.013 0.035
0.017 -0.023 0.057
0.015 -0.025 0.061
0.009 0.007 0.045
0.015 0.013 0.035
0.015 0.015 0.037
0.015 0.021 0.043
0.015 0.019 0.041
0.009 0.015 0.045
0.011 0.017 0.045
0.017 0.023 0.045
0.021 0.027 0.037
0.019 0.027 0.045
0.003 0.005 0.055
0.007 0.009 0.051
0.005 0.009 0.055
0.003 0.005 0.057
0.001 0.003 0.061
0.003 0.011 0.057
0.003 0.015 0.055
0.003 0.013 0.057
0.005 0.017 0.053
0.003 0.019 0.055
0.009 0.023 0.053
0.013 0.025 0.049
0.001 0.027 0.061
0.003 0.029 0.061
0.013 0.017 0.043
0.013 0.017 0.043
0.019 0.025 0.041
0.013 0.019 0.045
0.017 0.027 0.047
0.017 0.027 0.047
0.015 0.031 0.047
0.015 0.031 0.047
0.013 0.029 0.051
0.011 0.029 0.055
0.013 0.031 0.051
0.021 0.031 0.037
0.021 0.031 0.039
0.013 0.029 0.051
0.011 0.035 0.051
0.011 0.035 0.053
0.009 0.035 0.057
0.011 0.033 0.055
0.001 -0.001 0.071
0.001 0.003 0.069
0.001 0.025 0.067
0.005 0.031 0.067
0.003 0.029 0.071
0.001 0.027 0.077
0.001 0.021 0.087
0.003 0.025 0.089
0.003 0.029 0.095
0.005 0.035 0.069
0.005 0.039 0.065
0.005 0.037 0.069
0.007 0.035 0.085
0.007 0.037 0.085
0.009 0.041 0.083
0.005 0.033 0.087
0.007 0.035 0.087
0.009 0.041 0.085
0.007 0.043 0.087
0.009 0.041 0.083
0.003 0.029 0.091
0.005 0.035 0.093
0.007 0.037 0.095
0.005 0.033 0.093
0.009 0.043 0.095
0.007 0.041 0.087
0.009 0.047 0.087
0.011 0.049 0.087
0.013 0.049 0.083
0.009 0.047 0.087
0.011 0.049 0.087
0.005 0.047 0.089
0.009 0.051 0.089
0.001 0.021 0.099
0.003 0.037 0.101
0.005 0.045 0.101
0.009 0.045 0.101
0.009 0.041 0.097
0.009 0.049 0.101
0.005 0.047 0.103
0.009 0.051 0.103
0.005 0.049 0.105
0.003 0.049 0.107
