-0.029 -0.021 0.037
-0.029 -0.019 0.037
-0.029 -0.019 0.037
-0.027 -0.019 0.039
-0.029 -0.019 0.037
-0.025 -0.013 0.037
-0.015 -0.019 0.033
-0.015 -0.019 0.033
-0.017 -0.013 0.035
-0.013 -0.013 0.033
-0.025 -0.025 0.039
-0.019 -0.031 0.037
-0.017 -0.033 0.035
-0.023 -0.025 0.041
-0.021 -0.023 0.045
-0.007 -0.045 0.059
-0.019 -0.031 0.061
-0.009 -0.043 0.065
-0.019 -0.031 0.065
-0.019 -0.031 0.065
-0.019 -0.021 0.063
-0.025 -0.023 0.039
-0.029 -0.019 0.033
-0.027 -0.015 0.039
-0.027 -0.015 0.039
-0.027 -0.015 0.039
-0.027 -0.013 0.039
-0.021 -0.023 0.045
-0.025 -0.017 0.043
-0.025 -0.015 0.045
-0.027 -0.021 0.039
-0.027 -0.013 0.039
-0.017 -0.015 0.037
-0.021 -0.011 0.041
-0.023 -0.011 0.041
-0.007 -0.007 0.039
-0.013 -0.007 0.043
-0.021 -0.017 0.049
-0.021 -0.021 0.059
-0.021 -0.021 0.055
-0.015 -0.009 0.053
-0.021 -0.025 0.059
-0.021 -0.025 0.061
-0.017 -0.017 0.063
-0.013 -0.011 0.059
-0.019 -0.001 0.061
-0.015 -0.009 0.053
-0.011 -0.007 0.051
-0.011 -0.009 0.053
-0.013 -0.007 0.049
-0.019 0.003 0.055
-0.019 0.007 0.059
-0.021 0.003 0.065
-0.019 0.009 0.065
-0.011 -0.047 0.077
-0.019 -0.031 0.067
-0.017 -0.035 0.071
-0.011 -0.043 0.071
-0.011 -0.041 0.067
-0.019 -0.031 0.069
-0.019 -0.033 0.071
-0.015 -0.037 0.071
-0.019 -0.029 0.071
-0.019 -0.031 0.071
-0.021 -0.025 0.073
-0.013 -0.043 0.075
-0.011 -0.043 0.073
-0.011 -0.043 0.077
-0.011 -0.041 0.079
-0.021 -0.027 0.075
-0.021 -0.025 0.077
-0.019 -0.031 0.079
-0.019 -0.031 0.081
-0.021 -0.025 0.077
-0.021 -0.023 0.077
-0.021 -0.019 0.079
-0.021 -0.023 0.081
-0.011 -0.043 0.083
-0.007 -0.053 0.085
-0.011 -0.043 0.081
-0.009 -0.041 0.085
-0.011 -0.037 0.083
-0.019 -0.029 0.083
-0.019 -0.025 0.085
-0.013 -0.035 0.087
-0.021 -0.023 0.083
-0.019 -0.029 0.065
-0.019 -0.027 0.065
-0.019 -0.025 0.065
-0.019 -0.031 0.069
-0.019 -0.021 0.067
-0.019 -0.021 0.069
-0.021 -0.025 0.075
-0.021 -0.025 0.077
-0.021 -0.023 0.079
-0.019 -0.019 0.075
-0.019 -0.019 0.075
-0.021 -0.019 0.079
-0.021 -0.017 0.079
-0.013 -0.017 0.069
-0.013 -0.017 0.071
-0.019 -0.013 0.075
-0.009 -0.015 0.065
-0.021 -0.009 0.077
-0.021 -0.007 0.081
-0.021 -0.007 0.081
-0.021 -0.005 0.079
-0.019 -0.009 0.071
-0.021 -0.003 0.071
-0.021 -0.003 0.071
-0.021 -0.005 0.073
-0.021 -0.005 0.075
-0.021 -0.003 0.073
-0.021 -0.001 0.077
-0.021 -0.003 0.069
-0.019 -0.003 0.065
-0.021 -0.001 0.067
-0.019 0.003 0.073
-0.021 0.001 0.075
-0.019 0.001 0.077
-0.019 0.001 0.081
-0.019 0.001 0.081
-0.017 0.003 0.081
-0.019 -0.031 0.081
-0.021 -0.023 0.083
-0.021 -0.021 0.085
-0.021 -0.019 0.087
-0.019 -0.017 0.089
-0.021 -0.015 0.087
-0.019 -0.005 0.087
-0.013 -0.027 0.093
-0.015 -0.015 0.093
-0.015 -0.017 0.093
-0.017 -0.011 0.091
-0.021 -0.013 0.083
-0.021 -0.011 0.083
-0.021 -0.013 0.085
-0.021 -0.003 0.081
-0.019 -0.001 0.083
-0.017 -0.001 0.087
-0.013 0.007 0.083
-0.013 -0.007 0.093
-0.013 -0.005 0.093
-0.013 -0.001 0.091
-0.025 -0.013 0.039
-0.025 -0.021 0.041
-0.021 -0.025 0.045
-0.025 -0.015 0.045
-0.017 -0.009 0.043
-0.021 -0.023 0.049
-0.001 -0.041 0.049
-0.021 -0.023 0.049
-0.021 -0.015 0.051
-0.021 -0.015 0.051
-0.021 -0.019 0.051
-0.021 -0.015 0.053
-0.019 -0.013 0.055
-0.019 -0.011 0.053
-0.019 -0.013 0.055
-0.021 -0.025 0.061
-0.019 -0.025 0.057
-0.017 -0.033 0.065
-0.021 -0.023 0.055
-0.021 -0.019 0.059
-0.019 -0.019 0.061
-0.021 -0.021 0.055
-0.019 -0.017 0.059
-0.019 -0.021 0.063
-0.019 -0.025 0.067
-0.019 -0.023 0.065
-0.017 -0.011 0.039
-0.017 -0.009 0.041
-0.017 -0.009 0.047
-0.015 -0.009 0.045
-0.009 -0.009 0.037
-0.009 -0.007 0.039
-0.007 -0.007 0.039
-0.007 -0.007 0.039
-0.003 -0.009 0.037
-0.021 -0.015 0.053
-0.019 -0.011 0.051
-0.015 -0.009 0.049
-0.015 -0.009 0.051
-0.019 0.003 0.053
0.001 -0.005 0.037
-0.015 0.005 0.043
-0.017 0.005 0.045
-0.019 0.007 0.047
0.001 -0.005 0.035
-0.017 0.007 0.043
-0.021 0.011 0.043
-0.019 0.009 0.045
-0.023 0.017 0.043
-0.023 0.017 0.043
-0.021 0.019 0.043
-0.021 0.015 0.045
-0.021 0.013 0.047
-0.021 0.015 0.047
-0.017 0.005 0.049
-0.019 0.007 0.051
-0.019 -0.005 0.067
-0.019 -0.005 0.067
-0.019 -0.003 0.063
-0.019 -0.005 0.067
-0.021 0.001 0.063
-0.021 0.003 0.065
-0.021 0.003 0.065
-0.021 0.003 0.069
-0.019 -0.001 0.061
-0.021 0.001 0.063
-0.021 0.003 0.067
-0.019 0.001 0.055
-0.015 -0.001 0.053
-0.019 -0.023 0.069
-0.021 -0.005 0.071
-0.021 -0.003 0.071
-0.021 -0.001 0.073
-0.025 0.023 0.033
-0.025 0.021 0.033
-0.023 0.023 0.031
-0.023 0.025 0.035
-0.023 0.029 0.037
-0.021 0.035 0.035
-0.023 0.047 0.037
-0.023 0.049 0.037
-0.023 0.017 0.037
-0.023 0.015 0.039
-0.023 0.015 0.041
-0.021 0.019 0.043
-0.021 0.019 0.043
-0.021 0.017 0.043
-0.023 0.015 0.041
-0.023 0.025 0.039
-0.021 0.011 0.045
-0.019 0.009 0.045
-0.021 0.011 0.045
-0.019 0.009 0.045
-0.019 0.007 0.049
-0.021 0.013 0.051
-0.023 0.025 0.033
-0.023 0.029 0.035
-0.021 0.019 0.043
-0.023 0.021 0.041
-0.021 0.025 0.043
-0.021 0.027 0.041
-0.023 0.031 0.037
-0.023 0.031 0.037
-0.021 0.031 0.039
-0.021 0.033 0.035
-0.021 0.035 0.035
-0.021 0.041 0.039
-0.021 0.015 0.051
-0.019 0.003 0.059
-0.019 0.009 0.057
-0.019 0.011 0.059
-0.015 0.013 0.063
-0.013 0.015 0.063
-0.017 0.019 0.049
-0.017 0.021 0.049
-0.019 0.029 0.049
-0.015 0.021 0.053
-0.015 0.029 0.051
-0.009 0.025 0.055
-0.011 0.029 0.055
-0.009 0.021 0.057
-0.009 0.019 0.059
-0.013 0.029 0.061
-0.015 0.031 0.065
-0.013 0.033 0.065
-0.023 0.047 0.037
-0.023 0.047 0.035
-0.023 0.047 0.039
-0.023 0.047 0.039
-0.021 0.049 0.039
-0.021 0.037 0.045
-0.019 0.041 0.045
-0.017 0.045 0.041
-0.023 0.045 0.037
-0.021 0.051 0.037
-0.015 0.041 0.043
-0.009 0.047 0.041
-0.003 0.049 0.039
-0.009 0.049 0.047
-0.007 0.051 0.047
-0.003 0.051 0.045
-0.021 0.035 0.051
-0.017 0.039 0.055
-0.011 0.047 0.055
-0.015 0.041 0.057
-0.013 0.033 0.063
-0.013 0.045 0.057
-0.011 0.049 0.051
-0.021 0.003 0.067
-0.019 0.007 0.071
-0.019 0.003 0.075
-0.015 0.009 0.073
-0.011 0.013 0.073
-0.015 0.011 0.067
-0.013 0.013 0.067
-0.011 0.015 0.065
-0.009 0.015 0.067
-0.015 0.009 0.071
-0.009 0.015 0.067
-0.011 0.013 0.071
-0.011 0.009 0.081
-0.013 0.013 0.079
-0.013 0.015 0.075
-0.017 0.017 0.079
-0.017 0.021 0.079
-0.015 0.023 0.071
-0.015 0.029 0.069
-0.015 0.029 0.069
-0.015 0.027 0.073
-0.015 0.031 0.071
-0.017 0.023 0.079
-0.025 0.017 0.089
-0.017 0.001 0.083
-0.015 0.005 0.081
-0.015 0.005 0.081
-0.013 0.007 0.081
-0.013 0.005 0.085
-0.023 0.019 0.087
-0.021 0.023 0.089
-0.023 0.019 0.091
-0.021 0.025 0.095
-0.025 0.017 0.087
-0.021 0.023 0.085
-0.025 0.017 0.095
-0.023 0.019 0.089
-0.023 0.019 0.091
-0.023 0.019 0.095
-0.023 0.023 0.093
-0.019 0.029 0.091
-0.021 0.027 0.093
-0.017 0.031 0.085
-0.013 0.031 0.081
-0.015 0.035 0.085
-0.015 0.037 0.085
-0.023 0.023 0.093
-0.013 0.037 0.071
-0.011 0.043 0.069
-0.009 0.045 0.067
-0.013 0.035 0.077
-0.011 0.035 0.077
-0.009 0.039 0.075
-0.007 0.041 0.073
-0.013 0.039 0.081
-0.005 0.041 0.073
-0.017 0.033 0.093
-0.017 0.035 0.093
-0.013 0.041 0.083
-0.015 0.037 0.085
-0.015 0.037 0.085
-0.013 0.039 0.087
-0.011 0.043 0.087
-0.007 0.051 0.083
-0.011 0.043 0.087
-0.011 0.043 0.087
-0.007 0.047 0.087
-0.015 0.035 0.091
-0.015 0.035 0.091
-0.015 0.035 0.091
-0.015 0.037 0.089
-0.015 0.037 0.089
-0.017 0.037 0.095
-0.015 0.041 0.093
-0.013 0.041 0.091
-0.013 0.041 0.091
-0.013 0.041 0.095
-0.013 0.043 0.093
-0.013 0.045 0.093
-0.011 0.045 0.095
-0.005 0.053 0.083
-0.005 0.057 0.081
-0.003 0.061 0.083
-0.009 0.051 0.095
-0.009 0.053 0.097
-0.025 0.013 0.101
-0.025 0.019 0.097
-0.019 0.007 0.111
-0.025 0.019 0.101
-0.021 0.027 0.099
-0.021 0.029 0.099
-0.015 0.017 0.109
-0.025 0.021 0.099
-0.023 0.019 0.103
-0.021 0.029 0.099
-0.019 0.031 0.099
-0.023 0.025 0.101
-0.021 0.029 0.103
-0.023 0.025 0.107
-0.023 0.025 0.109
-0.021 0.027 0.103
-0.019 0.029 0.105
-0.021 0.031 0.103
-0.019 0.031 0.103
-0.023 0.027 0.107
-0.015 0.019 0.109
-0.013 0.023 0.109
-0.013 0.029 0.105
-0.013 0.025 0.111
-0.013 0.031 0.105
-0.013 0.035 0.105
-0.013 0.021 0.115
-0.013 0.023 0.113
-0.015 0.037 0.101
-0.013 0.039 0.103
-0.011 0.043 0.103
-0.005 0.045 0.101
-0.011 0.037 0.105
-0.009 0.039 0.105
-0.007 0.051 0.099
-0.007 0.055 0.097
-0.005 0.057 0.099
-0.005 0.059 0.101
-0.005 0.059 0.101
-0.003 0.059 0.101
-0.001 0.057 0.105
-0.021 0.029 0.039
-0.021 0.041 0.039
-0.021 0.049 0.039
-0.019 0.023 0.041
-0.017 0.021 0.045
-0.021 0.027 0.045
-0.021 0.025 0.041
-0.021 0.029 0.041
-0.015 0.025 0.051
-0.017 0.029 0.051
-0.019 0.037 0.041
-0.021 0.039 0.047
-0.021 0.045 0.039
-0.019 0.043 0.041
-0.019 0.041 0.045
-0.019 0.041 0.045
-0.021 0.035 0.051
-0.017 0.043 0.053
-0.013 0.045 0.053
-0.011 0.047 0.043
-0.017 0.043 0.051
-0.017 0.043 0.053
-0.013 0.023 0.053
-0.009 0.021 0.057
-0.013 0.013 0.067
-0.007 0.017 0.063
-0.017 0.035 0.055
-0.007 0.023 0.057
-0.011 0.029 0.057
-0.015 0.041 0.057
-0.013 0.045 0.055
-0.013 0.045 0.057
-0.013 0.037 0.061
-0.013 0.041 0.065
-0.009 0.047 0.041
-0.005 0.047 0.037
-0.003 0.049 0.039
-0.005 0.049 0.041
-0.003 0.051 0.045
-0.005 0.051 0.045
-0.009 0.049 0.045
-0.005 0.051 0.045
-0.011 0.049 0.049
-0.007 0.051 0.049
-0.005 0.051 0.049
-0.011 0.049 0.053
-0.011 0.047 0.055
-0.009 0.049 0.057
-0.009 0.047 0.063
-0.003 0.049 0.061
-0.001 0.051 0.057
-0.015 0.011 0.069
-0.013 0.039 0.069
-0.013 0.037 0.071
-0.013 0.033 0.077
-0.015 0.033 0.085
-0.017 0.033 0.091
-0.017 0.035 0.095
-0.015 0.035 0.091
-0.015 0.039 0.093
-0.017 0.037 0.095
-0.011 0.043 0.069
-0.009 0.045 0.067
-0.007 0.045 0.069
-0.011 0.041 0.071
-0.007 0.045 0.069
-0.005 0.043 0.071
-0.009 0.039 0.075
-0.007 0.049 0.085
-0.005 0.051 0.087
-0.003 0.053 0.089
-0.011 0.043 0.091
-0.011 0.045 0.091
-0.011 0.045 0.091
-0.011 0.045 0.097
-0.009 0.051 0.097
-0.003 0.053 0.089
-0.003 0.059 0.085
-0.001 0.061 0.085
0.001 0.061 0.087
0.003 0.061 0.087
0.001 0.059 0.089
0.005 0.059 0.089
0.003 0.061 0.091
0.003 0.059 0.093
-0.011 0.029 0.105
-0.007 0.043 0.101
-0.007 0.049 0.099
-0.005 0.051 0.101
-0.003 0.051 0.103
-0.001 0.059 0.103
-0.001 0.055 0.105
-0.001 0.055 0.105
-0.001 0.055 0.105
