0.011 -0.007 0.037
-0.005 -0.007 0.033
0.021 -0.015 0.043
0.021 -0.015 0.049
0.021 -0.015 0.051
0.021 -0.029 0.047
0.017 -0.037 0.055
0.013 -0.031 0.059
0.013 -0.023 0.067
0.019 -0.007 0.051
0.019 -0.007 0.049
0.021 -0.013 0.041
0.021 -0.011 0.045
0.021 -0.011 0.047
0.019 -0.007 0.047
0.019 -0.011 0.043
0.009 -0.007 0.035
0.013 0.007 0.043
-0.005 -0.005 0.037
-0.005 -0.005 0.039
0.017 -0.001 0.053
0.013 -0.001 0.047
0.011 0.001 0.047
0.019 -0.011 0.057
0.019 -0.005 0.057
0.019 0.001 0.059
0.019 0.003 0.061
0.017 0.003 0.061
0.015 -0.031 0.073
0.003 -0.049 0.089
0.013 -0.039 0.087
0.005 -0.049 0.087
0.015 -0.035 0.089
0.015 -0.037 0.089
0.011 -0.047 0.095
0.015 -0.037 0.093
0.017 -0.037 0.095
0.013 -0.045 0.093
0.021 -0.025 0.089
0.017 -0.033 0.091
0.013 -0.021 0.069
0.021 0.003 0.071
0.027 -0.013 0.095
0.015 -0.039 0.099
0.005 -0.051 0.101
-0.001 -0.049 0.107
0.023 -0.025 0.101
0.023 -0.025 0.101
0.015 -0.035 0.103
0.021 -0.025 0.105
0.009 -0.039 0.105
0.025 -0.013 0.103
0.013 -0.015 0.099
0.023 -0.021 0.037
0.023 -0.023 0.035
0.025 -0.019 0.035
0.025 -0.021 0.033
0.023 -0.017 0.031
0.009 -0.009 0.033
0.011 -0.013 0.031
0.021 -0.037 0.045
0.023 -0.045 0.039
0.021 -0.037 0.045
0.021 -0.039 0.049
0.023 -0.045 0.039
0.021 -0.047 0.039
0.021 -0.035 0.039
0.019 -0.041 0.041
0.023 -0.029 0.037
0.021 -0.035 0.039
0.019 -0.041 0.045
0.023 -0.031 0.037
0.013 -0.043 0.059
0.013 -0.043 0.059
0.021 -0.039 0.051
0.017 -0.033 0.053
0.013 -0.043 0.061
0.013 -0.039 0.065
0.015 -0.041 0.057
0.015 -0.041 0.057
0.013 -0.041 0.061
0.013 -0.037 0.059
0.023 -0.029 0.033
0.023 -0.017 0.041
0.017 -0.019 0.047
0.011 -0.007 0.037
0.019 -0.013 0.035
0.005 -0.003 0.039
0.005 -0.003 0.039
0.011 0.001 0.047
0.013 -0.027 0.053
0.017 -0.013 0.059
0.015 -0.023 0.051
0.007 -0.021 0.059
0.011 -0.027 0.061
0.019 -0.007 0.061
0.019 -0.007 0.065
0.019 -0.011 0.059
0.019 -0.011 0.057
0.011 -0.039 0.071
0.013 -0.039 0.065
0.015 -0.031 0.069
0.017 -0.027 0.079
0.013 -0.037 0.073
0.003 -0.057 0.083
0.007 -0.051 0.083
0.013 -0.041 0.083
0.021 -0.025 0.087
0.015 -0.035 0.083
0.015 -0.037 0.089
0.013 -0.037 0.091
0.017 -0.033 0.091
0.017 -0.037 0.095
0.015 -0.029 0.071
0.011 -0.021 0.067
0.013 -0.013 0.077
0.019 -0.005 0.073
0.019 -0.003 0.075
0.019 0.001 0.079
0.019 -0.007 0.071
0.019 -0.027 0.085
0.017 -0.017 0.085
0.025 -0.015 0.087
0.023 -0.019 0.091
0.015 -0.015 0.081
0.019 0.001 0.085
0.017 0.003 0.087
0.007 -0.011 0.089
0.007 -0.011 0.091
0.015 -0.013 0.091
0.013 -0.003 0.089
0.005 -0.057 0.103
0.003 -0.051 0.103
0.015 -0.039 0.097
0.015 -0.039 0.097
0.015 -0.037 0.103
0.021 -0.027 0.103
0.015 -0.015 0.105
0.015 -0.013 0.105
0.023 -0.017 0.099
0.015 -0.021 0.107
0.023 -0.025 0.097
0.025 -0.019 0.097
0.025 -0.019 0.097
0.007 -0.011 0.101
0.013 -0.015 0.099
0.015 -0.015 0.099
0.007 -0.005 0.101
0.019 -0.005 0.109
0.013 -0.019 0.113
0.021 0.029 0.039
0.015 0.035 0.037
0.009 0.041 0.033
0.021 0.019 0.047
0.023 0.021 0.043
0.021 0.023 0.045
0.021 0.025 0.043
-0.013 0.027 0.047
0.017 0.033 0.037
-0.009 0.025 0.047
0.021 0.023 0.055
0.017 0.027 0.053
0.017 0.029 0.057
0.007 0.041 0.037
0.003 0.043 0.037
-0.001 0.045 0.039
0.001 0.041 0.049
0.001 0.047 0.047
-0.003 0.047 0.043
-0.001 0.049 0.051
0.001 0.045 0.049
-0.003 0.049 0.049
0.009 0.043 0.065
0.019 0.009 0.073
0.019 0.033 0.069
0.005 0.047 0.067
0.013 0.037 0.033
0.011 0.039 0.033
0.025 0.023 0.039
0.023 0.013 0.045
0.027 0.015 0.039
0.019 0.011 0.045
0.025 0.015 0.045
0.019 0.029 0.041
0.013 0.033 0.041
0.027 0.021 0.039
0.023 0.027 0.039
0.021 0.029 0.039
0.011 0.003 0.051
0.019 0.011 0.051
0.019 0.013 0.055
0.011 0.007 0.061
0.019 0.015 0.059
0.017 0.013 0.057
0.019 0.019 0.065
0.019 0.001 0.063
0.013 0.029 0.053
0.013 0.029 0.053
0.019 0.027 0.049
0.019 0.027 0.051
0.021 0.019 0.057
0.017 0.029 0.059
0.003 0.043 0.033
0.005 0.039 0.041
0.001 0.039 0.055
0.001 0.045 0.049
0.001 0.047 0.049
0.013 0.035 0.065
0.009 0.035 0.059
0.007 0.043 0.059
0.003 0.047 0.063
0.017 0.009 0.069
0.017 0.011 0.073
0.017 0.013 0.073
0.015 0.009 0.067
0.017 0.009 0.069
0.021 0.011 0.077
0.019 0.013 0.077
0.019 0.021 0.067
0.019 0.021 0.069
0.019 0.021 0.073
0.019 0.033 0.071
0.019 0.021 0.067
0.019 0.023 0.067
0.021 0.025 0.073
0.019 0.029 0.073
0.017 0.011 0.091
0.013 0.007 0.093
0.017 0.017 0.091
0.017 0.027 0.089
0.017 0.029 0.087
0.015 0.019 0.093
0.021 0.025 0.081
0.011 0.041 0.071
0.007 0.047 0.065
0.011 0.045 0.073
0.011 0.039 0.079
0.013 0.037 0.073
0.011 0.043 0.077
0.007 0.055 0.077
0.011 0.047 0.081
0.011 0.049 0.081
0.007 0.055 0.081
0.005 0.055 0.087
-0.023 -0.033 0.037
-0.007 -0.045 0.039
-0.021 -0.037 0.037
-0.023 -0.037 0.039
-0.023 -0.035 0.037
-0.019 -0.035 0.043
-0.015 -0.035 0.045
-0.003 -0.049 0.059
-0.007 -0.045 0.059
-0.007 -0.043 0.061
-0.009 -0.035 0.057
-0.021 -0.027 0.035
-0.021 -0.025 0.035
-0.021 -0.027 0.037
-0.021 -0.027 0.037
-0.019 -0.027 0.039
-0.015 -0.019 0.035
-0.013 -0.021 0.035
-0.015 -0.019 0.037
-0.015 -0.015 0.035
-0.017 -0.027 0.047
-0.017 -0.025 0.045
-0.011 -0.017 0.045
-0.015 -0.007 0.035
-0.013 -0.005 0.035
-0.013 -0.007 0.037
-0.009 -0.005 0.041
-0.009 -0.007 0.045
-0.007 -0.029 0.057
-0.005 -0.009 0.055
-0.001 -0.041 0.071
-0.013 -0.057 0.085
-0.009 -0.057 0.089
-0.009 -0.045 0.085
-0.007 -0.033 0.085
-0.007 -0.041 0.095
-0.007 -0.037 0.095
-0.001 -0.025 0.075
-0.001 -0.023 0.077
-0.001 -0.005 0.065
-0.001 -0.003 0.071
-0.003 -0.031 0.089
-0.001 -0.021 0.095
-0.009 -0.051 0.099
-0.009 -0.053 0.105
-0.009 -0.041 0.097
-0.005 -0.035 0.099
-0.001 -0.035 0.105
-0.001 -0.031 0.105
-0.001 -0.021 0.107
-0.023 -0.033 0.037
-0.021 -0.029 0.037
-0.021 -0.029 0.037
-0.019 -0.025 0.037
-0.015 -0.013 0.037
-0.015 -0.019 0.037
-0.007 -0.043 0.037
-0.007 -0.043 0.039
-0.011 -0.041 0.043
-0.019 -0.027 0.039
-0.013 -0.039 0.043
-0.019 -0.033 0.045
-0.011 -0.033 0.053
-0.011 -0.031 0.055
-0.019 -0.025 0.039
-0.019 -0.025 0.039
-0.015 -0.015 0.037
-0.015 -0.015 0.039
-0.013 -0.013 0.039
-0.013 -0.007 0.037
-0.013 -0.007 0.039
-0.001 -0.003 0.043
0.001 -0.001 0.047
-0.007 -0.025 0.053
-0.007 -0.029 0.057
-0.003 -0.023 0.055
-0.001 -0.027 0.059
0.001 -0.025 0.065
-0.009 -0.023 0.053
-0.001 -0.001 0.055
-0.001 -0.013 0.061
0.001 -0.011 0.065
-0.001 -0.001 0.055
-0.003 -0.045 0.067
-0.001 -0.041 0.071
-0.003 -0.039 0.071
-0.001 -0.037 0.075
-0.001 -0.035 0.075
0.003 -0.033 0.079
-0.013 -0.049 0.085
-0.011 -0.053 0.089
0.003 -0.049 0.093
-0.009 -0.045 0.083
-0.009 -0.043 0.085
-0.007 -0.039 0.085
-0.007 -0.037 0.087
-0.003 -0.029 0.085
-0.003 -0.031 0.089
-0.005 -0.033 0.093
-0.007 -0.035 0.095
-0.007 -0.035 0.095
0.001 -0.025 0.065
-0.001 -0.025 0.067
0.007 -0.019 0.071
0.001 -0.029 0.081
0.001 -0.011 0.067
0.007 -0.013 0.069
0.001 -0.007 0.073
-0.003 -0.029 0.083
-0.001 -0.021 0.083
0.001 -0.017 0.089
0.001 -0.017 0.091
-0.001 -0.019 0.095
0.001 -0.015 0.095
0.003 -0.013 0.085
0.007 -0.001 0.085
0.003 -0.009 0.095
0.001 -0.015 0.095
0.003 -0.013 0.089
0.003 0.001 0.083
-0.007 -0.055 0.105
-0.009 -0.045 0.101
-0.003 -0.043 0.101
-0.003 -0.037 0.101
-0.003 -0.031 0.101
-0.001 -0.025 0.103
-0.001 -0.027 0.103
-0.001 -0.025 0.103
0.001 -0.021 0.103
0.001 -0.017 0.101
0.001 -0.019 0.103
-0.001 -0.023 0.105
0.003 -0.017 0.107
0.011 -0.017 0.105
-0.001 -0.025 0.101
0.001 -0.019 0.099
0.001 -0.017 0.099
0.003 -0.015 0.099
-0.001 -0.023 0.105
0.001 -0.023 0.107
0.003 -0.013 0.103
0.011 -0.019 0.115
0.015 -0.005 0.113
0.015 -0.005 0.113
-0.015 0.005 0.035
-0.015 0.005 0.037
-0.015 0.003 0.035
-0.013 0.013 0.035
-0.015 0.009 0.037
-0.013 0.011 0.037
-0.013 0.011 0.037
-0.013 0.015 0.035
-0.009 0.009 0.037
-0.007 0.013 0.039
-0.007 0.011 0.041
-0.015 0.017 0.035
-0.011 0.023 0.033
-0.011 0.023 0.035
-0.011 0.025 0.039
-0.015 0.023 0.043
-0.011 0.029 0.045
-0.005 0.029 0.045
-0.005 0.011 0.049
-0.019 0.023 0.051
-0.019 0.025 0.051
-0.019 0.023 0.051
-0.013 0.019 0.053
-0.017 0.027 0.049
-0.017 0.027 0.053
-0.017 0.025 0.057
-0.015 0.029 0.057
-0.011 0.025 0.063
-0.013 0.039 0.035
-0.015 0.037 0.045
-0.013 0.037 0.047
-0.015 0.041 0.043
-0.011 0.047 0.047
-0.009 0.049 0.049
-0.013 0.035 0.049
-0.011 0.037 0.051
-0.013 0.045 0.049
-0.011 0.047 0.051
-0.011 0.047 0.051
-0.007 0.039 0.057
-0.001 0.039 0.063
-0.001 0.001 0.067
-0.001 0.047 0.065
-0.011 0.025 0.035
-0.005 0.009 0.041
-0.007 0.011 0.043
-0.007 0.011 0.043
-0.003 0.009 0.047
0.007 0.007 0.049
-0.009 0.015 0.045
-0.009 0.013 0.045
-0.009 0.013 0.047
-0.011 0.017 0.049
-0.005 0.013 0.051
-0.013 0.021 0.039
-0.011 0.027 0.043
-0.011 0.029 0.045
-0.017 0.027 0.051
-0.017 0.021 0.045
-0.017 0.023 0.045
-0.015 0.023 0.041
0.001 0.001 0.055
0.003 0.015 0.053
0.007 0.009 0.053
0.007 0.011 0.057
0.001 0.003 0.061
0.003 0.015 0.059
0.007 0.013 0.061
0.005 0.015 0.063
-0.009 0.017 0.053
0.003 0.015 0.055
0.003 0.015 0.059
-0.017 0.027 0.057
0.005 0.031 0.053
-0.015 0.029 0.057
-0.013 0.029 0.059
-0.015 0.027 0.059
-0.015 0.029 0.057
-0.007 0.025 0.067
0.001 0.029 0.063
-0.015 0.037 0.043
-0.015 0.043 0.041
-0.013 0.033 0.047
-0.003 0.039 0.061
0.005 0.009 0.069
0.003 0.015 0.077
0.005 0.013 0.075
0.005 0.017 0.067
0.001 0.029 0.067
0.001 0.019 0.079
0.001 0.031 0.073
0.001 0.025 0.077
0.001 0.025 0.075
0.001 0.029 0.075
0.001 0.025 0.079
0.001 0.025 0.081
0.007 0.001 0.087
0.007 0.003 0.089
0.011 0.003 0.091
0.005 0.005 0.089
0.003 0.007 0.085
0.003 0.007 0.087
0.001 0.023 0.085
0.001 0.025 0.083
0.003 0.029 0.083
0.005 0.025 0.089
0.009 0.029 0.089
0.005 0.023 0.089
0.003 0.033 0.065
0.001 0.041 0.069
0.003 0.033 0.075
0.005 0.035 0.077
0.007 0.047 0.075
0.005 0.045 0.075
0.005 0.043 0.079
0.003 0.033 0.077
0.007 0.033 0.085
0.007 0.033 0.085
0.007 0.041 0.081
0.003 0.047 0.081
0.003 0.047 0.085
0.003 0.047 0.083
0.003 0.049 0.081
0.005 0.049 0.087
