0.015 -0.043 0.041
0.021 -0.039 0.049
-0.001 -0.051 0.047
0.007 -0.051 0.051
0.003 -0.049 0.059
0.009 -0.049 0.059
0.009 -0.047 0.039
0.009 -0.049 0.049
0.007 -0.051 0.053
0.009 -0.049 0.051
0.011 -0.047 0.045
0.005 -0.051 0.055
0.007 -0.049 0.055
0.011 -0.049 0.053
0.009 -0.049 0.059
0.009 -0.049 0.059
0.011 -0.045 0.061
0.003 -0.051 0.053
0.005 -0.051 0.057
0.003 -0.051 0.057
0.005 -0.047 0.065
0.003 -0.047 0.067
0.007 -0.045 0.069
0.015 -0.041 0.057
0.011 -0.045 0.063
0.015 -0.041 0.057
0.017 -0.043 0.049
0.017 -0.043 0.051
0.019 -0.041 0.049
0.013 -0.043 0.061
0.013 -0.025 0.051
0.011 -0.027 0.053
0.021 -0.031 0.049
0.017 -0.023 0.049
0.015 -0.021 0.053
0.009 -0.025 0.055
0.009 -0.021 0.057
0.015 -0.019 0.055
0.015 -0.017 0.057
0.017 -0.015 0.057
0.013 -0.041 0.067
0.011 -0.043 0.067
0.013 -0.037 0.065
0.013 -0.035 0.063
0.013 -0.039 0.065
0.013 -0.035 0.065
0.013 -0.029 0.063
0.013 -0.033 0.063
0.013 -0.037 0.071
0.013 -0.025 0.065
0.015 -0.013 0.061
0.007 -0.019 0.061
0.013 -0.013 0.067
0.005 -0.041 0.073
0.007 -0.039 0.075
-0.003 -0.061 0.091
-0.001 -0.061 0.087
0.001 -0.059 0.087
0.001 -0.057 0.089
0.001 -0.055 0.089
0.001 -0.055 0.089
-0.003 -0.059 0.091
-0.005 -0.063 0.093
-0.003 -0.057 0.091
0.005 -0.049 0.089
0.003 -0.047 0.087
0.009 -0.053 0.095
0.011 -0.049 0.095
0.013 -0.045 0.093
0.013 -0.041 0.091
0.011 -0.049 0.095
0.013 -0.045 0.093
0.011 -0.043 0.095
0.015 -0.041 0.093
0.005 -0.047 0.101
0.013 -0.037 0.073
0.013 -0.039 0.081
0.013 -0.035 0.077
0.013 -0.037 0.081
0.015 -0.035 0.083
0.015 -0.033 0.087
0.011 -0.011 0.075
0.015 -0.039 0.097
0.019 -0.031 0.103
0.003 -0.059 0.103
0.001 -0.057 0.105
-0.003 -0.053 0.105
0.005 -0.049 0.101
0.005 -0.047 0.101
0.003 -0.051 0.105
0.003 -0.051 0.105
0.007 -0.043 0.103
0.011 -0.041 0.103
0.007 -0.041 0.105
0.005 -0.037 0.105
0.003 -0.035 0.105
0.013 -0.031 0.105
0.007 -0.027 0.105
0.011 -0.025 0.113
0.021 -0.039 0.039
0.021 -0.035 0.039
0.021 -0.029 0.043
0.021 -0.029 0.039
0.023 -0.029 0.037
0.025 -0.023 0.033
0.025 -0.019 0.035
0.021 -0.025 0.041
0.003 -0.049 0.039
0.005 -0.049 0.039
0.017 -0.051 0.037
0.015 -0.053 0.037
0.003 -0.051 0.045
0.017 -0.053 0.035
0.021 -0.051 0.037
0.023 -0.049 0.037
0.017 -0.051 0.039
0.017 -0.049 0.041
0.019 -0.043 0.041
0.021 -0.037 0.039
0.021 -0.039 0.039
0.021 -0.041 0.039
0.013 -0.045 0.045
0.017 -0.041 0.043
0.013 -0.045 0.045
0.021 -0.043 0.037
0.021 -0.043 0.039
0.021 -0.035 0.037
0.017 -0.043 0.047
0.019 -0.041 0.045
0.021 -0.035 0.045
0.007 -0.051 0.049
0.011 -0.049 0.051
0.003 -0.051 0.057
0.005 -0.049 0.059
0.013 -0.039 0.063
0.013 -0.037 0.063
0.013 -0.035 0.061
0.021 -0.039 0.051
0.021 -0.039 0.049
0.021 -0.037 0.051
0.019 -0.041 0.053
0.017 -0.039 0.055
0.019 -0.039 0.041
0.021 -0.035 0.039
0.023 -0.025 0.039
0.023 -0.025 0.039
0.023 -0.027 0.037
0.023 -0.023 0.039
0.021 -0.027 0.043
0.021 -0.029 0.047
0.021 -0.029 0.047
0.017 -0.023 0.047
0.019 -0.017 0.045
0.019 -0.017 0.045
0.021 -0.017 0.043
0.023 -0.017 0.043
0.021 -0.015 0.043
0.019 -0.007 0.047
0.019 -0.009 0.051
0.019 -0.007 0.051
0.023 -0.013 0.039
0.021 -0.017 0.043
0.021 -0.013 0.045
0.021 -0.011 0.047
0.013 -0.031 0.059
0.017 -0.029 0.051
0.013 -0.033 0.057
0.007 -0.023 0.057
0.015 -0.021 0.053
0.013 -0.031 0.063
0.015 -0.033 0.069
0.015 -0.031 0.067
0.013 -0.027 0.065
0.015 -0.029 0.065
0.009 -0.025 0.059
0.015 -0.029 0.069
0.019 -0.017 0.051
0.017 -0.015 0.057
0.021 -0.015 0.051
0.021 -0.013 0.049
0.019 -0.007 0.051
0.019 -0.005 0.053
0.019 -0.001 0.059
0.021 -0.003 0.065
0.005 -0.045 0.067
0.011 -0.039 0.071
0.015 -0.033 0.071
0.007 -0.039 0.075
0.013 -0.039 0.083
0.013 -0.039 0.081
0.015 -0.033 0.073
0.013 -0.035 0.081
0.007 -0.051 0.083
0.005 -0.053 0.087
0.007 -0.049 0.085
0.005 -0.049 0.089
0.009 -0.051 0.095
0.009 -0.053 0.097
0.007 -0.047 0.083
0.009 -0.045 0.087
0.009 -0.045 0.087
0.013 -0.041 0.091
0.015 -0.041 0.093
0.013 -0.039 0.089
0.015 -0.037 0.089
0.013 -0.037 0.081
0.011 -0.041 0.087
0.015 -0.033 0.085
0.005 -0.049 0.089
0.009 -0.047 0.097
0.013 -0.045 0.093
0.013 -0.045 0.093
0.011 -0.043 0.095
0.013 -0.043 0.093
0.011 -0.043 0.099
0.013 -0.041 0.101
0.013 -0.041 0.091
0.013 -0.039 0.089
0.013 -0.037 0.091
0.015 -0.037 0.093
0.017 -0.035 0.093
0.017 -0.033 0.091
0.015 -0.033 0.075
0.015 -0.031 0.067
0.015 -0.029 0.071
0.015 -0.031 0.077
0.015 -0.033 0.087
0.015 -0.031 0.075
0.017 -0.027 0.075
0.015 -0.029 0.079
0.015 -0.031 0.079
0.017 -0.027 0.081
0.017 -0.029 0.085
0.017 -0.025 0.075
0.015 -0.019 0.073
0.015 -0.019 0.073
0.017 -0.019 0.077
0.017 -0.011 0.067
0.017 -0.021 0.075
0.011 -0.011 0.073
0.011 -0.011 0.075
0.013 -0.009 0.077
0.013 -0.009 0.079
0.019 -0.019 0.085
0.023 -0.019 0.087
0.023 -0.019 0.089
0.019 -0.009 0.065
0.019 -0.005 0.065
0.019 -0.003 0.075
0.019 -0.027 0.091
0.019 -0.031 0.097
0.021 -0.027 0.093
0.019 -0.033 0.101
0.021 -0.029 0.103
0.019 -0.027 0.087
0.021 -0.023 0.085
0.017 -0.017 0.081
0.021 -0.027 0.093
0.023 -0.023 0.091
0.025 -0.015 0.093
0.013 -0.003 0.087
0.025 -0.021 0.099
0.021 -0.029 0.105
0.023 -0.019 0.095
0.025 -0.019 0.099
0.025 -0.021 0.099
0.023 -0.019 0.103
0.023 -0.019 0.103
0.025 -0.017 0.089
0.025 -0.015 0.087
0.005 -0.057 0.101
0.005 -0.051 0.101
0.009 -0.053 0.097
0.007 -0.049 0.099
0.005 -0.055 0.101
0.007 -0.043 0.103
0.011 -0.045 0.097
0.015 -0.039 0.097
0.017 -0.035 0.097
0.015 -0.037 0.103
0.015 -0.035 0.103
0.011 -0.037 0.105
0.013 -0.027 0.107
0.013 -0.031 0.105
0.013 -0.027 0.107
0.013 -0.025 0.109
0.015 -0.019 0.109
0.019 -0.033 0.101
0.023 -0.021 0.101
0.023 -0.021 0.101
0.023 -0.027 0.107
0.023 -0.025 0.107
0.017 -0.015 0.109
0.025 -0.015 0.097
0.025 -0.013 0.101
0.013 -0.023 0.113
0.019 -0.005 0.113
0.013 0.007 0.041
0.013 0.007 0.045
0.019 0.011 0.049
0.019 -0.015 0.053
0.017 -0.017 0.055
0.019 -0.011 0.057
0.021 -0.015 0.051
0.019 -0.013 0.055
0.019 -0.009 0.053
0.019 -0.013 0.055
0.019 -0.007 0.053
0.019 -0.007 0.053
0.019 -0.009 0.061
0.019 -0.007 0.051
0.019 -0.005 0.053
0.009 0.007 0.039
0.019 -0.007 0.055
0.019 -0.005 0.055
0.019 -0.005 0.059
0.019 -0.005 0.065
0.019 -0.005 0.057
0.011 0.007 0.047
0.019 -0.007 0.059
0.019 -0.003 0.057
0.019 -0.003 0.057
0.013 0.007 0.049
0.019 0.013 0.047
0.019 0.013 0.049
0.015 0.009 0.053
0.019 -0.005 0.067
0.021 -0.001 0.065
0.019 0.003 0.065
0.015 0.011 0.057
0.017 0.013 0.057
0.019 -0.003 0.063
0.021 -0.001 0.073
0.019 -0.003 0.075
0.021 -0.001 0.067
0.021 0.001 0.067
0.021 -0.001 0.069
0.021 -0.001 0.073
0.021 0.005 0.073
0.021 0.003 0.075
0.019 -0.001 0.081
0.021 -0.001 0.075
0.021 0.003 0.077
0.019 -0.001 0.077
0.021 0.003 0.079
0.019 0.011 0.053
0.019 0.013 0.055
0.021 0.015 0.053
0.017 0.013 0.059
0.021 0.019 0.059
0.021 0.021 0.057
0.015 0.015 0.063
0.013 0.015 0.063
0.015 0.015 0.063
0.015 0.017 0.065
0.017 0.017 0.065
0.017 0.017 0.063
0.019 0.031 0.061
0.013 0.015 0.065
0.015 0.017 0.067
0.021 0.023 0.063
0.017 0.019 0.069
0.017 0.019 0.071
0.017 0.019 0.071
0.019 0.021 0.071
0.019 0.021 0.071
0.019 0.021 0.077
0.019 0.021 0.073
0.021 0.025 0.075
0.013 -0.009 0.075
0.019 0.001 0.083
0.021 0.005 0.083
0.013 0.011 0.035
0.017 0.013 0.035
0.017 0.015 0.035
0.025 0.013 0.039
0.023 0.013 0.045
0.023 0.013 0.045
0.025 0.017 0.045
0.023 0.025 0.041
0.025 0.023 0.039
0.009 0.007 0.039
0.013 0.009 0.037
0.013 0.007 0.041
0.017 0.009 0.043
0.027 0.013 0.037
0.023 0.013 0.041
0.025 0.015 0.043
0.017 0.009 0.041
0.017 0.013 0.035
0.023 0.011 0.041
0.021 0.013 0.045
0.023 0.015 0.045
0.027 0.019 0.041
0.019 0.015 0.055
0.021 0.017 0.055
0.021 0.017 0.055
0.021 0.017 0.053
0.027 0.015 0.041
0.025 0.015 0.043
0.029 0.017 0.033
0.027 0.017 0.037
0.029 0.019 0.037
0.029 0.021 0.037
0.025 0.015 0.043
0.027 0.019 0.041
0.021 0.023 0.045
0.021 0.025 0.043
0.019 -0.007 0.061
0.019 -0.007 0.065
0.019 0.001 0.057
0.019 -0.005 0.059
0.019 -0.001 0.059
0.019 0.003 0.061
0.013 0.009 0.055
0.017 0.011 0.055
0.019 -0.005 0.067
0.021 -0.001 0.063
0.021 -0.001 0.067
0.019 -0.001 0.059
0.019 0.001 0.061
0.015 0.013 0.059
0.013 0.011 0.059
0.015 0.015 0.063
0.017 0.017 0.063
0.019 0.017 0.061
0.019 0.021 0.063
0.021 0.021 0.055
0.021 0.021 0.061
0.021 0.023 0.061
0.021 0.005 0.071
0.019 0.019 0.065
0.019 0.021 0.067
0.017 0.019 0.069
0.017 0.019 0.071
0.019 0.021 0.069
0.019 0.023 0.065
0.021 0.025 0.061
0.021 0.025 0.063
0.021 0.025 0.049
0.019 0.019 0.063
0.021 0.025 0.059
0.021 0.019 0.051
0.023 0.027 0.041
0.019 0.027 0.049
0.007 0.041 0.037
0.019 0.027 0.051
0.021 0.023 0.049
0.021 0.025 0.049
0.019 0.031 0.063
0.019 0.027 0.065
0.019 0.021 0.073
0.019 0.027 0.067
0.019 0.033 0.071
0.019 0.031 0.065
0.007 0.045 0.059
0.019 -0.003 0.075
0.015 -0.005 0.079
0.019 -0.003 0.079
0.021 -0.001 0.075
0.017 -0.003 0.081
0.019 0.001 0.081
0.019 0.001 0.085
0.019 0.005 0.087
0.021 0.001 0.069
0.021 0.013 0.081
0.021 0.007 0.077
0.021 0.011 0.077
0.019 0.009 0.087
0.019 0.023 0.071
0.021 0.025 0.071
0.021 0.025 0.071
0.021 0.025 0.071
0.019 0.019 0.077
0.021 0.019 0.079
0.013 0.001 0.091
0.017 0.001 0.087
0.015 0.003 0.089
0.013 0.005 0.093
0.013 0.011 0.095
0.013 0.013 0.095
0.021 0.003 0.081
0.017 0.015 0.091
0.019 0.011 0.089
0.017 0.011 0.091
0.017 0.019 0.091
0.015 0.017 0.093
0.017 0.025 0.089
0.017 0.021 0.091
0.019 0.027 0.083
0.017 0.029 0.087
0.019 0.017 0.089
0.017 0.019 0.091
0.019 0.031 0.069
0.019 0.029 0.075
0.019 0.033 0.077
0.019 0.033 0.071
0.021 0.025 0.081
0.021 0.019 0.085
0.021 0.021 0.087
0.019 0.029 0.079
0.013 0.035 0.083
0.013 0.037 0.081
0.019 0.033 0.071
0.019 0.031 0.077
0.019 0.031 0.081
0.011 0.047 0.079
0.013 0.035 0.087
0.009 0.041 0.085
0.009 0.043 0.085
0.007 0.047 0.087
0.007 0.047 0.087
