-0.019 -0.027 0.045
-0.007 -0.023 0.053
-0.005 -0.015 0.051
-0.005 -0.011 0.053
-0.013 -0.007 0.039
-0.009 -0.005 0.043
-0.005 -0.033 0.069
-0.021 -0.029 0.039
-0.023 -0.035 0.043
-0.007 -0.027 0.055
-0.007 -0.029 0.057
-0.009 -0.027 0.055
-0.013 -0.023 0.049
-0.013 -0.025 0.051
-0.011 -0.025 0.053
-0.011 -0.021 0.049
-0.009 -0.023 0.053
-0.007 -0.035 0.063
-0.013 -0.031 0.051
-0.015 -0.035 0.045
-0.011 -0.029 0.055
-0.009 -0.043 0.055
-0.007 -0.039 0.061
-0.007 -0.037 0.063
-0.005 -0.039 0.063
-0.009 -0.031 0.057
-0.003 -0.035 0.073
-0.007 -0.035 0.063
-0.007 -0.035 0.063
-0.017 -0.023 0.043
-0.021 -0.031 0.043
-0.013 -0.021 0.045
-0.013 -0.021 0.047
-0.013 -0.021 0.047
-0.009 -0.017 0.047
-0.015 -0.015 0.039
-0.013 -0.015 0.041
-0.011 -0.011 0.043
-0.015 -0.021 0.043
-0.015 -0.023 0.045
-0.013 -0.023 0.049
-0.013 -0.021 0.047
-0.015 -0.013 0.037
-0.005 -0.007 0.045
-0.005 -0.005 0.041
-0.005 -0.005 0.043
-0.013 -0.005 0.037
-0.013 -0.007 0.039
-0.013 -0.005 0.037
-0.007 -0.005 0.037
-0.011 -0.011 0.043
-0.009 -0.007 0.045
-0.007 -0.011 0.051
-0.005 -0.009 0.055
-0.011 -0.007 0.043
-0.001 -0.001 0.053
-0.001 -0.001 0.051
-0.009 -0.027 0.055
-0.007 -0.019 0.051
-0.005 -0.017 0.053
-0.003 -0.017 0.055
-0.001 -0.011 0.063
-0.005 -0.031 0.065
-0.005 -0.007 0.051
-0.001 -0.005 0.067
-0.001 0.001 0.063
-0.005 -0.037 0.069
-0.003 -0.035 0.073
-0.009 -0.045 0.101
-0.011 -0.049 0.087
-0.011 -0.053 0.089
-0.009 -0.043 0.095
-0.005 -0.033 0.099
-0.007 -0.041 0.099
-0.007 -0.049 0.103
-0.009 -0.045 0.101
-0.009 -0.045 0.099
-0.003 -0.043 0.101
-0.005 -0.043 0.099
-0.009 -0.045 0.087
-0.005 -0.033 0.099
-0.005 -0.037 0.089
-0.007 -0.039 0.087
-0.007 -0.035 0.087
-0.007 -0.033 0.085
-0.005 -0.029 0.097
-0.007 -0.035 0.097
-0.003 -0.029 0.101
-0.003 -0.027 0.071
-0.001 -0.025 0.069
-0.001 -0.003 0.071
-0.001 -0.001 0.071
-0.001 -0.021 0.085
-0.001 -0.023 0.099
-0.001 -0.021 0.097
-0.009 -0.041 0.099
-0.001 -0.035 0.105
-0.007 -0.045 0.101
-0.005 -0.033 0.099
-0.003 -0.035 0.103
-0.001 -0.033 0.105
-0.005 -0.029 0.097
-0.003 -0.029 0.101
-0.001 -0.025 0.105
-0.001 -0.025 0.105
-0.001 -0.021 0.055
0.001 0.009 0.075
0.001 0.003 0.059
0.003 0.005 0.065
0.007 0.025 0.089
0.007 -0.015 0.077
0.005 -0.009 0.087
0.005 -0.009 0.087
0.001 -0.021 0.077
-0.003 -0.029 0.073
0.009 -0.019 0.067
0.001 0.005 0.083
0.003 0.005 0.085
0.005 -0.021 0.069
0.007 -0.019 0.069
0.003 -0.017 0.079
0.009 0.001 0.089
0.007 0.011 0.091
0.005 0.007 0.089
0.007 0.007 0.091
0.009 0.003 0.089
0.009 -0.003 0.085
0.007 0.003 0.089
0.007 0.003 0.089
-0.001 -0.021 0.087
0.003 -0.013 0.091
0.001 -0.017 0.091
0.001 -0.015 0.095
0.005 -0.007 0.101
0.005 -0.007 0.097
0.007 -0.005 0.095
0.007 -0.005 0.095
0.011 -0.007 0.085
-0.001 -0.003 0.061
0.003 0.019 0.089
0.011 0.023 0.093
0.007 0.013 0.091
0.009 0.019 0.093
0.005 0.019 0.091
0.011 0.023 0.093
0.009 0.021 0.093
0.001 0.001 0.051
0.001 0.025 0.083
0.003 0.025 0.085
-0.001 -0.003 0.045
0.001 0.001 0.051
0.001 0.025 0.079
0.005 0.003 0.051
0.001 0.027 0.083
0.005 0.027 0.087
0.007 0.027 0.089
0.005 -0.003 0.083
0.001 -0.023 0.055
0.001 -0.001 0.079
0.005 0.007 0.089
0.007 0.011 0.091
0.007 0.011 0.091
0.007 -0.015 0.077
0.001 -0.005 0.075
0.001 0.005 0.083
0.003 0.007 0.087
0.007 0.005 0.089
0.007 0.011 0.091
0.007 0.027 0.089
-0.001 -0.003 0.071
0.001 0.003 0.081
0.005 0.009 0.089
0.009 0.019 0.093
0.009 0.021 0.093
0.007 0.023 0.091
0.009 0.025 0.091
0.007 0.027 0.089
0.009 0.025 0.091
-0.001 -0.021 0.097
-0.003 -0.025 0.091
-0.001 -0.019 0.095
0.003 -0.011 0.101
0.003 -0.011 0.101
0.005 -0.007 0.103
0.005 -0.007 0.101
-0.003 -0.025 0.091
-0.001 -0.021 0.097
-0.001 -0.023 0.089
0.001 -0.015 0.101
-0.003 -0.043 0.101
-0.001 -0.029 0.103
0.003 -0.027 0.105
-0.001 -0.037 0.105
-0.001 -0.033 0.105
0.001 -0.033 0.105
-0.001 -0.037 0.105
0.001 -0.035 0.105
0.007 -0.039 0.105
0.001 -0.019 0.109
-0.003 -0.031 0.103
0.001 -0.027 0.105
0.003 -0.017 0.109
0.007 -0.023 0.105
-0.001 -0.021 0.101
0.007 -0.019 0.103
0.009 -0.019 0.105
0.009 -0.031 0.105
0.001 -0.027 0.105
0.003 -0.029 0.105
0.005 -0.023 0.105
0.007 -0.023 0.107
0.005 -0.021 0.105
0.011 -0.017 0.109
0.011 -0.019 0.115
0.007 -0.005 0.095
0.007 -0.007 0.087
0.007 -0.015 0.077
0.007 -0.007 0.087
0.007 -0.007 0.089
0.007 -0.015 0.077
0.001 -0.021 0.077
0.003 -0.009 0.089
0.005 -0.007 0.089
0.003 -0.009 0.089
0.001 0.001 0.081
0.003 0.005 0.087
0.001 -0.003 0.075
0.007 0.003 0.089
0.005 -0.003 0.083
0.011 -0.013 0.079
0.001 0.001 0.081
0.011 0.009 0.095
0.013 0.013 0.095
0.001 -0.019 0.091
0.001 -0.015 0.093
0.015 -0.005 0.111
0.015 -0.011 0.091
0.017 -0.015 0.091
0.015 -0.009 0.111
0.017 -0.007 0.113
0.017 -0.003 0.113
0.023 -0.013 0.095
0.017 -0.001 0.113
0.003 -0.009 0.095
0.005 -0.007 0.093
0.007 -0.005 0.095
0.013 -0.013 0.083
0.011 -0.005 0.087
0.007 0.001 0.087
0.007 0.003 0.089
0.011 -0.003 0.089
0.011 0.003 0.091
0.005 -0.005 0.095
0.003 -0.009 0.097
0.007 -0.007 0.103
0.007 -0.005 0.095
0.005 -0.007 0.097
0.005 -0.005 0.095
0.005 -0.057 0.103
0.003 -0.045 0.103
0.003 -0.047 0.103
0.001 -0.049 0.107
0.003 -0.047 0.103
0.009 -0.037 0.105
0.007 -0.035 0.105
0.011 -0.033 0.105
0.011 -0.025 0.113
0.011 -0.035 0.105
0.013 -0.035 0.105
0.015 -0.037 0.103
0.011 -0.021 0.115
0.003 -0.041 0.105
0.001 -0.039 0.105
0.001 -0.027 0.105
0.001 -0.019 0.109
0.007 -0.021 0.103
0.011 -0.013 0.107
0.011 -0.013 0.109
0.013 -0.009 0.111
0.007 -0.029 0.105
0.007 -0.025 0.107
0.007 -0.025 0.107
0.011 -0.021 0.111
0.003 -0.017 0.109
0.009 -0.019 0.107
0.019 -0.005 0.113
0.007 -0.013 0.101
0.003 -0.013 0.103
0.007 -0.015 0.101
0.007 -0.007 0.103
0.013 -0.009 0.111
0.013 -0.009 0.111
0.023 -0.015 0.103
0.019 -0.005 0.113
-0.009 0.031 0.047
-0.011 0.045 0.055
-0.009 0.047 0.057
-0.009 0.049 0.053
-0.017 0.023 0.059
-0.013 0.027 0.061
-0.013 0.025 0.061
-0.011 0.023 0.063
-0.007 0.025 0.067
-0.007 0.025 0.065
-0.013 0.029 0.059
-0.011 0.029 0.059
-0.009 0.027 0.059
-0.009 0.027 0.063
-0.011 0.029 0.045
-0.013 0.033 0.047
-0.011 0.029 0.045
-0.015 0.029 0.057
-0.011 0.029 0.045
-0.009 0.027 0.045
-0.005 0.041 0.061
-0.007 0.027 0.045
-0.009 0.035 0.051
-0.015 0.027 0.059
-0.011 0.029 0.059
-0.009 0.027 0.053
-0.001 0.021 0.049
-0.007 0.025 0.049
-0.001 0.025 0.047
-0.007 0.025 0.067
-0.017 0.027 0.057
-0.009 0.027 0.059
-0.001 0.017 0.049
-0.009 0.027 0.057
-0.011 0.029 0.057
-0.011 0.025 0.065
-0.009 0.025 0.065
-0.007 0.025 0.063
-0.007 0.025 0.067
-0.013 0.027 0.061
-0.013 0.045 0.047
-0.013 0.045 0.047
-0.005 0.049 0.051
-0.005 0.049 0.053
-0.009 0.049 0.047
-0.005 0.049 0.047
-0.001 0.047 0.045
-0.015 0.039 0.047
-0.013 0.037 0.049
-0.009 0.039 0.055
-0.015 0.039 0.047
-0.003 0.049 0.061
-0.003 0.047 0.063
-0.011 0.047 0.045
-0.013 0.045 0.047
-0.009 0.049 0.053
-0.005 0.043 0.063
-0.013 0.045 0.049
-0.007 0.041 0.061
-0.005 0.043 0.063
-0.003 0.041 0.065
-0.003 0.047 0.063
-0.009 0.049 0.051
0.001 0.043 0.069
-0.005 0.049 0.059
-0.003 0.049 0.057
-0.001 0.049 0.057
0.013 0.037 0.037
0.001 0.027 0.065
0.003 0.033 0.065
0.003 0.033 0.073
0.001 0.025 0.067
0.001 0.031 0.075
0.003 0.033 0.079
0.001 0.027 0.071
0.005 0.043 0.087
0.015 0.037 0.073
0.017 0.035 0.069
0.009 0.041 0.085
-0.001 0.041 0.067
-0.001 0.029 0.047
-0.003 0.047 0.063
0.003 0.047 0.067
0.001 0.047 0.067
0.003 0.047 0.061
-0.001 0.043 0.067
0.001 0.045 0.069
-0.001 0.043 0.067
0.027 0.019 0.041
0.027 0.023 0.037
0.029 0.021 0.037
0.007 0.055 0.077
0.021 0.027 0.043
0.009 0.049 0.085
0.017 0.035 0.069
0.027 0.017 0.041
0.017 0.035 0.073
0.007 0.055 0.081
0.007 0.053 0.083
0.009 0.049 0.085
0.003 0.027 0.087
0.001 0.019 0.057
0.001 0.027 0.081
0.005 0.033 0.083
0.005 0.033 0.083
0.007 0.033 0.085
0.001 0.015 0.079
0.005 0.027 0.087
0.005 0.025 0.089
0.007 0.027 0.089
0.007 0.025 0.089
0.003 0.029 0.085
0.005 0.031 0.085
0.009 0.025 0.091
0.001 0.025 0.059
0.005 0.051 0.087
0.003 0.051 0.087
0.001 0.027 0.065
0.003 0.041 0.073
0.005 0.035 0.069
0.011 0.047 0.081
0.015 0.037 0.073
0.015 0.035 0.081
0.015 0.037 0.073
0.015 0.035 0.075
0.011 0.045 0.083
0.017 0.035 0.073
0.017 0.035 0.071
0.001 0.049 0.057
0.009 0.039 0.037
0.005 0.041 0.039
0.009 0.041 0.035
-0.001 0.047 0.063
-0.001 0.049 0.055
0.001 0.047 0.047
0.001 0.049 0.053
0.001 0.049 0.059
0.003 0.047 0.063
0.001 0.045 0.069
0.001 0.045 0.069
0.001 0.045 0.069
0.003 0.051 0.087
0.007 0.051 0.087
0.007 0.049 0.087
0.001 0.017 0.083
0.007 0.031 0.087
0.007 0.027 0.089
0.001 0.007 0.083
0.001 0.011 0.085
0.007 0.027 0.089
0.011 0.025 0.093
0.013 0.025 0.093
0.015 0.019 0.093
0.017 0.019 0.091
0.001 0.025 0.073
0.007 0.031 0.087
0.009 0.033 0.087
0.011 0.033 0.089
0.001 0.031 0.071
0.001 0.029 0.077
0.003 0.027 0.087
0.005 0.027 0.087
0.001 0.023 0.085
0.001 0.029 0.079
0.003 0.033 0.079
0.015 0.035 0.075
0.015 0.031 0.087
0.017 0.031 0.083
0.017 0.029 0.087
0.019 0.031 0.081
0.019 0.031 0.081
0.003 0.017 0.089
0.013 0.011 0.095
0.013 0.015 0.095
0.019 0.011 0.089
0.017 0.009 0.091
0.021 0.007 0.085
0.017 0.011 0.091
0.003 0.023 0.087
0.003 0.029 0.085
0.003 0.027 0.087
0.005 0.019 0.091
0.007 0.021 0.091
0.013 0.019 0.095
0.021 0.021 0.085
0.017 0.031 0.085
0.019 0.021 0.089
0.017 0.023 0.091
0.003 0.043 0.071
0.003 0.047 0.087
0.003 0.049 0.085
0.009 0.047 0.085
0.005 0.051 0.087
0.001 0.047 0.067
0.005 0.057 0.081
0.003 0.043 0.071
0.007 0.053 0.085
0.003 0.035 0.073
0.005 0.047 0.089
0.007 0.045 0.087
0.003 0.047 0.087
0.003 0.047 0.087
0.003 0.053 0.087
0.007 0.051 0.087
0.009 0.049 0.085
0.005 0.055 0.087
0.017 0.033 0.081
0.005 0.057 0.081
0.003 0.055 0.087
0.011 0.049 0.081
0.005 0.057 0.081
0.003 0.047 0.087
0.011 0.047 0.081
0.017 0.033 0.081
0.003 0.051 0.087
0.005 0.055 0.081
0.003 0.051 0.087
0.005 0.055 0.087
