-0.007 -0.029 0.033
-0.015 -0.015 0.035
-0.007 -0.047 0.047
-0.021 -0.037 0.033
-0.023 -0.037 0.043
-0.023 -0.033 0.043
-0.021 -0.029 0.039
-0.023 -0.033 0.037
-0.021 -0.033 0.041
-0.021 -0.031 0.041
-0.021 -0.027 0.037
-0.009 -0.043 0.049
-0.021 -0.031 0.045
-0.021 -0.031 0.045
-0.015 -0.035 0.045
-0.011 -0.039 0.047
-0.015 -0.031 0.047
-0.009 -0.043 0.051
-0.009 -0.043 0.051
-0.009 -0.043 0.055
-0.007 -0.041 0.059
-0.005 -0.043 0.063
-0.007 -0.039 0.061
-0.019 -0.023 0.035
-0.019 -0.029 0.043
-0.017 -0.023 0.041
-0.015 -0.023 0.037
-0.015 -0.023 0.037
-0.015 -0.019 0.037
-0.017 -0.025 0.045
-0.015 -0.007 0.035
-0.015 -0.011 0.037
-0.015 -0.009 0.037
-0.013 -0.005 0.035
-0.011 -0.005 0.037
-0.009 -0.015 0.045
-0.009 -0.009 0.047
-0.007 -0.005 0.041
-0.003 -0.005 0.047
-0.001 -0.003 0.045
-0.013 -0.025 0.051
-0.011 -0.031 0.053
-0.009 -0.023 0.053
-0.003 -0.025 0.055
-0.013 -0.023 0.049
-0.011 -0.021 0.049
-0.005 -0.017 0.051
-0.005 -0.021 0.053
-0.005 -0.029 0.063
-0.005 -0.013 0.053
-0.003 -0.003 0.051
-0.003 -0.011 0.057
-0.003 -0.005 0.059
-0.005 -0.037 0.069
-0.003 -0.033 0.071
-0.013 -0.055 0.087
-0.013 -0.053 0.085
-0.011 -0.051 0.087
-0.013 -0.049 0.083
-0.013 -0.049 0.085
-0.011 -0.047 0.085
-0.009 -0.053 0.091
-0.007 -0.061 0.093
-0.009 -0.053 0.091
-0.009 -0.041 0.083
-0.009 -0.041 0.083
-0.009 -0.045 0.087
-0.007 -0.039 0.087
-0.007 -0.035 0.083
-0.005 -0.031 0.083
-0.007 -0.039 0.085
-0.007 -0.033 0.085
-0.007 -0.033 0.085
-0.005 -0.031 0.085
-0.007 -0.039 0.095
-0.003 -0.029 0.065
-0.003 -0.029 0.071
-0.003 -0.027 0.069
-0.003 -0.029 0.073
-0.001 -0.025 0.075
-0.001 -0.023 0.077
-0.001 -0.003 0.067
-0.003 -0.029 0.087
-0.001 -0.019 0.095
-0.009 -0.051 0.099
-0.009 -0.051 0.101
-0.007 -0.051 0.105
-0.007 -0.039 0.097
-0.007 -0.037 0.097
-0.005 -0.047 0.103
-0.005 -0.047 0.103
-0.007 -0.037 0.097
-0.005 -0.033 0.097
-0.003 -0.035 0.103
-0.003 -0.033 0.103
-0.001 -0.033 0.105
-0.001 -0.023 0.099
-0.001 -0.023 0.103
-0.001 -0.019 0.107
-0.015 -0.015 0.039
-0.013 -0.013 0.039
-0.013 -0.005 0.037
-0.013 -0.005 0.037
-0.011 -0.005 0.039
-0.005 -0.005 0.039
0.001 -0.005 0.037
-0.009 -0.005 0.035
-0.021 -0.031 0.043
-0.019 -0.029 0.045
-0.017 -0.025 0.043
-0.019 -0.027 0.045
-0.009 -0.043 0.049
-0.017 -0.025 0.045
-0.017 -0.023 0.045
-0.015 -0.023 0.045
-0.015 -0.027 0.047
-0.017 -0.023 0.041
-0.015 -0.019 0.041
-0.013 -0.015 0.041
-0.013 -0.017 0.043
-0.013 -0.019 0.045
-0.013 -0.027 0.049
-0.011 -0.021 0.049
-0.013 -0.025 0.051
-0.013 -0.017 0.043
-0.013 -0.019 0.045
-0.011 -0.011 0.043
-0.009 -0.023 0.053
-0.011 -0.019 0.049
-0.005 -0.015 0.051
-0.009 -0.037 0.053
-0.011 -0.031 0.055
-0.007 -0.043 0.059
-0.007 -0.041 0.061
-0.003 -0.027 0.067
-0.003 -0.027 0.067
-0.001 -0.027 0.063
-0.003 -0.021 0.055
-0.003 -0.021 0.055
-0.003 -0.019 0.055
-0.001 -0.027 0.057
-0.001 -0.027 0.059
-0.015 -0.017 0.039
-0.013 -0.009 0.041
-0.011 -0.005 0.039
-0.007 -0.005 0.039
-0.007 -0.007 0.045
-0.005 -0.007 0.045
-0.007 -0.007 0.049
-0.005 -0.011 0.053
-0.007 -0.009 0.051
-0.005 -0.007 0.053
-0.003 -0.003 0.051
-0.001 -0.007 0.037
0.001 -0.005 0.037
0.003 -0.005 0.039
0.001 -0.003 0.043
0.007 -0.001 0.045
0.005 0.001 0.047
0.007 0.001 0.049
0.003 -0.001 0.043
-0.001 -0.001 0.049
0.001 -0.001 0.045
0.001 0.001 0.051
0.001 -0.023 0.055
-0.003 -0.013 0.055
0.001 -0.025 0.057
-0.001 -0.017 0.057
-0.003 -0.009 0.057
0.003 -0.025 0.057
0.001 -0.027 0.061
0.005 -0.025 0.061
0.007 -0.021 0.065
0.005 -0.023 0.065
0.005 -0.021 0.057
0.005 -0.023 0.063
-0.001 -0.003 0.055
-0.001 -0.003 0.061
-0.001 -0.001 0.053
0.001 0.001 0.053
0.005 0.003 0.051
0.005 0.003 0.053
0.007 0.005 0.061
0.005 0.007 0.065
-0.003 -0.039 0.069
-0.003 -0.029 0.073
-0.001 -0.023 0.073
-0.001 -0.033 0.075
-0.001 -0.029 0.077
0.001 -0.031 0.079
-0.001 -0.023 0.075
0.001 -0.027 0.081
-0.009 -0.041 0.083
-0.005 -0.045 0.089
-0.007 -0.037 0.087
-0.003 -0.043 0.089
-0.007 -0.039 0.095
-0.007 -0.039 0.097
-0.007 -0.035 0.085
-0.007 -0.033 0.085
-0.005 -0.033 0.089
-0.005 -0.031 0.085
-0.003 -0.029 0.085
-0.003 -0.027 0.087
-0.003 -0.027 0.087
-0.003 -0.027 0.083
-0.003 -0.029 0.089
-0.001 -0.021 0.087
-0.005 -0.041 0.089
-0.007 -0.035 0.097
-0.003 -0.031 0.093
-0.005 -0.031 0.095
-0.005 -0.031 0.097
-0.003 -0.033 0.091
-0.005 -0.033 0.095
-0.003 -0.029 0.095
-0.003 -0.029 0.091
-0.003 -0.027 0.091
-0.001 -0.027 0.093
-0.001 -0.025 0.095
-0.001 -0.021 0.095
0.001 -0.021 0.093
-0.001 -0.025 0.067
0.001 -0.023 0.069
0.005 -0.023 0.065
0.001 -0.023 0.069
-0.001 -0.025 0.079
0.001 -0.021 0.077
0.003 -0.019 0.077
0.001 -0.021 0.081
-0.001 -0.023 0.073
0.003 -0.019 0.073
0.001 -0.021 0.077
0.003 -0.017 0.077
0.001 -0.009 0.069
0.001 -0.009 0.065
-0.001 -0.007 0.067
-0.001 -0.001 0.069
0.007 -0.013 0.071
0.001 -0.003 0.075
0.001 -0.003 0.075
0.001 -0.001 0.079
0.003 -0.003 0.081
0.001 -0.005 0.075
0.001 -0.003 0.075
0.001 -0.003 0.077
-0.001 0.001 0.069
0.001 0.005 0.069
0.001 0.009 0.077
0.003 -0.017 0.083
-0.001 -0.021 0.087
0.001 -0.017 0.085
-0.001 -0.023 0.093
0.001 -0.017 0.093
0.001 -0.015 0.089
0.003 -0.013 0.085
0.009 -0.013 0.083
0.001 -0.015 0.095
0.007 -0.015 0.083
0.001 0.001 0.081
0.003 0.005 0.087
0.005 -0.007 0.089
0.001 -0.015 0.095
0.005 -0.009 0.091
0.005 -0.005 0.095
0.005 -0.007 0.089
0.005 -0.007 0.095
0.005 -0.005 0.095
0.015 -0.011 0.087
0.023 -0.015 0.087
-0.007 -0.049 0.103
-0.009 -0.041 0.099
-0.007 -0.039 0.099
-0.005 -0.041 0.099
-0.005 -0.047 0.103
-0.003 -0.037 0.103
-0.005 -0.035 0.099
-0.003 -0.027 0.099
-0.001 -0.023 0.099
0.001 -0.027 0.105
-0.001 -0.023 0.105
-0.001 -0.031 0.105
0.001 -0.019 0.103
-0.001 -0.021 0.105
0.001 -0.019 0.105
0.001 -0.019 0.105
0.011 -0.017 0.109
0.001 -0.019 0.101
0.005 -0.007 0.101
0.005 -0.009 0.103
0.003 -0.017 0.105
0.003 -0.011 0.099
0.005 -0.007 0.103
0.023 -0.013 0.097
0.025 -0.013 0.101
0.011 -0.023 0.113
0.017 -0.003 0.113
-0.011 0.023 0.035
-0.011 0.023 0.033
-0.013 0.033 0.033
-0.015 0.007 0.037
-0.015 0.005 0.033
-0.009 0.007 0.039
-0.015 0.009 0.035
-0.013 0.007 0.039
-0.005 0.009 0.039
-0.015 0.009 0.033
-0.015 0.017 0.035
-0.015 0.017 0.035
-0.015 0.017 0.041
-0.013 0.015 0.039
-0.013 0.017 0.037
-0.013 0.019 0.037
-0.017 0.019 0.043
-0.017 0.021 0.043
-0.015 0.019 0.049
-0.017 0.021 0.043
-0.015 0.021 0.035
-0.011 0.023 0.033
-0.013 0.017 0.037
-0.013 0.021 0.039
-0.015 0.023 0.041
-0.013 0.027 0.035
-0.015 0.037 0.037
-0.015 0.037 0.037
-0.015 0.031 0.039
-0.017 0.021 0.049
-0.017 0.027 0.049
-0.015 0.027 0.049
-0.007 0.025 0.049
-0.013 0.033 0.047
-0.019 0.025 0.053
-0.017 0.027 0.049
-0.019 0.025 0.051
-0.017 0.027 0.055
-0.015 0.029 0.051
-0.017 0.027 0.053
-0.017 0.027 0.051
-0.015 0.029 0.057
-0.015 0.029 0.055
-0.013 0.023 0.063
-0.017 0.025 0.059
-0.011 0.025 0.063
-0.017 0.027 0.057
-0.015 0.027 0.059
-0.013 0.037 0.033
-0.015 0.039 0.037
-0.013 0.041 0.035
-0.015 0.039 0.039
-0.011 0.045 0.039
-0.009 0.045 0.039
-0.015 0.039 0.043
-0.015 0.035 0.045
-0.013 0.035 0.049
-0.015 0.039 0.047
-0.015 0.039 0.047
-0.015 0.041 0.043
-0.005 0.049 0.047
-0.013 0.035 0.049
-0.013 0.039 0.051
-0.011 0.045 0.053
-0.013 0.043 0.049
-0.011 0.041 0.053
-0.011 0.043 0.055
-0.011 0.045 0.053
-0.009 0.041 0.057
-0.009 0.043 0.059
-0.009 0.043 0.057
-0.007 0.047 0.059
-0.001 0.001 0.067
-0.009 0.023 0.067
-0.005 0.025 0.069
-0.013 0.027 0.037
-0.015 0.033 0.039
-0.015 0.035 0.039
-0.015 0.039 0.039
-0.015 0.037 0.037
-0.015 0.039 0.037
-0.011 0.041 0.035
-0.007 0.043 0.035
-0.009 0.045 0.037
-0.015 0.023 0.041
-0.011 0.025 0.041
-0.017 0.025 0.049
-0.017 0.027 0.051
-0.013 0.037 0.047
-0.013 0.035 0.049
0.003 0.027 0.049
-0.015 0.031 0.039
-0.015 0.033 0.041
-0.015 0.035 0.041
-0.015 0.037 0.037
-0.015 0.039 0.039
-0.015 0.043 0.041
-0.015 0.039 0.047
-0.013 0.041 0.047
-0.013 0.041 0.047
-0.013 0.039 0.051
-0.015 0.041 0.045
-0.015 0.039 0.047
-0.015 0.043 0.045
-0.015 0.041 0.045
-0.015 0.043 0.045
-0.013 0.045 0.045
-0.013 0.037 0.049
-0.013 0.041 0.051
-0.013 0.043 0.051
-0.013 0.043 0.051
0.005 0.003 0.053
0.003 0.003 0.055
-0.017 0.025 0.057
0.005 0.003 0.055
-0.011 0.019 0.061
-0.015 0.025 0.061
-0.015 0.025 0.061
-0.013 0.027 0.061
0.005 0.005 0.059
-0.011 0.019 0.061
0.007 0.007 0.063
0.009 0.005 0.059
0.009 0.007 0.061
0.001 0.023 0.049
-0.015 0.029 0.055
0.003 0.025 0.055
0.003 0.027 0.055
0.003 0.027 0.053
-0.007 0.039 0.059
-0.009 0.041 0.057
-0.007 0.039 0.059
-0.007 0.041 0.059
-0.011 0.027 0.061
0.005 0.031 0.057
0.005 0.031 0.059
0.003 0.031 0.061
0.003 0.031 0.063
0.003 0.031 0.061
-0.003 0.039 0.061
-0.007 0.043 0.061
-0.005 0.043 0.063
-0.011 0.043 0.055
0.001 0.029 0.067
-0.007 0.041 0.061
-0.015 0.043 0.045
-0.009 0.045 0.039
-0.005 0.045 0.039
-0.001 0.045 0.039
-0.011 0.047 0.045
-0.013 0.045 0.047
-0.011 0.047 0.047
-0.005 0.049 0.053
-0.009 0.047 0.055
0.003 0.033 0.063
-0.003 0.041 0.063
-0.001 0.047 0.065
-0.001 0.043 0.067
0.001 0.049 0.057
0.005 0.007 0.067
0.001 0.003 0.071
0.003 0.007 0.071
0.007 0.007 0.067
0.001 0.007 0.073
0.005 0.011 0.073
0.003 0.013 0.077
0.001 0.017 0.079
0.007 0.009 0.069
0.001 0.025 0.081
-0.005 0.025 0.069
0.001 0.025 0.073
0.001 0.023 0.077
0.003 0.033 0.073
0.003 0.035 0.071
0.003 0.035 0.073
0.003 0.035 0.073
0.001 0.029 0.077
0.003 0.031 0.079
0.003 0.009 0.087
0.003 0.011 0.089
0.001 0.013 0.083
0.005 0.011 0.091
0.011 0.013 0.095
0.009 0.017 0.093
0.001 0.017 0.083
0.009 0.021 0.093
0.001 0.023 0.081
0.001 0.023 0.083
0.003 0.031 0.083
0.003 0.027 0.087
0.007 0.031 0.087
0.009 0.025 0.091
0.007 0.033 0.085
0.009 0.033 0.087
0.007 0.023 0.091
0.009 0.023 0.091
0.001 0.043 0.069
0.003 0.041 0.073
0.003 0.045 0.069
0.001 0.045 0.067
0.005 0.039 0.073
0.003 0.033 0.077
0.005 0.035 0.077
0.005 0.041 0.077
0.005 0.043 0.079
0.005 0.045 0.077
0.003 0.041 0.073
0.007 0.039 0.077
0.009 0.037 0.081
0.005 0.053 0.075
0.011 0.035 0.087
0.003 0.045 0.083
0.003 0.047 0.083
0.003 0.051 0.085
0.003 0.051 0.085
