-0.005 -0.049 0.041
-0.003 -0.051 0.045
-0.019 -0.039 0.037
-0.015 -0.039 0.039
-0.001 -0.051 0.051
-0.011 -0.039 0.047
-0.001 -0.051 0.043
-0.019 -0.039 0.037
-0.023 -0.037 0.041
-0.021 -0.037 0.041
-0.009 -0.041 0.037
-0.005 -0.045 0.035
-0.007 -0.045 0.037
-0.009 -0.045 0.043
-0.011 -0.041 0.045
-0.015 -0.035 0.045
-0.011 -0.039 0.047
-0.011 -0.037 0.049
-0.003 -0.051 0.049
-0.007 -0.049 0.049
-0.011 -0.037 0.051
-0.005 -0.041 0.067
-0.021 -0.037 0.043
-0.019 -0.037 0.043
-0.013 -0.039 0.041
-0.013 -0.039 0.043
-0.011 -0.041 0.041
-0.015 -0.035 0.045
-0.007 -0.049 0.049
-0.005 -0.049 0.051
-0.011 -0.039 0.047
-0.013 -0.035 0.045
-0.011 -0.039 0.047
-0.013 -0.033 0.047
-0.005 -0.049 0.055
-0.013 -0.033 0.047
-0.011 -0.035 0.055
-0.013 -0.035 0.045
-0.015 -0.029 0.047
-0.015 -0.027 0.047
-0.013 -0.027 0.051
-0.007 -0.043 0.061
-0.001 -0.047 0.065
-0.007 -0.037 0.063
-0.011 -0.033 0.055
-0.003 -0.045 0.067
-0.013 -0.029 0.051
-0.011 -0.031 0.055
-0.007 -0.041 0.061
-0.005 -0.041 0.067
-0.005 -0.037 0.069
-0.001 -0.061 0.085
-0.003 -0.061 0.087
-0.001 -0.059 0.089
-0.001 -0.059 0.089
-0.001 -0.057 0.091
-0.001 -0.049 0.089
-0.005 -0.041 0.067
-0.003 -0.041 0.069
-0.001 -0.061 0.087
-0.003 -0.061 0.087
-0.013 -0.057 0.085
-0.009 -0.059 0.087
-0.007 -0.059 0.085
-0.003 -0.061 0.087
-0.013 -0.057 0.085
-0.013 -0.057 0.085
-0.003 -0.061 0.087
-0.007 -0.063 0.093
-0.007 -0.063 0.093
-0.005 -0.059 0.093
-0.005 -0.049 0.089
-0.003 -0.055 0.101
-0.005 -0.053 0.099
-0.003 -0.039 0.089
-0.005 -0.055 0.105
-0.005 -0.037 0.069
-0.003 -0.061 0.085
-0.001 -0.061 0.087
-0.001 -0.055 0.099
-0.001 -0.055 0.101
-0.003 -0.055 0.105
-0.003 -0.055 0.105
-0.009 -0.051 0.099
-0.009 -0.053 0.103
-0.003 -0.055 0.103
-0.007 -0.053 0.101
-0.005 -0.055 0.103
-0.007 -0.055 0.105
-0.007 -0.055 0.105
-0.007 -0.055 0.105
-0.007 -0.053 0.103
-0.005 -0.055 0.105
-0.007 -0.055 0.105
-0.005 -0.053 0.105
-0.005 -0.049 0.105
-0.001 -0.035 0.105
-0.001 -0.039 0.105
0.013 -0.045 0.043
0.017 -0.043 0.041
0.019 -0.041 0.041
0.019 -0.041 0.045
0.015 -0.043 0.047
0.001 -0.051 0.057
0.015 -0.053 0.037
0.013 -0.051 0.037
0.003 -0.051 0.043
0.005 -0.051 0.045
0.007 -0.049 0.043
0.001 -0.051 0.045
0.017 -0.053 0.035
0.021 -0.051 0.035
0.001 -0.051 0.043
0.011 -0.049 0.039
0.015 -0.051 0.039
0.015 -0.049 0.041
0.015 -0.049 0.041
0.015 -0.047 0.041
0.013 -0.047 0.039
0.009 -0.049 0.043
0.013 -0.045 0.047
0.013 -0.047 0.049
0.017 -0.051 0.039
0.023 -0.049 0.037
0.021 -0.041 0.039
0.021 -0.039 0.039
0.019 -0.041 0.047
0.021 -0.039 0.047
0.001 -0.051 0.049
0.007 -0.051 0.053
0.005 -0.049 0.061
0.013 -0.043 0.061
0.013 -0.041 0.063
0.017 -0.043 0.053
0.019 -0.041 0.053
0.021 -0.039 0.051
0.021 -0.039 0.051
0.019 -0.041 0.053
0.005 -0.051 0.053
0.001 -0.051 0.057
0.011 -0.049 0.053
0.019 -0.043 0.041
0.017 -0.041 0.043
0.023 -0.031 0.037
0.021 -0.039 0.047
0.021 -0.039 0.049
0.019 -0.041 0.053
0.021 -0.037 0.051
0.017 -0.041 0.055
0.019 -0.041 0.053
0.011 -0.047 0.057
0.001 -0.049 0.063
0.003 -0.047 0.067
0.009 -0.047 0.063
0.005 -0.057 0.081
0.009 -0.043 0.069
0.017 -0.041 0.055
0.015 -0.041 0.057
0.021 -0.015 0.049
0.015 -0.037 0.057
0.011 -0.043 0.067
0.009 -0.043 0.069
0.007 -0.045 0.069
0.001 -0.061 0.083
0.005 -0.057 0.081
0.013 -0.039 0.069
0.013 -0.037 0.071
0.013 -0.037 0.073
0.013 -0.037 0.073
0.017 -0.017 0.055
0.019 -0.009 0.063
0.017 -0.027 0.075
0.001 -0.047 0.065
0.005 -0.045 0.069
0.003 -0.061 0.083
0.013 -0.041 0.067
0.011 -0.043 0.069
0.013 -0.039 0.069
0.003 -0.059 0.085
0.007 -0.051 0.083
0.007 -0.049 0.085
0.009 -0.045 0.081
0.013 -0.037 0.073
0.001 -0.061 0.083
0.001 -0.061 0.085
0.003 -0.059 0.085
0.005 -0.055 0.083
0.001 -0.057 0.089
0.003 -0.053 0.089
0.009 -0.053 0.097
0.011 -0.043 0.085
0.007 -0.053 0.095
0.011 -0.043 0.083
0.003 -0.059 0.099
0.005 -0.059 0.101
0.013 -0.043 0.093
0.013 -0.045 0.093
0.015 -0.037 0.089
0.013 -0.045 0.093
0.011 -0.045 0.097
0.009 -0.043 0.099
0.015 -0.039 0.095
0.011 -0.045 0.097
0.001 -0.061 0.085
0.001 -0.059 0.087
0.015 -0.031 0.065
0.013 -0.037 0.073
0.015 -0.033 0.075
0.013 -0.035 0.077
0.009 -0.045 0.083
0.015 -0.033 0.075
0.015 -0.031 0.077
0.013 -0.041 0.085
0.015 -0.031 0.079
0.003 -0.049 0.089
0.017 -0.027 0.077
0.017 -0.031 0.083
0.017 -0.031 0.083
0.001 -0.049 0.089
0.003 -0.059 0.101
0.007 -0.055 0.097
0.007 -0.055 0.099
0.001 -0.059 0.101
0.003 -0.059 0.101
0.003 -0.059 0.103
0.003 -0.059 0.103
0.003 -0.053 0.103
0.001 -0.055 0.105
0.013 -0.043 0.093
0.001 -0.055 0.105
0.001 -0.049 0.107
0.017 -0.031 0.085
0.021 -0.027 0.089
0.017 -0.037 0.095
0.019 -0.031 0.095
0.023 -0.025 0.097
0.011 -0.045 0.097
0.011 -0.043 0.103
0.013 -0.043 0.101
0.011 -0.043 0.103
0.011 -0.043 0.103
0.013 -0.041 0.103
0.009 -0.039 0.105
0.003 -0.039 0.105
0.003 -0.037 0.105
0.007 -0.033 0.105
0.023 -0.023 0.091
0.019 -0.033 0.101
0.003 -0.059 0.101
0.005 -0.059 0.101
0.001 -0.059 0.101
0.003 -0.059 0.103
0.001 -0.057 0.105
0.001 -0.053 0.105
0.001 -0.059 0.103
0.007 -0.053 0.099
0.007 -0.049 0.099
0.011 -0.039 0.103
0.001 -0.033 0.105
0.007 -0.029 0.105
0.003 -0.025 0.105
0.005 -0.031 0.105
0.011 -0.027 0.107
0.011 -0.027 0.107
0.015 -0.027 0.103
0.009 -0.027 0.107
0.009 -0.027 0.107
0.009 -0.025 0.109
0.015 -0.023 0.107
0.013 -0.023 0.113
0.019 -0.031 0.097
0.019 -0.031 0.097
0.021 -0.029 0.099
0.019 -0.031 0.103
0.023 -0.025 0.101
0.019 -0.029 0.105
0.023 -0.023 0.101
0.005 -0.029 0.105
0.007 -0.025 0.107
0.005 -0.021 0.105
0.005 -0.015 0.103
0.007 -0.009 0.103
0.011 -0.025 0.111
0.015 -0.009 0.111
0.025 -0.021 0.099
0.017 -0.015 0.109
0.017 -0.015 0.109
0.017 -0.011 0.111
0.013 -0.023 0.115
0.019 -0.005 0.113
-0.003 -0.041 0.069
-0.009 0.013 0.037
-0.003 -0.059 0.089
-0.011 -0.029 0.055
-0.011 -0.029 0.055
-0.009 -0.031 0.057
-0.009 -0.023 0.053
-0.005 -0.041 0.067
-0.013 0.013 0.037
-0.011 0.013 0.037
-0.001 -0.043 0.069
-0.005 -0.037 0.069
-0.005 -0.039 0.067
-0.009 -0.059 0.087
-0.007 -0.059 0.089
-0.015 0.017 0.035
-0.007 -0.011 0.051
-0.009 -0.057 0.089
-0.011 -0.055 0.089
-0.011 -0.055 0.089
-0.003 -0.061 0.087
-0.003 -0.061 0.087
-0.011 -0.057 0.087
-0.005 -0.061 0.093
-0.009 -0.053 0.091
-0.009 -0.053 0.091
-0.001 -0.047 0.089
-0.015 0.019 0.049
-0.009 0.017 0.053
-0.013 0.019 0.059
-0.009 -0.053 0.101
-0.015 0.021 0.057
-0.013 0.021 0.061
-0.009 -0.051 0.099
-0.013 0.023 0.063
-0.009 -0.053 0.103
-0.009 -0.059 0.087
-0.009 -0.057 0.089
-0.009 -0.057 0.089
-0.009 -0.053 0.091
-0.013 0.019 0.051
-0.009 -0.053 0.091
-0.009 0.017 0.053
-0.015 0.021 0.055
-0.015 0.021 0.055
-0.013 0.019 0.057
-0.003 -0.041 0.089
-0.009 -0.053 0.101
-0.009 -0.053 0.105
-0.003 -0.053 0.105
-0.003 -0.051 0.107
-0.009 -0.053 0.105
-0.003 -0.037 0.103
0.009 -0.045 0.067
0.003 -0.045 0.069
0.009 -0.043 0.069
0.007 -0.041 0.073
0.001 -0.059 0.087
0.001 -0.059 0.087
0.007 -0.051 0.083
0.007 -0.051 0.083
0.007 -0.043 0.071
0.011 -0.043 0.069
0.011 -0.043 0.069
0.011 -0.041 0.071
0.005 -0.057 0.081
0.011 -0.041 0.071
0.007 -0.041 0.073
0.013 -0.039 0.069
0.013 -0.039 0.069
0.023 0.011 0.043
0.017 -0.013 0.061
0.025 0.015 0.045
0.001 -0.043 0.071
0.011 -0.043 0.069
0.005 -0.055 0.083
0.011 -0.039 0.073
0.009 -0.039 0.075
0.005 -0.051 0.089
0.011 -0.043 0.085
0.011 -0.043 0.085
0.007 -0.047 0.087
0.027 0.015 0.041
0.019 -0.011 0.059
0.015 -0.033 0.075
0.025 0.015 0.045
0.019 -0.009 0.063
0.005 -0.053 0.085
0.009 -0.039 0.075
0.011 -0.043 0.081
0.005 -0.053 0.087
0.013 -0.041 0.083
0.011 -0.043 0.087
0.001 -0.051 0.089
0.005 -0.057 0.097
0.007 -0.055 0.097
0.005 -0.057 0.099
0.017 -0.027 0.075
0.017 -0.027 0.075
0.013 -0.041 0.085
0.017 -0.027 0.077
0.015 -0.037 0.085
0.017 -0.031 0.083
0.015 -0.037 0.085
0.001 -0.059 0.101
0.003 -0.059 0.099
0.003 -0.059 0.101
0.005 -0.059 0.101
-0.001 -0.055 0.099
0.001 -0.059 0.101
0.003 -0.059 0.101
0.001 -0.059 0.103
-0.001 -0.055 0.105
0.011 -0.045 0.097
0.017 -0.031 0.085
0.015 -0.037 0.085
0.013 -0.045 0.093
0.015 -0.039 0.099
0.003 -0.057 0.087
0.003 -0.053 0.089
0.011 -0.043 0.081
0.007 -0.047 0.087
0.001 -0.049 0.089
0.001 -0.047 0.089
0.003 -0.051 0.089
0.001 -0.049 0.089
0.003 -0.053 0.095
-0.001 -0.057 0.105
0.001 -0.055 0.105
0.003 -0.049 0.105
0.007 -0.043 0.103
0.003 -0.059 0.101
0.001 -0.057 0.105
0.009 -0.051 0.097
0.007 -0.051 0.099
0.007 -0.051 0.099
0.011 -0.045 0.097
0.011 -0.045 0.097
0.011 -0.045 0.097
0.011 -0.043 0.101
0.001 -0.057 0.105
-0.001 -0.057 0.105
0.005 -0.043 0.103
0.001 -0.049 0.107
0.001 -0.041 0.105
0.011 -0.043 0.103
0.015 -0.041 0.093
0.015 -0.041 0.093
0.019 -0.029 0.093
0.019 -0.031 0.095
0.005 -0.045 0.101
0.009 -0.043 0.099
0.011 -0.043 0.099
0.011 -0.043 0.103
-0.001 -0.051 0.107
-0.001 -0.039 0.105
0.001 -0.041 0.105
0.001 -0.035 0.105
0.013 -0.043 0.101
0.013 -0.041 0.103
0.015 -0.037 0.103
0.015 -0.035 0.103
0.013 -0.039 0.103
0.015 -0.035 0.103
0.015 -0.035 0.103
0.005 -0.041 0.105
0.003 -0.037 0.105
0.003 -0.029 0.105
0.003 -0.029 0.105
0.007 -0.025 0.107
0.009 -0.025 0.111
0.011 -0.025 0.111
0.017 -0.033 0.101
0.017 -0.033 0.103
0.017 -0.033 0.103
0.017 -0.033 0.103
0.015 -0.031 0.103
0.015 -0.025 0.103
0.015 -0.023 0.107
0.001 -0.031 0.105
0.001 -0.027 0.105
0.001 -0.023 0.107
0.003 -0.021 0.107
0.007 -0.007 0.103
0.011 -0.025 0.113
0.003 -0.021 0.107
0.005 -0.017 0.107
0.013 -0.025 0.111
0.011 -0.025 0.113
0.011 0.017 0.095
0.013 -0.023 0.113
0.011 -0.013 0.109
0.011 0.017 0.095
0.017 -0.031 0.103
0.017 -0.029 0.105
0.017 -0.025 0.105
0.001 -0.039 0.105
0.003 -0.039 0.105
0.005 -0.039 0.105
0.005 -0.037 0.105
-0.001 -0.035 0.105
0.005 -0.037 0.105
0.001 -0.031 0.105
0.007 -0.027 0.105
0.005 -0.027 0.105
0.003 -0.023 0.105
0.011 -0.033 0.105
0.011 -0.027 0.107
0.009 -0.027 0.107
0.001 -0.027 0.105
0.003 -0.023 0.105
0.007 -0.025 0.107
0.007 -0.009 0.103
0.015 -0.027 0.103
0.013 -0.027 0.107
0.007 -0.023 0.107
0.009 -0.025 0.111
0.011 -0.025 0.113
0.007 0.041 0.085
0.009 0.027 0.091
0.009 0.027 0.091
0.005 0.041 0.087
