-0.013 -0.023 0.049
-0.005 -0.015 0.053
-0.017 -0.035 0.043
-0.019 -0.033 0.045
-0.019 -0.031 0.045
-0.009 -0.035 0.057
-0.003 -0.025 0.089
-0.007 -0.035 0.063
-0.015 -0.037 0.043
-0.011 -0.033 0.055
-0.009 -0.039 0.057
-0.007 -0.033 0.085
-0.013 -0.031 0.051
-0.011 -0.035 0.055
-0.001 -0.031 0.105
-0.005 -0.033 0.099
-0.009 -0.041 0.055
-0.009 -0.039 0.057
-0.009 -0.039 0.057
-0.009 -0.035 0.057
-0.011 -0.035 0.055
-0.011 -0.031 0.055
-0.005 -0.033 0.099
-0.005 -0.031 0.097
-0.007 -0.033 0.061
-0.007 -0.037 0.063
-0.019 -0.027 0.045
-0.019 -0.027 0.045
-0.019 -0.025 0.039
-0.017 -0.027 0.047
-0.017 -0.027 0.047
-0.017 -0.023 0.045
-0.013 -0.025 0.051
-0.009 -0.025 0.053
-0.013 -0.023 0.049
-0.009 -0.023 0.053
-0.009 -0.015 0.045
-0.009 -0.019 0.049
-0.015 -0.017 0.041
-0.015 -0.023 0.045
-0.013 -0.025 0.051
-0.013 -0.019 0.045
-0.015 -0.023 0.045
-0.013 -0.021 0.047
-0.013 -0.021 0.047
-0.011 -0.019 0.049
-0.011 -0.017 0.047
-0.009 -0.017 0.047
-0.009 -0.017 0.047
-0.003 -0.005 0.057
-0.011 -0.007 0.043
-0.007 -0.005 0.043
-0.005 -0.011 0.053
-0.009 -0.005 0.043
-0.011 -0.007 0.043
-0.005 -0.007 0.051
-0.001 0.001 0.071
-0.009 -0.031 0.057
-0.005 -0.027 0.057
-0.007 -0.009 0.051
-0.005 -0.009 0.055
-0.005 -0.007 0.053
-0.001 0.001 0.071
-0.003 -0.005 0.059
-0.001 -0.007 0.067
-0.001 -0.009 0.063
-0.001 -0.005 0.069
-0.003 -0.031 0.103
-0.005 -0.031 0.097
-0.003 -0.031 0.103
-0.001 -0.029 0.103
-0.005 -0.029 0.097
-0.003 -0.027 0.099
-0.005 -0.051 0.105
-0.013 -0.051 0.085
-0.009 -0.047 0.101
-0.013 -0.051 0.085
-0.005 -0.045 0.101
-0.005 -0.043 0.099
-0.009 -0.051 0.103
-0.005 -0.053 0.105
-0.005 -0.049 0.105
-0.007 -0.049 0.103
-0.001 -0.045 0.103
-0.001 -0.035 0.105
-0.007 -0.039 0.099
-0.005 -0.033 0.099
-0.005 -0.033 0.099
-0.007 -0.035 0.087
-0.003 -0.039 0.101
-0.003 -0.037 0.103
-0.007 -0.045 0.101
-0.007 -0.041 0.099
-0.005 -0.039 0.099
-0.007 -0.037 0.097
-0.001 -0.021 0.085
-0.001 -0.021 0.083
-0.001 0.001 0.071
-0.001 -0.001 0.071
-0.001 -0.003 0.071
-0.003 -0.025 0.087
-0.003 -0.025 0.089
-0.001 -0.025 0.105
-0.001 -0.019 0.107
-0.001 -0.019 0.107
-0.005 -0.051 0.105
-0.009 -0.045 0.101
-0.001 -0.047 0.105
-0.001 -0.033 0.105
-0.003 -0.029 0.101
-0.001 -0.019 0.107
-0.001 -0.031 0.105
0.007 -0.007 0.103
0.007 -0.007 0.103
0.005 -0.007 0.077
0.011 -0.007 0.085
0.013 -0.007 0.085
0.015 -0.003 0.085
-0.001 -0.029 0.103
0.005 -0.029 0.105
-0.001 -0.031 0.105
-0.001 -0.021 0.107
-0.001 -0.019 0.107
0.005 -0.017 0.107
0.007 -0.023 0.107
0.001 -0.017 0.087
0.007 -0.019 0.103
0.007 -0.017 0.101
0.009 -0.021 0.109
0.017 -0.015 0.109
0.015 -0.021 0.107
0.015 -0.017 0.109
0.015 -0.013 0.111
0.017 -0.015 0.109
0.005 -0.031 0.105
0.005 -0.031 0.105
0.001 -0.033 0.105
0.005 -0.031 0.105
0.011 -0.023 0.113
0.013 -0.023 0.115
0.011 -0.017 0.109
0.007 -0.011 0.101
0.007 -0.005 0.095
0.017 -0.007 0.113
0.015 -0.005 0.113
0.013 -0.009 0.111
0.015 -0.011 0.069
0.003 0.003 0.085
0.011 0.003 0.091
0.013 0.005 0.093
0.003 0.005 0.087
0.005 0.007 0.089
0.011 0.005 0.093
0.001 0.007 0.083
0.003 0.007 0.087
0.005 0.009 0.089
0.005 0.009 0.089
0.009 0.009 0.091
0.009 0.009 0.091
0.015 0.003 0.089
0.015 -0.001 0.087
0.017 -0.001 0.083
0.017 0.003 0.087
0.015 0.007 0.091
0.011 -0.015 0.109
0.009 -0.013 0.087
0.013 -0.011 0.087
0.013 -0.011 0.081
0.003 -0.013 0.103
0.007 -0.009 0.103
0.011 -0.007 0.085
0.017 -0.001 0.083
0.017 0.001 0.087
0.017 0.005 0.089
0.017 0.001 0.087
0.017 0.005 0.089
0.003 -0.031 0.105
0.011 -0.021 0.115
0.009 -0.025 0.111
0.009 -0.025 0.111
0.013 -0.019 0.115
0.007 -0.029 0.105
0.001 -0.025 0.105
0.001 -0.023 0.107
0.003 -0.023 0.105
0.003 -0.041 0.105
0.001 -0.041 0.105
0.011 -0.049 0.095
0.007 -0.037 0.105
0.001 -0.035 0.105
0.003 -0.039 0.105
0.005 -0.037 0.105
0.011 -0.033 0.105
0.007 -0.025 0.107
0.001 -0.031 0.105
0.007 -0.025 0.107
0.013 -0.031 0.105
0.009 -0.033 0.105
0.007 -0.037 0.105
0.013 -0.037 0.103
0.007 -0.035 0.105
0.007 -0.033 0.105
0.001 -0.031 0.105
0.003 -0.029 0.105
0.009 -0.033 0.105
0.011 -0.029 0.105
0.011 -0.025 0.113
0.015 -0.029 0.103
0.009 -0.033 0.105
0.013 -0.035 0.105
0.001 -0.015 0.103
0.001 -0.015 0.103
0.013 -0.017 0.109
0.011 -0.013 0.109
0.011 -0.013 0.109
0.011 -0.015 0.109
0.003 -0.013 0.103
0.007 -0.011 0.101
0.013 -0.019 0.115
0.013 -0.017 0.109
0.003 -0.009 0.101
0.015 -0.011 0.111
0.007 -0.005 0.101
0.005 -0.007 0.077
0.011 -0.007 0.085
0.009 -0.005 0.083
0.017 -0.005 0.079
0.019 -0.005 0.075
0.019 -0.001 0.081
0.001 -0.021 0.107
0.005 -0.023 0.105
0.003 -0.023 0.105
0.001 -0.019 0.107
0.001 -0.015 0.103
0.015 -0.017 0.109
0.015 -0.019 0.109
0.019 -0.021 0.101
0.015 -0.013 0.111
0.021 -0.017 0.101
0.017 -0.025 0.105
0.021 -0.023 0.105
0.019 -0.027 0.105
0.021 -0.017 0.101
0.017 -0.011 0.111
0.023 -0.015 0.103
0.021 -0.015 0.097
0.021 -0.015 0.097
0.007 -0.009 0.103
0.007 -0.007 0.103
0.015 -0.011 0.093
0.005 -0.003 0.083
0.013 -0.003 0.089
0.001 -0.013 0.093
0.007 -0.007 0.103
0.001 -0.015 0.097
0.001 -0.015 0.097
0.007 -0.011 0.101
0.011 -0.013 0.093
0.013 -0.009 0.111
0.025 -0.013 0.097
0.023 -0.013 0.097
0.005 -0.057 0.103
0.001 -0.047 0.105
0.001 -0.051 0.107
0.005 -0.051 0.101
0.003 -0.051 0.105
0.001 -0.049 0.107
0.003 -0.043 0.103
0.001 -0.047 0.105
0.003 -0.047 0.103
0.015 -0.037 0.103
0.015 -0.033 0.103
0.015 -0.033 0.103
0.003 -0.033 0.105
0.009 -0.039 0.105
0.013 -0.033 0.105
0.001 -0.023 0.107
0.001 -0.019 0.109
0.001 -0.015 0.103
0.005 -0.017 0.107
0.009 -0.017 0.099
0.015 -0.013 0.111
0.005 -0.031 0.105
0.007 -0.023 0.107
0.003 -0.019 0.109
0.003 -0.017 0.109
0.013 -0.019 0.115
0.011 -0.015 0.109
0.009 -0.021 0.109
0.023 -0.023 0.101
0.021 -0.021 0.101
0.023 -0.019 0.103
0.021 -0.019 0.101
0.019 -0.025 0.107
0.023 -0.025 0.109
0.003 -0.013 0.103
0.003 -0.009 0.101
0.007 -0.009 0.103
0.013 -0.009 0.111
0.013 -0.011 0.109
0.015 -0.011 0.111
0.025 -0.013 0.103
-0.003 0.023 0.047
-0.007 0.029 0.045
-0.007 0.031 0.047
-0.009 0.007 0.039
-0.013 0.011 0.037
-0.013 0.019 0.059
-0.007 0.013 0.049
-0.005 0.011 0.049
-0.007 0.015 0.051
-0.007 0.015 0.051
-0.007 0.025 0.067
-0.001 0.025 0.047
-0.007 0.027 0.059
-0.011 0.029 0.045
-0.013 0.029 0.057
-0.013 0.033 0.047
-0.015 0.023 0.061
-0.009 0.025 0.065
-0.011 0.021 0.063
-0.009 0.027 0.063
-0.005 0.027 0.045
-0.005 0.015 0.051
-0.003 0.015 0.051
-0.019 0.025 0.055
-0.015 0.025 0.061
-0.009 0.023 0.067
-0.007 0.025 0.067
-0.015 0.029 0.057
-0.015 0.029 0.057
-0.013 0.029 0.059
-0.009 0.021 0.065
-0.011 0.021 0.063
-0.013 0.035 0.049
-0.009 0.041 0.057
-0.015 0.039 0.047
-0.001 0.045 0.065
-0.003 0.047 0.063
-0.015 0.037 0.045
-0.013 0.035 0.049
-0.001 0.041 0.067
-0.015 0.041 0.045
-0.013 0.043 0.051
-0.013 0.045 0.049
-0.009 0.049 0.053
-0.003 0.047 0.063
-0.011 0.041 0.055
-0.003 0.033 0.049
-0.001 0.041 0.067
-0.001 0.039 0.065
-0.011 0.043 0.055
-0.001 0.045 0.065
-0.009 0.043 0.059
-0.007 0.041 0.061
-0.001 0.041 0.067
-0.005 0.049 0.055
-0.007 0.023 0.071
-0.005 0.021 0.071
-0.005 0.023 0.071
0.001 0.027 0.083
0.003 0.031 0.083
0.007 0.027 0.089
0.007 0.035 0.081
0.007 0.045 0.087
0.001 0.021 0.085
0.003 0.021 0.089
0.011 0.023 0.095
0.013 0.023 0.095
0.007 0.019 0.091
0.009 0.017 0.093
0.011 0.017 0.095
0.011 0.019 0.095
0.021 0.021 0.087
0.019 0.021 0.089
0.017 0.021 0.091
0.015 0.019 0.093
0.003 0.031 0.083
0.001 0.031 0.045
0.003 0.031 0.083
0.001 0.029 0.079
0.001 0.031 0.045
0.003 0.035 0.073
0.005 0.035 0.079
0.005 0.033 0.081
0.011 0.037 0.083
0.011 0.033 0.089
0.011 0.035 0.087
0.013 0.027 0.093
0.015 0.029 0.089
0.027 0.021 0.039
0.025 0.025 0.039
0.027 0.019 0.041
0.017 0.025 0.089
0.021 0.023 0.083
0.019 0.025 0.087
0.019 0.027 0.085
0.015 0.033 0.085
0.023 0.025 0.041
0.023 0.027 0.041
0.015 0.033 0.085
0.005 0.011 0.091
0.009 0.011 0.091
0.011 0.011 0.095
0.011 0.013 0.095
0.011 0.013 0.093
0.011 0.011 0.095
0.013 0.011 0.095
0.011 0.021 0.095
0.015 0.021 0.093
0.015 0.009 0.091
0.017 0.007 0.089
0.015 0.019 0.093
0.003 0.029 0.085
0.013 0.033 0.089
0.013 0.033 0.089
0.003 0.025 0.087
0.001 0.029 0.079
0.001 0.029 0.079
0.001 0.029 0.079
0.009 0.035 0.085
0.011 0.035 0.087
0.017 0.029 0.087
0.017 0.027 0.089
0.019 0.033 0.077
0.005 0.045 0.087
0.009 0.045 0.085
0.015 0.035 0.037
0.003 0.049 0.085
0.003 0.045 0.087
0.009 0.039 0.081
0.003 0.047 0.087
0.005 0.041 0.087
0.009 0.041 0.085
0.005 0.051 0.087
0.001 0.007 0.083
0.005 0.013 0.091
0.011 0.015 0.093
0.001 0.005 0.083
0.003 0.003 0.085
0.003 0.013 0.089
0.005 0.013 0.091
0.013 0.019 0.095
0.021 0.007 0.085
0.019 0.011 0.089
0.019 0.003 0.085
0.007 0.023 0.091
0.001 0.025 0.083
0.003 0.025 0.087
0.001 0.023 0.085
0.009 0.023 0.091
0.003 0.021 0.089
0.001 0.023 0.085
0.013 0.021 0.095
0.001 0.027 0.083
0.019 0.031 0.081
0.019 0.023 0.089
0.021 0.023 0.083
0.019 0.031 0.079
0.019 0.031 0.081
0.003 0.007 0.087
0.005 0.007 0.089
0.009 0.003 0.089
0.003 0.011 0.089
0.003 0.015 0.089
0.009 0.005 0.091
0.011 0.011 0.095
0.011 0.009 0.095
0.013 0.013 0.095
0.019 0.005 0.087
0.021 0.007 0.085
0.019 0.015 0.089
0.001 0.025 0.083
0.003 0.029 0.085
0.007 0.029 0.087
0.009 0.029 0.089
0.015 0.023 0.091
0.015 0.017 0.093
0.013 0.019 0.095
0.015 0.027 0.089
0.021 0.017 0.087
0.017 0.031 0.085
0.019 0.025 0.087
0.017 0.029 0.087
0.003 0.041 0.073
0.013 0.037 0.071
0.005 0.047 0.089
0.009 0.045 0.085
0.009 0.043 0.085
0.011 0.045 0.083
0.009 0.039 0.081
0.015 0.037 0.073
0.015 0.033 0.083
0.003 0.041 0.073
0.005 0.043 0.087
0.017 0.035 0.079
0.019 0.033 0.077
0.007 0.051 0.087
0.005 0.055 0.087
0.007 0.051 0.087
0.005 0.051 0.087
0.005 0.057 0.081
0.009 0.033 0.087
0.013 0.033 0.089
0.007 0.041 0.087
0.003 0.047 0.087
0.007 0.047 0.087
0.009 0.049 0.085
0.005 0.055 0.087
0.003 0.051 0.087
0.007 0.049 0.087
0.005 0.055 0.087
