-0.003 -0.049 0.057
-0.005 -0.047 0.059
-0.005 -0.053 0.091
-0.007 -0.053 0.099
-0.005 -0.049 0.043
-0.005 -0.049 0.049
-0.021 -0.039 0.037
-0.013 -0.039 0.041
-0.011 -0.055 0.089
-0.001 -0.051 0.053
-0.009 -0.059 0.087
-0.009 -0.059 0.087
-0.011 -0.057 0.087
-0.005 -0.059 0.093
-0.021 -0.031 0.045
-0.017 -0.029 0.047
-0.017 -0.029 0.047
-0.013 -0.051 0.085
-0.013 -0.025 0.051
-0.013 -0.025 0.051
-0.009 -0.049 0.089
-0.005 -0.037 0.099
-0.009 -0.059 0.087
-0.011 -0.049 0.087
-0.007 -0.059 0.093
-0.005 -0.053 0.105
-0.005 -0.051 0.105
-0.001 -0.003 0.071
-0.003 -0.025 0.097
-0.003 -0.055 0.105
-0.003 -0.049 0.107
-0.001 -0.029 0.103
0.005 -0.057 0.103
0.015 -0.051 0.039
0.009 -0.049 0.045
0.019 -0.051 0.035
0.017 -0.051 0.039
0.011 -0.047 0.041
0.011 -0.049 0.051
0.015 -0.045 0.051
0.019 -0.047 0.039
0.021 -0.039 0.049
0.019 -0.041 0.049
0.007 -0.049 0.057
0.013 -0.045 0.057
0.017 -0.043 0.053
0.019 -0.039 0.053
0.001 -0.059 0.087
0.021 -0.037 0.051
0.023 -0.025 0.039
0.021 -0.031 0.049
0.019 -0.029 0.049
0.021 -0.019 0.043
0.013 -0.045 0.093
0.011 -0.045 0.097
0.011 -0.039 0.103
0.003 -0.051 0.105
0.005 -0.043 0.103
-0.001 -0.037 0.105
0.003 -0.041 0.105
-0.001 -0.037 0.105
0.021 -0.015 0.051
0.013 -0.041 0.103
0.015 -0.033 0.103
0.003 -0.059 0.101
0.013 -0.039 0.069
0.013 -0.045 0.093
0.003 -0.055 0.089
0.005 -0.059 0.101
0.011 -0.045 0.097
0.007 -0.049 0.099
0.003 -0.049 0.105
0.009 -0.043 0.101
0.001 -0.041 0.103
0.007 -0.041 0.105
0.009 -0.039 0.105
-0.001 -0.047 0.105
0.013 -0.043 0.101
0.001 -0.037 0.105
0.009 -0.039 0.105
0.011 -0.037 0.105
0.005 -0.029 0.105
0.015 -0.027 0.103
0.013 -0.027 0.107
0.001 -0.043 0.101
0.001 -0.041 0.103
0.005 -0.039 0.105
0.013 -0.025 0.109
0.017 -0.035 0.099
0.021 -0.031 0.103
0.005 -0.023 0.105
0.005 -0.021 0.105
0.009 -0.019 0.107
0.011 -0.023 0.113
0.007 -0.013 0.101
0.003 -0.049 0.105
0.015 -0.039 0.101
0.003 -0.023 0.105
0.007 -0.025 0.107
0.009 -0.023 0.111
0.013 -0.025 0.111
0.013 -0.023 0.113
0.021 -0.031 0.103
0.019 -0.019 0.101
0.015 -0.013 0.111
0.017 -0.007 0.113
-0.005 -0.029 0.097
-0.001 0.017 0.049
-0.003 0.027 0.045
-0.009 0.005 0.039
-0.013 0.015 0.039
-0.005 0.009 0.045
-0.007 0.011 0.045
-0.003 0.011 0.049
-0.011 0.017 0.051
-0.013 0.019 0.049
-0.001 0.031 0.047
-0.013 0.019 0.053
-0.011 0.019 0.061
-0.011 0.025 0.065
-0.007 0.021 0.069
-0.011 0.021 0.063
-0.001 0.033 0.047
-0.007 0.039 0.059
-0.007 0.021 0.069
-0.011 0.041 0.055
-0.011 0.045 0.055
0.005 -0.021 0.105
0.007 -0.035 0.105
0.003 -0.035 0.105
0.009 -0.033 0.105
0.001 -0.037 0.105
0.003 -0.037 0.105
0.007 -0.035 0.105
-0.001 -0.027 0.103
-0.001 -0.025 0.105
0.007 -0.031 0.105
-0.001 -0.023 0.105
0.007 -0.025 0.107
0.003 -0.019 0.109
0.015 -0.025 0.103
0.011 -0.023 0.113
0.009 -0.029 0.105
0.005 -0.027 0.105
0.003 -0.019 0.109
0.009 -0.025 0.111
0.011 -0.027 0.107
0.013 -0.027 0.107
0.013 -0.025 0.111
0.013 -0.029 0.105
0.001 0.005 0.083
0.003 0.009 0.087
0.013 0.005 0.093
0.003 -0.019 0.109
0.001 0.021 0.069
0.001 0.007 0.083
0.009 0.001 0.089
0.001 0.013 0.083
0.001 0.015 0.085
0.013 -0.019 0.115
-0.001 -0.019 0.107
0.001 0.015 0.085
0.013 -0.013 0.109
0.021 0.005 0.083
0.015 -0.017 0.109
0.017 -0.011 0.111
0.017 -0.009 0.111
0.005 0.021 0.091
0.003 0.019 0.089
0.015 0.015 0.093
0.015 0.019 0.093
0.005 0.045 0.087
0.023 -0.025 0.039
0.023 -0.013 0.039
-0.005 -0.007 0.033
0.021 -0.039 0.051
0.021 -0.021 0.041
0.013 -0.033 0.055
0.011 -0.029 0.055
0.009 -0.025 0.055
0.011 -0.025 0.063
0.019 -0.011 0.051
0.021 -0.013 0.053
0.019 -0.009 0.047
0.015 -0.005 0.043
0.013 -0.007 0.039
0.017 -0.003 0.049
-0.005 -0.005 0.039
-0.005 -0.005 0.037
0.011 0.003 0.051
0.019 -0.007 0.059
0.011 -0.023 0.065
0.015 -0.031 0.073
0.003 -0.057 0.087
0.011 -0.043 0.091
0.021 -0.025 0.087
0.017 -0.031 0.089
0.021 -0.021 0.087
0.025 -0.017 0.097
0.025 -0.015 0.097
0.025 -0.015 0.097
0.003 -0.045 0.103
0.015 -0.037 0.101
0.015 -0.039 0.101
0.023 -0.025 0.101
0.019 -0.023 0.105
0.021 -0.013 0.035
0.021 -0.039 0.049
0.021 -0.031 0.039
0.021 -0.043 0.035
0.019 -0.041 0.041
0.021 -0.033 0.041
0.021 -0.033 0.043
0.017 -0.043 0.051
0.021 -0.037 0.051
0.013 -0.043 0.061
0.013 -0.041 0.061
0.011 -0.045 0.063
0.019 -0.041 0.053
0.017 -0.039 0.055
0.019 -0.033 0.051
0.021 -0.035 0.049
0.019 -0.035 0.053
0.023 -0.023 0.037
0.023 -0.029 0.033
0.023 -0.021 0.039
0.017 -0.011 0.039
0.011 -0.003 0.041
0.023 -0.013 0.037
0.019 -0.011 0.039
0.019 -0.009 0.059
0.019 -0.009 0.063
0.007 -0.021 0.063
0.019 -0.011 0.061
0.021 -0.013 0.049
0.021 -0.013 0.053
0.019 -0.003 0.061
0.013 -0.039 0.069
0.013 -0.037 0.073
0.017 -0.023 0.077
0.015 -0.037 0.085
0.015 -0.037 0.085
0.013 -0.039 0.083
0.011 -0.043 0.087
0.017 -0.031 0.085
0.017 -0.033 0.097
0.011 -0.045 0.095
0.023 -0.023 0.091
0.017 -0.031 0.091
0.021 -0.025 0.095
0.017 -0.033 0.095
0.011 -0.023 0.065
0.013 -0.025 0.065
0.015 -0.023 0.069
0.011 -0.021 0.067
0.017 -0.019 0.081
0.017 -0.027 0.075
0.017 -0.023 0.077
0.013 -0.013 0.079
0.019 -0.005 0.075
0.021 -0.003 0.065
0.021 -0.003 0.071
0.025 -0.015 0.087
0.019 -0.025 0.083
0.021 -0.027 0.089
0.007 -0.013 0.093
0.015 -0.011 0.093
0.007 -0.053 0.099
0.009 -0.053 0.097
0.005 -0.055 0.101
0.009 -0.051 0.097
0.015 -0.037 0.103
0.023 -0.027 0.107
0.021 -0.029 0.105
0.015 -0.019 0.105
0.013 -0.015 0.099
0.013 -0.015 0.099
0.025 -0.013 0.103
0.015 -0.019 0.107
0.013 -0.023 0.109
0.021 -0.027 0.099
0.021 -0.025 0.105
0.021 -0.023 0.105
0.015 -0.015 0.097
0.025 0.019 0.041
0.025 0.017 0.043
0.021 0.023 0.049
0.009 0.029 0.051
0.005 0.029 0.047
0.019 0.027 0.051
0.015 0.027 0.051
0.017 0.027 0.051
0.005 0.029 0.045
0.005 0.029 0.047
-0.001 0.031 0.047
0.007 0.035 0.061
0.019 0.031 0.061
0.017 0.033 0.065
0.005 0.041 0.041
-0.001 0.037 0.047
-0.009 0.047 0.043
0.007 0.045 0.061
-0.005 0.049 0.049
0.009 0.041 0.031
0.023 0.019 0.045
0.023 0.019 0.045
0.023 0.013 0.045
0.021 0.015 0.047
0.029 0.023 0.037
0.015 0.031 0.045
0.029 0.021 0.035
0.029 0.019 0.037
0.015 0.003 0.057
0.011 0.007 0.061
0.019 0.003 0.061
0.007 0.031 0.053
0.019 0.023 0.065
0.013 0.033 0.059
0.015 0.031 0.057
0.003 0.041 0.043
0.005 0.039 0.043
0.003 0.041 0.055
0.005 0.039 0.061
0.011 0.035 0.061
0.019 0.013 0.075
0.019 0.019 0.077
0.021 0.027 0.069
0.021 0.025 0.073
0.019 0.019 0.065
0.019 0.021 0.071
0.019 0.021 0.073
0.017 0.033 0.081
0.019 0.023 0.069
0.019 0.011 0.089
0.015 0.019 0.093
0.013 0.019 0.095
0.017 0.029 0.085
0.013 0.037 0.067
0.011 0.039 0.069
0.013 0.037 0.071
0.013 0.037 0.073
0.009 0.045 0.067
0.011 0.043 0.077
0.009 0.047 0.073
0.009 0.049 0.077
0.019 0.033 0.075
-0.019 -0.027 0.031
-0.021 -0.029 0.039
-0.015 -0.015 0.033
-0.003 -0.051 0.049
-0.005 -0.047 0.039
-0.011 -0.039 0.035
-0.011 -0.041 0.045
-0.021 -0.029 0.039
-0.019 -0.027 0.045
-0.021 -0.029 0.037
-0.021 -0.033 0.041
-0.019 -0.025 0.039
-0.015 -0.019 0.037
-0.019 -0.027 0.041
-0.011 -0.011 0.039
-0.013 -0.009 0.039
-0.011 -0.011 0.043
-0.013 -0.027 0.051
-0.009 -0.023 0.053
-0.003 -0.011 0.057
-0.001 -0.003 0.063
-0.009 -0.059 0.087
-0.011 -0.051 0.087
-0.011 -0.051 0.087
-0.007 -0.039 0.083
-0.007 -0.033 0.085
-0.009 -0.043 0.097
-0.005 -0.035 0.089
-0.005 -0.033 0.095
-0.005 -0.031 0.083
-0.003 -0.027 0.091
-0.001 -0.019 0.095
-0.009 -0.041 0.099
-0.009 -0.045 0.101
-0.003 -0.035 0.103
-0.003 -0.027 0.099
-0.001 -0.025 0.099
-0.015 -0.039 0.041
-0.021 -0.033 0.045
-0.017 -0.023 0.043
-0.015 -0.035 0.045
-0.015 -0.033 0.045
-0.015 -0.031 0.047
-0.005 -0.047 0.039
-0.013 -0.039 0.045
-0.007 -0.047 0.055
-0.007 -0.047 0.053
0.001 -0.051 0.057
-0.003 -0.049 0.057
-0.003 -0.047 0.061
-0.005 -0.045 0.061
-0.005 -0.045 0.063
-0.013 -0.029 0.049
-0.013 -0.027 0.051
-0.011 -0.011 0.043
-0.007 -0.013 0.047
-0.013 -0.023 0.049
-0.009 -0.023 0.053
-0.005 -0.011 0.053
-0.003 -0.027 0.057
0.003 -0.023 0.055
0.007 -0.019 0.059
-0.001 -0.013 0.061
0.003 -0.013 0.065
0.001 -0.017 0.057
0.003 -0.017 0.059
0.003 -0.043 0.071
-0.007 -0.047 0.089
-0.001 -0.041 0.089
-0.009 -0.041 0.099
-0.001 -0.027 0.079
0.003 -0.019 0.079
0.007 -0.015 0.077
0.009 -0.011 0.075
0.001 -0.005 0.073
0.005 -0.005 0.079
-0.001 -0.023 0.083
-0.001 -0.025 0.093
0.003 -0.009 0.089
0.001 -0.017 0.097
-0.001 -0.021 0.095
0.001 -0.021 0.103
-0.003 -0.055 0.101
-0.001 -0.055 0.105
0.005 -0.043 0.103
0.003 -0.035 0.105
0.007 -0.035 0.105
-0.001 -0.027 0.103
-0.001 -0.025 0.105
0.001 -0.023 0.107
0.011 -0.019 0.109
0.011 -0.031 0.105
0.003 -0.031 0.105
0.009 -0.021 0.107
0.013 -0.009 0.111
0.013 -0.023 0.115
-0.013 0.015 0.037
-0.015 0.003 0.035
-0.015 0.005 0.037
-0.007 0.003 0.039
-0.013 0.013 0.035
-0.013 0.011 0.037
-0.009 0.013 0.047
-0.013 0.017 0.039
-0.011 0.017 0.043
-0.017 0.021 0.049
-0.015 0.019 0.051
-0.019 0.023 0.051
-0.005 0.013 0.051
-0.017 0.021 0.055
-0.015 0.021 0.057
-0.013 0.019 0.053
-0.015 0.021 0.057
-0.011 0.023 0.063
-0.015 0.035 0.035
-0.015 0.035 0.039
-0.013 0.033 0.047
-0.015 0.039 0.047
-0.015 0.043 0.045
-0.009 0.039 0.055
-0.011 0.047 0.049
-0.005 0.039 0.059
-0.011 0.025 0.065
-0.007 0.011 0.039
-0.007 0.007 0.039
0.007 0.007 0.049
0.009 0.007 0.051
-0.017 0.021 0.045
-0.013 0.019 0.059
-0.011 0.019 0.053
0.003 0.011 0.051
0.003 0.013 0.053
-0.001 -0.001 0.053
0.011 0.009 0.053
0.005 0.011 0.055
0.001 0.019 0.051
-0.013 0.019 0.057
0.001 0.019 0.053
-0.011 0.019 0.061
-0.011 0.019 0.061
-0.015 0.023 0.061
-0.013 0.019 0.059
0.001 0.021 0.057
0.007 0.013 0.061
0.005 0.017 0.065
-0.015 0.033 0.043
-0.013 0.033 0.047
-0.009 0.039 0.055
0.001 0.005 0.071
0.001 0.011 0.079
0.001 -0.005 0.075
0.009 0.017 0.069
0.001 0.021 0.077
0.001 0.021 0.077
0.001 0.021 0.075
0.001 0.013 0.081
0.001 0.023 0.081
0.001 0.023 0.085
0.009 0.023 0.091
0.005 0.011 0.091
0.003 0.019 0.087
0.005 0.035 0.077
0.005 0.041 0.075
0.001 0.025 0.083
0.003 0.047 0.083
0.003 0.045 0.085
