0.017 -0.013 0.107
0.017 -0.011 0.107
0.019 -0.017 0.099
0.015 -0.027 0.069
0.027 -0.013 0.095
0.009 -0.019 0.059
0.015 -0.011 0.069
0.017 -0.003 0.081
0.013 -0.039 0.069
0.021 -0.031 0.103
0.015 -0.019 0.101
0.015 -0.017 0.109
0.015 -0.017 0.109
0.017 -0.019 0.099
0.023 -0.017 0.103
0.023 -0.015 0.103
0.019 -0.021 0.101
0.025 -0.015 0.103
0.021 -0.023 0.103
0.015 -0.019 0.101
0.019 -0.033 0.101
0.019 -0.029 0.105
0.021 -0.025 0.109
0.017 -0.015 0.109
0.017 -0.033 0.103
0.015 -0.029 0.103
0.015 -0.027 0.103
0.015 -0.023 0.107
0.017 -0.025 0.105
0.015 -0.011 0.093
0.015 -0.015 0.079
0.015 -0.013 0.083
0.013 -0.001 0.091
0.013 0.003 0.093
0.017 -0.001 0.083
0.019 0.005 0.087
0.017 0.003 0.087
0.013 0.001 0.091
0.013 0.001 0.091
0.013 -0.003 0.089
0.015 0.003 0.089
0.017 -0.013 0.109
0.017 -0.009 0.111
0.017 -0.013 0.109
0.015 -0.013 0.095
0.009 -0.009 0.079
0.015 -0.011 0.093
0.013 0.001 0.091
0.015 0.003 0.089
0.017 0.005 0.089
0.013 -0.007 0.085
0.017 -0.033 0.103
0.015 -0.027 0.103
-0.001 -0.045 0.103
0.001 -0.049 0.107
0.001 -0.057 0.105
0.001 -0.055 0.105
0.001 -0.045 0.103
0.003 -0.039 0.105
0.005 -0.029 0.105
0.003 -0.041 0.105
-0.001 -0.045 0.103
0.001 -0.039 0.105
0.009 -0.033 0.105
0.007 -0.031 0.105
0.005 -0.027 0.105
0.015 -0.019 0.109
0.015 -0.021 0.107
0.015 -0.019 0.109
0.017 -0.013 0.109
0.011 -0.001 0.089
0.013 0.003 0.093
0.013 0.005 0.093
-0.001 -0.049 0.107
0.001 -0.047 0.105
-0.003 -0.047 0.105
-0.003 -0.049 0.107
0.003 -0.043 0.103
0.001 -0.039 0.105
0.001 -0.045 0.103
0.003 -0.035 0.105
0.001 -0.029 0.105
0.003 -0.019 0.105
0.015 -0.027 0.051
0.015 -0.023 0.051
0.021 -0.017 0.043
0.023 -0.023 0.039
0.019 -0.005 0.057
0.017 -0.049 0.041
0.013 -0.049 0.039
0.013 -0.045 0.057
0.017 -0.053 0.035
0.015 -0.037 0.057
0.015 -0.041 0.057
0.019 -0.039 0.053
0.019 -0.029 0.049
0.021 -0.029 0.047
0.021 -0.031 0.049
0.015 -0.041 0.057
0.017 -0.041 0.055
0.019 -0.039 0.053
0.017 -0.039 0.055
0.019 -0.043 0.041
0.019 -0.041 0.041
0.021 -0.035 0.035
0.021 -0.035 0.043
0.021 -0.035 0.045
0.011 -0.045 0.059
0.009 -0.047 0.061
0.009 -0.047 0.063
0.011 -0.049 0.053
0.017 -0.035 0.055
0.013 -0.033 0.055
0.015 -0.041 0.057
0.011 -0.045 0.063
0.015 -0.037 0.057
0.019 -0.041 0.053
0.019 -0.035 0.053
0.021 -0.029 0.047
0.019 -0.023 0.043
0.023 -0.029 0.037
0.023 -0.027 0.035
0.021 -0.029 0.039
0.023 -0.025 0.039
0.025 -0.017 0.035
0.019 -0.027 0.047
0.023 -0.021 0.041
0.021 0.001 0.077
0.021 0.003 0.081
0.021 0.007 0.085
0.019 -0.005 0.053
0.019 -0.003 0.057
0.021 -0.013 0.045
0.021 -0.013 0.043
0.023 -0.013 0.039
0.021 -0.015 0.045
0.021 -0.013 0.045
0.019 -0.009 0.047
0.021 -0.015 0.051
0.011 -0.029 0.055
0.013 -0.031 0.055
0.013 -0.015 0.073
0.015 -0.021 0.053
0.023 -0.015 0.103
0.015 -0.027 0.067
0.025 -0.015 0.097
0.009 -0.019 0.061
0.025 -0.013 0.101
0.013 -0.015 0.073
0.017 -0.019 0.051
0.021 0.001 0.069
0.013 -0.007 0.085
0.013 -0.005 0.085
0.013 -0.013 0.067
0.015 -0.011 0.069
0.021 -0.001 0.063
0.017 -0.013 0.059
0.021 -0.001 0.063
0.019 -0.007 0.061
0.021 -0.003 0.069
0.009 -0.043 0.069
0.019 -0.031 0.103
0.021 -0.031 0.103
0.011 -0.043 0.069
0.013 -0.037 0.067
0.015 -0.031 0.071
0.023 -0.027 0.107
0.023 -0.025 0.101
0.007 -0.049 0.099
0.007 -0.051 0.099
0.007 -0.047 0.099
0.015 -0.039 0.101
0.015 -0.039 0.097
0.015 -0.033 0.103
0.021 -0.029 0.097
0.009 -0.041 0.103
0.011 -0.041 0.103
0.015 -0.039 0.101
0.013 -0.043 0.101
0.011 -0.047 0.095
0.013 -0.033 0.105
0.015 -0.033 0.103
0.007 -0.033 0.105
0.011 -0.033 0.105
0.013 -0.029 0.105
0.011 -0.029 0.105
0.021 -0.031 0.103
0.015 -0.017 0.097
0.015 -0.031 0.071
0.019 -0.015 0.087
0.015 -0.023 0.105
0.017 -0.011 0.109
0.015 -0.013 0.095
0.011 -0.013 0.073
0.017 -0.009 0.069
0.015 -0.013 0.081
0.015 -0.011 0.069
0.013 0.001 0.091
0.011 -0.001 0.089
0.011 -0.009 0.081
0.015 -0.009 0.073
0.015 -0.013 0.085
0.005 -0.005 0.079
0.017 -0.011 0.067
0.019 -0.007 0.069
0.021 -0.001 0.073
0.019 -0.005 0.075
0.019 -0.003 0.075
0.019 -0.003 0.079
0.021 -0.023 0.107
0.017 -0.025 0.105
0.019 -0.025 0.107
0.021 -0.023 0.107
0.013 -0.025 0.111
0.013 -0.025 0.111
0.011 -0.015 0.109
0.025 -0.021 0.099
0.023 -0.025 0.101
0.023 -0.025 0.097
0.023 -0.023 0.097
0.023 -0.025 0.101
0.025 -0.015 0.097
0.025 -0.015 0.095
0.019 -0.005 0.113
0.017 -0.005 0.113
0.019 -0.005 0.113
0.015 -0.013 0.083
0.013 -0.001 0.091
0.013 -0.003 0.089
0.013 -0.009 0.111
0.017 -0.007 0.113
0.019 -0.007 0.111
0.017 -0.009 0.111
0.015 -0.015 0.093
0.015 -0.013 0.093
0.015 -0.015 0.099
0.005 -0.057 0.103
0.005 -0.057 0.099
0.005 -0.059 0.101
0.005 -0.051 0.101
0.007 -0.053 0.099
0.003 -0.055 0.103
0.009 -0.043 0.103
0.003 -0.047 0.103
0.009 -0.043 0.103
0.009 -0.043 0.103
0.013 -0.041 0.101
0.013 -0.043 0.101
0.005 -0.037 0.105
0.011 -0.039 0.103
0.015 -0.039 0.101
0.015 -0.039 0.101
0.013 -0.039 0.103
0.015 -0.035 0.103
0.003 -0.027 0.105
0.003 -0.025 0.105
0.011 -0.013 0.109
0.013 -0.017 0.109
0.017 -0.015 0.109
0.003 -0.029 0.105
0.013 -0.023 0.115
0.011 -0.021 0.115
0.013 -0.025 0.109
0.013 -0.027 0.107
0.015 -0.021 0.107
0.011 -0.019 0.109
0.015 -0.019 0.105
0.013 -0.019 0.113
0.013 -0.021 0.115
0.013 -0.023 0.109
0.023 -0.027 0.107
0.023 -0.027 0.107
0.023 -0.025 0.109
0.021 -0.019 0.101
0.021 -0.023 0.107
0.017 -0.005 0.113
0.015 -0.007 0.111
0.017 -0.011 0.111
0.013 -0.015 0.109
0.017 -0.013 0.109
0.017 -0.009 0.111
0.019 -0.001 0.113
0.015 0.035 0.081
0.005 0.037 0.041
0.015 0.013 0.093
0.013 0.015 0.095
0.017 0.015 0.091
0.013 0.015 0.095
0.019 0.017 0.089
0.021 0.015 0.087
0.017 0.019 0.091
0.015 0.023 0.091
0.013 0.019 0.095
0.015 0.021 0.093
0.015 0.023 0.091
0.019 0.019 0.089
0.019 0.017 0.089
0.021 0.017 0.087
0.017 0.021 0.091
0.007 0.027 0.089
0.013 0.035 0.087
0.011 0.037 0.083
0.013 0.031 0.089
0.019 0.031 0.081
0.011 0.025 0.093
0.013 0.029 0.091
0.013 0.029 0.091
0.013 0.033 0.089
0.013 0.035 0.087
0.017 0.033 0.081
0.017 0.021 0.091
0.017 0.021 0.091
0.003 0.027 0.087
0.003 0.027 0.087
-0.011 0.025 0.065
-0.011 0.025 0.065
0.007 0.025 0.089
0.007 0.027 0.089
0.017 0.023 0.091
0.017 0.023 0.091
0.013 0.029 0.091
0.011 0.031 0.091
-0.011 0.029 0.059
0.005 0.023 0.089
0.005 0.025 0.089
0.011 0.029 0.091
0.011 0.025 0.093
0.005 0.031 0.085
-0.011 0.029 0.059
0.005 0.029 0.087
0.001 0.027 0.083
0.009 0.031 0.089
0.009 0.041 0.085
0.011 0.043 0.081
0.003 0.043 0.041
0.001 0.043 0.043
-0.011 0.033 0.047
0.011 0.041 0.071
0.011 0.037 0.083
0.007 0.047 0.087
0.009 0.049 0.085
0.009 0.049 0.085
0.011 0.049 0.079
0.009 0.051 0.081
0.009 0.041 0.083
0.011 0.041 0.081
0.011 0.041 0.077
0.009 0.049 0.085
0.007 0.047 0.087
0.009 0.041 0.085
0.007 0.045 0.087
0.009 0.049 0.085
0.007 0.049 0.087
0.009 0.051 0.083
0.009 0.051 0.077
0.003 0.025 0.087
0.005 0.027 0.087
0.011 0.027 0.093
0.005 0.025 0.089
-0.011 0.025 0.065
0.019 0.017 0.061
0.019 0.019 0.061
0.021 0.021 0.061
0.021 0.023 0.061
0.011 0.033 0.043
0.011 0.037 0.037
0.015 0.033 0.039
0.017 0.013 0.059
0.019 0.015 0.059
0.021 0.017 0.085
0.019 0.015 0.055
0.021 0.017 0.049
0.017 0.011 0.055
0.021 0.005 0.073
0.021 0.015 0.081
0.017 0.011 0.055
0.027 0.015 0.041
0.021 0.015 0.047
0.013 0.031 0.043
0.019 0.033 0.069
0.019 0.031 0.081
0.011 0.031 0.045
0.017 0.031 0.041
0.019 0.029 0.061
0.021 0.019 0.049
0.023 0.019 0.043
0.023 0.027 0.041
0.023 0.027 0.037
0.021 0.023 0.049
0.019 0.029 0.041
0.021 0.009 0.085
0.019 0.019 0.089
0.019 0.011 0.089
0.021 0.007 0.077
0.021 0.009 0.083
0.019 0.017 0.089
0.021 0.015 0.087
0.019 0.003 0.061
0.017 0.013 0.059
0.019 0.023 0.089
0.017 0.025 0.089
0.017 0.031 0.085
0.017 0.031 0.083
0.019 0.031 0.073
0.017 0.023 0.091
0.015 0.031 0.087
0.019 0.031 0.071
0.021 0.017 0.051
0.021 0.021 0.049
0.019 0.027 0.059
0.019 0.029 0.061
0.019 0.019 0.063
0.009 0.039 0.037
0.007 0.037 0.039
0.015 0.033 0.039
0.017 0.033 0.037
0.011 0.039 0.035
0.003 0.043 0.041
0.015 0.037 0.073
0.005 0.037 0.041
0.001 0.037 0.043
0.003 0.037 0.043
0.013 0.033 0.041
0.011 0.033 0.043
0.007 0.045 0.059
0.011 0.047 0.075
0.011 0.041 0.079
0.017 0.035 0.069
0.011 0.043 0.069
0.013 0.043 0.075
0.003 0.049 0.059
0.019 0.019 0.089
0.017 0.013 0.091
0.021 0.011 0.081
0.021 0.015 0.087
0.021 0.013 0.087
0.019 0.017 0.089
0.011 0.007 0.093
0.017 0.015 0.091
0.011 0.013 0.095
0.021 0.003 0.073
0.021 0.005 0.075
0.021 0.001 0.077
0.021 0.003 0.081
0.021 0.011 0.083
0.021 0.009 0.083
0.021 0.009 0.081
0.013 0.027 0.093
0.015 0.023 0.091
0.019 0.023 0.089
0.021 0.019 0.087
0.013 0.033 0.087
0.015 0.021 0.093
0.019 0.021 0.067
0.021 0.021 0.079
0.021 0.023 0.081
0.021 0.025 0.081
0.019 0.031 0.081
0.017 0.001 0.087
0.007 0.011 0.091
0.005 0.011 0.091
0.007 0.017 0.091
0.007 0.015 0.091
0.007 0.015 0.091
0.013 0.005 0.093
0.015 0.007 0.091
0.011 0.009 0.095
0.013 0.013 0.095
0.013 0.009 0.095
0.021 0.005 0.081
0.019 0.003 0.085
0.021 0.009 0.085
0.021 0.015 0.087
0.019 0.009 0.089
0.017 0.009 0.091
0.007 0.017 0.091
0.007 0.027 0.089
0.007 0.029 0.087
0.017 0.031 0.085
0.013 0.031 0.091
0.011 0.029 0.091
0.013 0.021 0.095
0.015 0.029 0.089
0.021 0.021 0.083
0.021 0.019 0.087
0.021 0.021 0.087
0.017 0.029 0.087
0.017 0.019 0.091
0.017 0.025 0.089
0.011 0.039 0.081
0.013 0.035 0.087
0.009 0.041 0.083
0.013 0.037 0.075
0.011 0.035 0.087
0.013 0.037 0.077
0.013 0.035 0.087
0.009 0.041 0.085
0.009 0.041 0.085
0.011 0.043 0.079
0.019 0.033 0.069
0.007 0.055 0.075
0.009 0.033 0.087
0.011 0.037 0.083
0.011 0.033 0.089
0.013 0.033 0.089
0.005 0.045 0.087
0.005 0.047 0.089
0.011 0.043 0.083
0.011 0.047 0.081
0.005 0.053 0.087
0.007 0.051 0.085
0.005 0.053 0.087
