-0.003 -0.043 0.033
-0.021 -0.037 0.033
-0.015 -0.039 0.033
-0.015 -0.039 0.037
-0.001 -0.051 0.043
-0.021 -0.037 0.035
-0.023 -0.037 0.043
-0.009 -0.041 0.037
-0.009 -0.043 0.041
-0.001 -0.047 0.035
-0.007 -0.041 0.035
-0.009 -0.045 0.043
-0.009 -0.045 0.049
-0.005 -0.049 0.043
-0.013 -0.039 0.045
-0.007 -0.049 0.049
-0.005 -0.049 0.055
-0.011 -0.037 0.051
-0.005 -0.047 0.059
-0.005 -0.045 0.063
-0.009 -0.039 0.057
-0.019 -0.039 0.037
-0.021 -0.037 0.039
-0.021 -0.037 0.039
-0.021 -0.037 0.039
-0.021 -0.037 0.043
-0.017 -0.031 0.045
-0.013 -0.039 0.037
-0.017 -0.039 0.037
-0.011 -0.039 0.039
-0.009 -0.039 0.035
-0.013 -0.039 0.039
-0.011 -0.041 0.041
-0.019 -0.037 0.043
-0.017 -0.037 0.043
-0.013 -0.029 0.049
-0.015 -0.037 0.043
-0.019 -0.037 0.043
-0.017 -0.037 0.043
-0.021 -0.037 0.039
-0.019 -0.039 0.041
-0.015 -0.035 0.045
-0.013 -0.039 0.041
-0.015 -0.031 0.047
-0.009 -0.041 0.051
-0.009 -0.043 0.053
-0.013 -0.031 0.051
-0.013 -0.031 0.051
-0.011 -0.035 0.055
-0.011 -0.033 0.055
-0.009 -0.035 0.057
-0.007 -0.045 0.057
-0.009 -0.039 0.053
-0.007 -0.045 0.059
-0.009 -0.039 0.057
-0.007 -0.045 0.059
-0.005 -0.045 0.063
-0.009 -0.041 0.055
-0.005 -0.035 0.065
-0.005 -0.035 0.067
-0.005 -0.043 0.065
-0.003 -0.045 0.067
-0.001 -0.043 0.069
-0.007 -0.059 0.085
-0.009 -0.059 0.087
-0.005 -0.063 0.093
-0.005 -0.063 0.093
-0.005 -0.061 0.085
-0.007 -0.059 0.089
-0.009 -0.057 0.085
-0.011 -0.057 0.085
-0.007 -0.061 0.091
-0.005 -0.047 0.095
-0.001 -0.035 0.075
-0.001 -0.007 0.067
-0.009 -0.059 0.087
-0.003 -0.035 0.091
-0.007 -0.053 0.099
-0.003 -0.051 0.099
-0.007 -0.053 0.101
-0.001 -0.055 0.101
-0.009 -0.053 0.105
-0.005 -0.055 0.105
-0.005 -0.055 0.105
-0.009 -0.051 0.099
-0.003 -0.051 0.099
-0.003 -0.055 0.103
-0.007 -0.053 0.101
-0.007 -0.053 0.101
-0.007 -0.053 0.099
-0.007 -0.053 0.103
0.001 -0.045 0.033
0.007 -0.045 0.035
-0.003 -0.047 0.037
0.007 -0.047 0.037
-0.003 -0.049 0.039
0.003 -0.049 0.039
0.017 -0.051 0.039
0.003 -0.049 0.037
0.011 -0.051 0.037
0.011 -0.049 0.039
0.011 -0.047 0.041
0.015 -0.049 0.041
0.007 -0.047 0.037
0.009 -0.047 0.039
0.011 -0.049 0.039
0.011 -0.047 0.041
0.013 -0.047 0.049
0.017 -0.051 0.037
0.021 -0.047 0.039
0.017 -0.051 0.039
0.015 -0.051 0.039
0.015 -0.051 0.039
0.019 -0.041 0.047
0.007 -0.051 0.049
0.003 -0.051 0.053
0.001 -0.051 0.057
0.001 -0.049 0.059
0.001 -0.049 0.063
0.011 -0.049 0.053
0.001 -0.049 0.063
0.009 -0.047 0.063
0.011 -0.045 0.061
0.019 -0.041 0.049
0.017 -0.043 0.053
0.017 -0.043 0.053
0.019 -0.041 0.053
0.019 -0.041 0.053
0.011 -0.049 0.039
0.009 -0.047 0.037
-0.005 -0.047 0.039
-0.005 -0.047 0.039
0.017 -0.051 0.039
0.017 -0.041 0.043
0.009 -0.047 0.041
0.015 -0.049 0.041
0.013 -0.047 0.049
0.017 -0.041 0.045
0.009 -0.049 0.051
-0.007 -0.047 0.043
0.001 -0.049 0.041
-0.001 -0.049 0.041
0.005 -0.051 0.045
-0.005 -0.049 0.043
-0.001 -0.051 0.043
0.001 -0.051 0.045
-0.005 -0.049 0.049
0.003 -0.051 0.053
0.001 -0.051 0.053
0.007 -0.049 0.041
0.013 -0.045 0.045
0.011 -0.049 0.051
0.007 -0.049 0.055
0.011 -0.047 0.055
0.009 -0.049 0.055
-0.003 -0.049 0.059
-0.001 -0.047 0.065
-0.001 -0.047 0.065
0.003 -0.049 0.061
0.003 -0.049 0.063
0.009 -0.047 0.063
-0.007 -0.045 0.059
-0.007 -0.043 0.061
-0.003 -0.045 0.067
0.009 -0.049 0.057
0.009 -0.049 0.055
0.009 -0.047 0.061
0.009 -0.047 0.063
0.007 -0.047 0.065
0.001 -0.043 0.071
0.007 -0.043 0.071
0.007 -0.043 0.071
0.011 -0.045 0.065
0.009 -0.043 0.069
0.011 -0.043 0.069
0.003 -0.035 0.077
0.007 -0.037 0.077
0.011 -0.039 0.073
0.001 -0.059 0.087
0.003 -0.053 0.095
0.003 -0.051 0.093
0.003 -0.053 0.095
0.009 -0.049 0.093
0.009 -0.053 0.095
0.011 -0.043 0.083
-0.003 -0.061 0.087
0.003 -0.057 0.087
0.013 -0.039 0.081
0.003 -0.053 0.089
0.005 -0.051 0.093
0.009 -0.045 0.091
0.007 -0.053 0.095
-0.005 -0.061 0.091
-0.005 -0.061 0.091
0.005 -0.033 0.093
0.001 -0.055 0.097
0.011 -0.049 0.095
0.015 -0.041 0.093
0.011 -0.043 0.067
0.009 -0.043 0.069
0.013 -0.037 0.073
-0.001 -0.041 0.071
0.009 -0.041 0.073
0.003 -0.043 0.071
0.003 -0.033 0.079
0.015 -0.033 0.073
0.001 -0.035 0.077
0.005 -0.033 0.079
0.013 -0.039 0.081
0.013 -0.035 0.077
-0.003 -0.039 0.071
-0.003 -0.055 0.083
-0.001 -0.031 0.077
-0.003 -0.055 0.083
0.005 -0.037 0.077
-0.001 -0.061 0.083
0.009 -0.043 0.069
0.011 -0.041 0.071
0.011 -0.041 0.071
0.011 -0.039 0.073
-0.003 -0.055 0.083
-0.003 -0.061 0.087
-0.001 -0.061 0.087
-0.007 -0.059 0.085
-0.005 -0.061 0.085
-0.009 -0.059 0.087
-0.007 -0.059 0.087
0.005 -0.053 0.087
-0.007 -0.051 0.097
0.013 -0.041 0.083
0.019 -0.027 0.087
0.009 -0.045 0.083
0.021 -0.023 0.085
0.017 -0.033 0.089
0.021 -0.025 0.091
-0.005 -0.061 0.087
-0.005 -0.059 0.089
-0.007 -0.059 0.089
-0.001 -0.061 0.085
0.005 -0.051 0.089
-0.007 -0.059 0.085
-0.007 -0.059 0.087
0.001 -0.061 0.085
-0.003 -0.061 0.087
0.001 -0.057 0.089
-0.001 -0.059 0.089
0.001 -0.057 0.089
0.005 -0.051 0.093
0.009 -0.035 0.091
0.001 -0.061 0.085
0.003 -0.059 0.099
0.005 -0.057 0.103
0.007 -0.055 0.099
0.001 -0.055 0.097
0.001 -0.055 0.097
0.005 -0.059 0.101
0.001 -0.057 0.105
0.003 -0.059 0.099
0.001 -0.055 0.097
-0.003 -0.055 0.101
0.003 -0.059 0.101
0.005 -0.057 0.099
0.005 -0.057 0.103
0.007 -0.055 0.099
0.013 -0.041 0.099
0.013 -0.041 0.099
0.013 -0.043 0.101
0.011 -0.043 0.103
-0.003 -0.055 0.105
-0.001 -0.057 0.105
0.009 -0.039 0.105
0.013 -0.035 0.105
0.017 -0.035 0.097
-0.005 -0.055 0.103
-0.003 -0.055 0.101
-0.003 -0.055 0.105
0.009 -0.027 0.107
0.009 -0.025 0.109
0.007 -0.041 0.105
0.009 -0.025 0.109
0.009 -0.025 0.109
0.019 -0.031 0.097
0.015 -0.037 0.103
0.017 -0.035 0.099
0.013 -0.041 0.097
0.017 -0.035 0.099
0.013 -0.043 0.101
0.023 -0.025 0.101
0.021 -0.031 0.103
0.021 -0.027 0.107
-0.003 -0.055 0.101
-0.005 -0.055 0.103
-0.003 -0.055 0.101
-0.003 -0.055 0.103
0.009 -0.039 0.105
0.011 -0.025 0.111
0.013 -0.027 0.107
0.017 -0.015 0.109
0.013 -0.025 0.111
-0.015 -0.039 0.041
-0.019 -0.037 0.043
-0.023 -0.037 0.043
-0.023 -0.037 0.041
-0.023 -0.037 0.043
-0.019 -0.033 0.045
-0.019 -0.035 0.043
-0.011 -0.041 0.041
-0.013 -0.035 0.045
-0.011 -0.039 0.047
-0.011 -0.039 0.047
-0.021 -0.037 0.043
-0.021 -0.033 0.045
-0.011 -0.041 0.045
-0.015 -0.031 0.047
-0.011 -0.037 0.047
-0.011 -0.041 0.045
-0.017 -0.027 0.047
-0.017 0.019 0.043
-0.017 0.019 0.045
-0.017 0.019 0.045
-0.013 0.015 0.039
-0.017 -0.023 0.045
-0.011 0.017 0.041
-0.013 0.017 0.037
-0.021 -0.033 0.045
-0.009 0.013 0.045
-0.011 0.017 0.043
-0.009 0.015 0.049
-0.007 0.013 0.049
-0.001 -0.005 0.061
-0.017 0.021 0.053
-0.017 0.021 0.055
-0.011 0.017 0.051
-0.011 -0.029 0.055
-0.007 0.017 0.053
-0.015 0.021 0.055
-0.011 0.019 0.055
-0.009 0.019 0.059
-0.011 0.019 0.061
-0.007 0.021 0.057
-0.007 0.021 0.059
-0.007 0.021 0.065
-0.021 -0.033 0.045
-0.011 0.015 0.039
-0.009 0.013 0.045
-0.017 0.019 0.043
-0.015 0.019 0.049
-0.015 0.019 0.051
-0.009 0.015 0.051
-0.015 0.019 0.051
-0.017 0.021 0.051
-0.015 0.019 0.051
-0.015 0.019 0.051
-0.011 0.019 0.053
-0.005 0.017 0.051
-0.007 0.017 0.053
-0.001 0.037 0.055
-0.013 0.019 0.059
-0.013 0.019 0.059
-0.009 0.019 0.059
-0.013 0.021 0.061
-0.009 0.021 0.065
-0.005 0.019 0.065
-0.007 0.021 0.067
-0.011 0.019 0.055
-0.003 0.021 0.065
-0.009 -0.045 0.043
-0.007 -0.047 0.043
-0.007 -0.047 0.043
-0.005 -0.049 0.043
-0.009 -0.045 0.043
-0.009 -0.045 0.049
-0.005 -0.049 0.047
-0.001 -0.051 0.049
-0.005 -0.049 0.055
-0.007 -0.047 0.055
0.005 -0.051 0.049
0.011 -0.047 0.047
0.011 -0.049 0.049
0.005 -0.051 0.051
0.007 -0.051 0.053
0.001 -0.051 0.055
0.003 -0.051 0.057
0.003 -0.051 0.057
-0.011 -0.039 0.047
-0.003 -0.051 0.045
-0.003 -0.051 0.049
-0.013 -0.039 0.045
-0.005 -0.049 0.045
-0.011 -0.035 0.055
-0.007 -0.047 0.055
0.001 -0.051 0.049
-0.001 -0.051 0.051
0.003 -0.051 0.051
-0.001 -0.051 0.051
0.005 -0.051 0.053
0.005 -0.051 0.053
0.003 -0.051 0.055
0.003 -0.051 0.057
0.003 -0.051 0.053
-0.003 -0.049 0.059
-0.001 -0.049 0.057
-0.007 -0.045 0.059
-0.007 -0.043 0.061
-0.003 -0.047 0.063
-0.005 -0.041 0.063
-0.005 -0.041 0.063
-0.005 -0.045 0.063
-0.001 -0.047 0.063
-0.001 -0.043 0.069
-0.005 -0.029 0.063
-0.003 -0.047 0.063
-0.003 -0.045 0.067
0.001 -0.047 0.065
-0.009 -0.033 0.057
-0.003 -0.005 0.059
-0.003 -0.011 0.055
-0.007 -0.035 0.061
-0.001 -0.003 0.061
-0.001 -0.007 0.065
0.001 0.021 0.063
0.001 -0.049 0.059
0.003 -0.047 0.067
-0.009 -0.043 0.047
-0.009 -0.045 0.049
-0.009 -0.045 0.049
-0.011 -0.035 0.053
-0.011 -0.035 0.053
-0.005 0.011 0.049
0.001 0.039 0.053
0.001 0.037 0.057
-0.001 -0.011 0.063
-0.005 -0.037 0.069
-0.001 -0.003 0.063
-0.005 0.019 0.065
-0.001 0.037 0.055
-0.003 -0.029 0.071
-0.001 -0.003 0.071
0.003 -0.043 0.071
-0.001 -0.031 0.075
-0.001 -0.037 0.075
0.001 -0.003 0.077
0.001 -0.005 0.075
-0.013 -0.055 0.083
0.007 -0.043 0.071
0.007 -0.041 0.073
0.011 -0.035 0.079
0.005 -0.057 0.081
0.003 -0.057 0.081
0.005 -0.033 0.079
-0.001 -0.061 0.085
0.001 -0.005 0.073
-0.003 -0.035 0.073
-0.001 -0.037 0.075
-0.001 -0.025 0.077
-0.013 -0.055 0.083
-0.013 -0.053 0.083
0.001 0.021 0.075
0.003 -0.041 0.073
0.003 -0.039 0.075
0.003 -0.039 0.075
-0.001 -0.059 0.083
-0.001 -0.061 0.083
-0.011 -0.057 0.087
-0.009 -0.057 0.089
-0.013 -0.057 0.085
-0.011 -0.055 0.089
-0.003 -0.059 0.093
0.005 -0.033 0.093
-0.009 -0.053 0.091
-0.001 -0.041 0.095
-0.001 -0.041 0.095
-0.001 -0.041 0.095
0.003 -0.055 0.089
0.003 -0.055 0.089
0.005 -0.039 0.091
-0.013 -0.051 0.085
-0.011 -0.055 0.089
-0.009 -0.053 0.091
-0.009 -0.053 0.091
-0.007 -0.059 0.093
-0.005 -0.063 0.093
-0.005 -0.047 0.095
-0.001 -0.059 0.089
-0.003 -0.061 0.087
-0.005 -0.061 0.091
-0.003 -0.059 0.093
-0.001 -0.001 0.069
0.001 0.021 0.069
-0.001 -0.031 0.077
-0.003 0.021 0.069
0.001 0.023 0.071
-0.003 0.021 0.071
0.001 0.025 0.071
0.001 -0.007 0.073
0.001 0.021 0.077
0.001 0.021 0.075
-0.013 -0.051 0.083
-0.013 -0.057 0.085
-0.005 -0.053 0.083
-0.007 -0.059 0.085
0.001 0.021 0.077
-0.011 -0.049 0.081
0.001 0.021 0.075
0.001 -0.003 0.077
0.001 0.023 0.079
-0.013 -0.049 0.083
-0.013 -0.051 0.085
0.003 0.017 0.087
0.003 0.045 0.085
-0.011 -0.057 0.087
0.003 0.045 0.081
