-0.009 -0.045 0.045
-0.013 -0.039 0.045
-0.009 -0.043 0.055
-0.011 -0.033 0.055
-0.017 -0.023 0.045
-0.019 -0.027 0.039
-0.013 -0.025 0.047
-0.011 -0.005 0.039
-0.007 -0.005 0.043
-0.013 -0.029 0.051
-0.013 -0.027 0.051
-0.003 -0.029 0.061
-0.003 -0.043 0.067
-0.005 -0.035 0.067
-0.005 -0.049 0.089
-0.009 -0.041 0.085
-0.007 -0.041 0.087
-0.001 -0.003 0.071
-0.009 -0.049 0.101
-0.001 -0.041 0.101
-0.003 -0.037 0.101
-0.017 -0.027 0.047
-0.009 -0.045 0.051
-0.011 -0.035 0.051
-0.013 -0.027 0.051
-0.007 -0.031 0.059
-0.005 -0.031 0.063
-0.009 -0.021 0.051
-0.005 -0.007 0.055
-0.003 -0.009 0.057
-0.007 -0.007 0.049
-0.001 -0.001 0.057
0.003 -0.039 0.075
-0.003 -0.029 0.085
-0.003 -0.029 0.083
-0.005 -0.037 0.099
0.001 -0.009 0.067
0.001 -0.019 0.091
-0.001 -0.019 0.095
-0.001 -0.023 0.101
0.005 -0.007 0.093
0.005 -0.007 0.093
0.003 -0.009 0.097
-0.007 -0.045 0.101
-0.005 -0.047 0.103
-0.001 -0.021 0.105
0.001 -0.015 0.103
0.003 -0.017 0.107
0.011 -0.019 0.109
0.013 -0.011 0.109
-0.017 0.019 0.043
-0.013 0.027 0.037
-0.017 0.021 0.047
-0.015 0.031 0.037
-0.019 0.025 0.055
-0.009 0.031 0.047
-0.005 0.013 0.051
-0.009 0.025 0.065
-0.013 0.029 0.059
-0.011 0.027 0.061
-0.009 0.027 0.063
-0.009 0.049 0.049
-0.009 0.047 0.055
-0.015 0.039 0.043
0.003 0.013 0.053
-0.017 0.027 0.057
0.003 0.027 0.049
0.003 0.027 0.053
-0.007 0.027 0.059
0.003 0.005 0.061
-0.009 0.039 0.055
-0.013 0.043 0.051
0.005 0.033 0.059
0.001 0.047 0.067
-0.001 0.049 0.061
0.005 0.007 0.067
0.003 0.009 0.073
0.003 0.013 0.077
0.001 0.025 0.067
0.001 0.027 0.083
0.007 0.033 0.085
0.011 0.005 0.093
0.003 0.029 0.085
0.011 0.027 0.093
0.005 0.039 0.073
0.009 0.033 0.087
0.011 0.033 0.089
0.013 -0.029 0.053
0.017 -0.037 0.055
0.011 -0.027 0.061
0.023 -0.015 0.041
0.017 -0.005 0.049
-0.005 -0.005 0.037
0.019 -0.007 0.057
0.019 -0.009 0.057
0.015 0.001 0.053
0.017 -0.017 0.085
0.015 -0.013 0.085
0.003 -0.053 0.103
0.013 -0.041 0.101
0.025 -0.013 0.103
0.023 -0.045 0.037
0.021 -0.029 0.039
0.021 -0.035 0.037
0.021 -0.033 0.037
0.023 -0.025 0.037
0.021 -0.043 0.039
0.021 -0.041 0.037
0.013 -0.031 0.055
0.023 -0.015 0.039
0.023 -0.015 0.035
0.021 -0.025 0.041
0.013 -0.007 0.037
0.013 -0.011 0.035
0.017 -0.015 0.057
0.007 -0.023 0.059
0.017 -0.011 0.063
0.019 -0.001 0.057
0.019 -0.003 0.061
0.015 -0.031 0.067
0.015 -0.033 0.071
0.007 -0.051 0.083
0.003 -0.055 0.089
0.013 -0.039 0.091
0.023 -0.023 0.095
0.017 -0.037 0.095
0.019 -0.031 0.095
0.009 -0.021 0.065
0.013 -0.013 0.077
0.017 -0.021 0.075
0.019 -0.003 0.079
0.019 -0.003 0.075
0.021 -0.001 0.071
0.019 -0.001 0.079
0.017 -0.031 0.087
0.021 -0.025 0.089
0.025 -0.015 0.089
0.015 -0.013 0.083
0.009 -0.049 0.097
0.011 -0.045 0.097
0.015 -0.021 0.107
0.023 -0.017 0.099
0.021 -0.027 0.105
0.007 -0.009 0.099
0.007 -0.007 0.097
0.015 -0.013 0.105
0.025 0.021 0.041
0.023 0.025 0.041
0.021 0.023 0.051
0.021 0.019 0.051
0.017 0.031 0.041
0.019 0.031 0.039
0.009 0.037 0.039
0.017 0.031 0.039
0.009 0.029 0.051
0.019 0.031 0.067
0.003 0.045 0.055
-0.003 0.049 0.057
0.017 0.035 0.071
0.009 0.045 0.067
0.009 0.045 0.069
0.021 0.023 0.035
0.009 0.041 0.031
0.009 0.001 0.047
0.023 0.013 0.045
0.027 0.017 0.041
0.001 0.031 0.045
0.017 0.029 0.043
0.025 0.025 0.039
0.013 0.005 0.057
0.021 0.019 0.059
0.019 0.015 0.059
0.015 0.031 0.057
0.013 0.029 0.055
0.019 0.031 0.061
0.001 0.043 0.051
0.007 0.035 0.059
0.011 0.035 0.063
0.019 0.013 0.075
0.017 0.013 0.073
0.021 0.003 0.079
0.021 0.005 0.077
0.019 0.021 0.075
0.019 0.019 0.065
0.021 0.023 0.077
0.017 0.009 0.091
0.015 0.015 0.093
0.013 0.019 0.095
0.019 0.027 0.085
0.009 0.045 0.071
0.011 0.039 0.073
0.011 0.041 0.079
0.011 0.045 0.075
0.007 0.047 0.087
0.011 0.049 0.081
0.005 -0.051 0.043
0.005 -0.049 0.039
0.013 -0.047 0.049
-0.017 -0.039 0.035
0.003 -0.049 0.039
-0.003 -0.049 0.057
-0.007 -0.049 0.049
-0.017 -0.037 0.043
0.003 -0.051 0.053
0.007 -0.051 0.053
0.003 -0.047 0.065
0.007 -0.045 0.067
0.013 -0.039 0.069
0.013 -0.039 0.069
-0.001 -0.061 0.087
-0.007 -0.059 0.089
-0.003 -0.061 0.087
-0.001 -0.059 0.089
-0.005 -0.061 0.093
-0.001 -0.055 0.091
0.007 -0.047 0.083
0.011 -0.049 0.039
0.017 -0.045 0.041
0.013 -0.045 0.045
0.023 -0.047 0.039
0.007 -0.051 0.053
0.011 -0.049 0.051
0.015 -0.039 0.057
0.019 -0.037 0.053
0.013 -0.045 0.043
0.013 -0.045 0.045
0.015 -0.031 0.065
0.015 -0.017 0.057
0.017 -0.025 0.049
0.013 -0.037 0.071
0.013 -0.035 0.069
0.003 -0.057 0.087
0.005 -0.051 0.087
0.013 -0.041 0.085
0.011 -0.047 0.093
0.011 -0.047 0.093
0.011 -0.039 0.073
0.015 -0.033 0.069
0.015 -0.035 0.087
0.017 -0.027 0.077
0.017 -0.027 0.077
0.019 -0.009 0.065
0.021 -0.025 0.091
0.021 -0.025 0.095
0.021 -0.025 0.091
0.007 -0.051 0.099
0.009 -0.039 0.105
0.011 -0.037 0.105
0.021 -0.031 0.103
0.009 -0.027 0.107
0.003 -0.021 0.107
0.025 -0.021 0.097
0.017 -0.015 0.109
0.015 -0.019 0.109
0.015 -0.013 0.111
0.017 -0.009 0.109
0.019 -0.007 0.109
0.015 -0.025 0.051
0.013 -0.035 0.063
0.015 -0.031 0.065
0.011 -0.017 0.059
0.013 -0.013 0.065
0.013 -0.015 0.063
0.013 -0.035 0.077
0.017 -0.027 0.075
0.017 -0.031 0.083
0.015 -0.033 0.085
0.021 -0.003 0.071
0.017 -0.005 0.079
0.025 -0.017 0.089
0.021 0.003 0.079
0.015 0.009 0.039
0.019 -0.017 0.051
0.019 -0.017 0.051
0.017 0.013 0.037
0.017 0.013 0.037
0.027 0.013 0.039
0.017 0.009 0.045
0.021 -0.013 0.053
0.017 0.011 0.053
0.021 0.015 0.051
0.017 0.011 0.055
0.027 0.013 0.039
0.019 -0.013 0.055
0.017 -0.013 0.061
0.017 -0.011 0.063
0.015 -0.011 0.069
0.019 -0.007 0.069
0.017 -0.007 0.071
0.019 0.011 0.051
0.019 -0.005 0.069
0.021 0.019 0.059
0.017 0.009 0.045
0.021 -0.001 0.073
0.017 -0.007 0.073
0.021 -0.003 0.071
0.023 -0.023 0.091
0.023 -0.023 0.093
0.019 0.021 0.067
0.023 -0.023 0.101
0.025 -0.013 0.103
0.017 0.013 0.091
0.015 0.013 0.093
0.021 0.017 0.087
0.021 0.015 0.079
0.017 0.007 0.089
0.019 0.011 0.089
0.021 0.021 0.083
0.019 0.023 0.089
-0.015 -0.015 0.033
-0.021 -0.037 0.037
-0.013 -0.039 0.037
-0.015 -0.039 0.041
-0.011 -0.041 0.045
-0.005 -0.049 0.055
-0.009 -0.045 0.051
-0.007 -0.047 0.053
-0.007 -0.037 0.063
-0.019 -0.023 0.035
-0.017 -0.029 0.047
-0.017 -0.029 0.047
-0.015 -0.017 0.041
-0.013 -0.015 0.041
-0.011 -0.021 0.049
-0.001 -0.003 0.061
-0.013 -0.057 0.085
-0.011 -0.053 0.087
-0.007 -0.039 0.085
-0.001 -0.025 0.079
-0.005 -0.055 0.103
-0.005 -0.053 0.105
-0.005 -0.049 0.105
-0.005 -0.049 0.105
-0.003 -0.031 0.101
0.015 -0.053 0.037
-0.009 -0.043 0.045
-0.007 -0.045 0.047
0.001 -0.049 0.063
-0.001 -0.043 0.069
-0.005 -0.045 0.061
-0.011 -0.013 0.043
-0.007 -0.033 0.061
-0.001 -0.027 0.059
-0.003 -0.029 0.065
0.007 -0.021 0.059
-0.011 -0.053 0.087
-0.011 -0.053 0.089
-0.007 -0.041 0.087
-0.009 -0.045 0.099
-0.009 -0.043 0.099
-0.009 -0.045 0.101
0.001 -0.023 0.069
0.001 -0.021 0.073
-0.005 -0.033 0.083
0.001 -0.001 0.079
-0.003 -0.029 0.091
-0.001 -0.023 0.091
0.003 -0.013 0.087
0.001 -0.013 0.093
0.001 -0.017 0.097
-0.001 -0.021 0.099
0.001 -0.017 0.101
0.001 -0.027 0.105
-0.001 -0.021 0.107
0.001 -0.015 0.101
0.001 -0.019 0.103
-0.013 0.033 0.033
-0.007 0.003 0.039
-0.013 0.017 0.037
-0.015 0.019 0.035
-0.011 0.023 0.037
-0.015 0.035 0.035
-0.013 0.045 0.045
-0.011 0.045 0.051
-0.011 0.037 0.051
-0.007 0.013 0.041
-0.011 0.017 0.051
-0.001 0.001 0.065
0.003 0.017 0.059
0.003 0.017 0.063
-0.019 0.023 0.053
0.001 0.037 0.059
-0.007 0.041 0.061
-0.001 0.039 0.065
0.001 0.009 0.077
0.001 0.001 0.075
0.001 0.005 0.083
0.011 0.017 0.067
0.001 0.013 0.081
0.001 0.023 0.081
0.003 0.027 0.087
0.011 0.017 0.095
0.011 0.027 0.093
0.001 0.039 0.069
0.005 0.033 0.081
0.001 0.027 0.075
0.005 0.041 0.085
0.005 0.049 0.087
0.005 0.057 0.081
-0.013 -0.037 0.031
-0.019 -0.039 0.035
-0.005 -0.047 0.039
-0.005 -0.049 0.047
-0.003 -0.051 0.049
-0.017 -0.033 0.045
-0.003 -0.051 0.045
0.007 -0.047 0.037
0.005 -0.049 0.039
0.005 -0.051 0.047
0.005 -0.051 0.049
-0.011 -0.057 0.085
-0.007 -0.055 0.085
-0.003 -0.051 0.083
0.003 -0.061 0.083
0.003 -0.047 0.065
0.003 -0.037 0.091
-0.005 -0.055 0.103
0.003 -0.059 0.103
0.001 -0.041 0.031
0.021 -0.027 0.031
0.023 -0.025 0.031
0.007 -0.051 0.047
0.009 -0.047 0.041
0.011 -0.049 0.051
0.021 -0.039 0.051
0.011 -0.051 0.035
0.007 -0.045 0.035
0.007 -0.045 0.035
0.023 -0.029 0.035
0.019 -0.041 0.045
0.021 -0.033 0.047
0.017 -0.043 0.051
0.017 -0.043 0.053
0.013 -0.041 0.063
0.011 -0.045 0.059
0.013 -0.043 0.061
0.015 -0.015 0.059
0.009 -0.037 0.077
0.005 -0.051 0.093
0.009 -0.049 0.093
0.009 -0.041 0.089
0.015 -0.031 0.067
0.007 -0.045 0.069
0.013 -0.033 0.079
0.005 -0.039 0.075
0.007 -0.039 0.075
0.009 -0.037 0.077
0.015 -0.021 0.073
0.021 -0.003 0.065
0.017 -0.009 0.069
0.019 -0.007 0.071
0.005 -0.049 0.089
0.023 -0.023 0.093
0.011 -0.043 0.085
0.015 -0.031 0.079
0.017 -0.031 0.083
0.017 -0.031 0.083
0.013 -0.043 0.093
0.013 -0.041 0.095
0.009 -0.043 0.103
0.015 -0.037 0.103
0.019 -0.029 0.101
0.023 -0.025 0.097
0.013 -0.041 0.095
0.019 -0.029 0.105
0.021 -0.027 0.107
0.013 -0.025 0.111
0.003 -0.049 0.037
0.005 -0.049 0.041
0.007 -0.049 0.041
0.009 -0.049 0.043
0.005 -0.051 0.047
0.003 -0.049 0.059
0.009 -0.049 0.055
0.015 -0.051 0.039
0.015 -0.043 0.045
0.007 -0.051 0.049
0.007 -0.051 0.049
0.015 -0.043 0.053
0.017 -0.051 0.039
0.027 0.013 0.039
0.023 -0.031 0.037
0.019 -0.043 0.041
0.021 -0.027 0.039
0.019 0.011 0.041
0.023 -0.017 0.039
0.027 0.013 0.037
0.015 -0.043 0.053
0.019 -0.041 0.053
0.015 -0.013 0.061
0.015 -0.013 0.063
0.019 -0.007 0.055
0.023 -0.025 0.039
0.015 -0.013 0.065
0.015 -0.031 0.071
0.011 -0.039 0.073
0.021 -0.001 0.075
0.015 -0.009 0.071
0.013 -0.035 0.067
0.015 -0.031 0.067
0.015 -0.009 0.073
0.017 -0.031 0.085
0.013 -0.037 0.087
0.021 0.007 0.081
0.015 -0.029 0.081
0.021 0.007 0.085
0.019 -0.009 0.067
0.019 -0.007 0.069
0.017 -0.021 0.079
0.017 -0.025 0.081
0.017 -0.001 0.083
0.019 -0.001 0.081
