0.023 -0.047 0.037
0.023 -0.049 0.037
0.023 -0.049 0.035
0.023 -0.049 0.035
0.023 -0.045 0.035
0.023 -0.047 0.037
0.013 -0.035 0.033
0.021 -0.033 0.035
0.021 -0.033 0.035
0.023 -0.025 0.035
0.023 -0.023 0.035
0.017 -0.051 0.039
0.017 -0.051 0.039
0.021 -0.049 0.039
0.021 -0.049 0.039
0.021 -0.051 0.037
0.017 -0.051 0.039
0.021 -0.051 0.037
0.021 -0.049 0.039
0.017 -0.049 0.041
0.007 -0.051 0.047
0.005 -0.051 0.043
0.011 -0.047 0.045
0.013 -0.045 0.047
0.011 -0.047 0.047
0.001 -0.051 0.049
0.001 -0.051 0.051
0.017 -0.043 0.053
0.015 -0.043 0.055
0.007 -0.049 0.061
0.013 -0.043 0.061
0.013 -0.041 0.061
0.021 -0.041 0.039
0.015 -0.043 0.047
0.019 -0.041 0.049
0.019 -0.039 0.041
0.021 -0.043 0.039
0.021 -0.037 0.039
0.021 -0.033 0.039
0.021 -0.035 0.039
0.021 -0.033 0.047
0.021 -0.031 0.049
0.021 -0.031 0.049
0.023 -0.025 0.039
0.021 -0.029 0.041
0.023 -0.023 0.039
0.023 -0.021 0.039
0.017 -0.023 0.047
0.017 -0.019 0.045
0.015 -0.041 0.057
0.017 -0.039 0.055
0.017 -0.035 0.055
0.013 -0.033 0.057
0.019 -0.035 0.053
0.019 -0.031 0.051
0.009 -0.025 0.055
0.009 -0.025 0.055
0.007 -0.023 0.057
0.013 -0.033 0.059
0.013 -0.035 0.063
0.015 -0.021 0.051
0.021 -0.013 0.051
0.019 -0.011 0.053
0.017 -0.015 0.057
0.009 -0.019 0.059
0.013 -0.017 0.059
0.015 -0.013 0.061
0.019 -0.009 0.063
0.005 -0.045 0.067
0.009 -0.045 0.067
0.011 -0.041 0.069
0.003 -0.059 0.085
0.003 -0.057 0.083
0.003 -0.059 0.085
0.003 -0.059 0.085
0.003 -0.055 0.085
-0.005 -0.063 0.093
-0.001 -0.055 0.091
0.003 -0.055 0.089
0.007 -0.049 0.085
0.009 -0.045 0.083
0.013 -0.041 0.083
0.013 -0.041 0.083
0.013 -0.041 0.085
0.003 -0.045 0.089
0.011 -0.049 0.095
0.013 -0.041 0.095
0.013 -0.033 0.067
0.013 -0.035 0.073
0.013 -0.033 0.077
0.015 -0.031 0.073
0.013 -0.013 0.067
0.015 -0.035 0.091
0.017 -0.033 0.093
0.005 -0.057 0.101
0.007 -0.055 0.097
0.009 -0.053 0.097
0.005 -0.057 0.101
0.001 -0.057 0.105
0.003 -0.051 0.105
0.007 -0.047 0.099
0.005 -0.047 0.101
0.011 -0.043 0.097
0.013 -0.041 0.097
0.015 -0.037 0.097
0.015 -0.037 0.101
0.021 -0.031 0.103
0.023 -0.047 0.035
0.019 -0.033 0.033
0.023 -0.027 0.033
0.025 -0.023 0.033
0.025 -0.023 0.033
0.017 -0.053 0.035
0.017 -0.053 0.035
0.021 -0.051 0.037
0.021 -0.049 0.039
0.023 -0.045 0.037
0.023 -0.045 0.037
0.021 -0.035 0.035
0.021 -0.041 0.037
0.021 -0.033 0.037
0.019 -0.043 0.041
0.019 -0.041 0.045
0.019 -0.041 0.045
0.007 -0.051 0.051
0.009 -0.049 0.053
0.011 -0.047 0.053
0.017 -0.039 0.055
0.013 -0.033 0.063
0.021 -0.037 0.051
0.019 -0.041 0.053
0.021 -0.031 0.033
0.023 -0.031 0.035
0.023 -0.027 0.037
0.023 -0.025 0.035
0.023 -0.029 0.033
0.023 -0.025 0.039
0.025 -0.017 0.033
0.021 -0.027 0.043
0.021 -0.021 0.041
0.017 -0.021 0.047
0.025 -0.017 0.035
0.023 -0.015 0.037
0.023 -0.015 0.037
0.023 -0.015 0.039
0.023 -0.017 0.041
0.023 -0.015 0.039
0.021 -0.013 0.041
0.021 -0.011 0.041
0.021 -0.011 0.041
0.021 -0.011 0.043
0.021 -0.011 0.045
0.021 -0.013 0.047
0.021 -0.011 0.043
0.021 -0.013 0.043
0.021 -0.013 0.041
0.019 -0.035 0.053
0.009 -0.025 0.055
0.015 -0.021 0.051
0.013 -0.023 0.053
0.011 -0.029 0.057
0.013 -0.033 0.057
0.013 -0.031 0.059
0.009 -0.017 0.063
0.009 -0.021 0.057
0.009 -0.019 0.059
0.021 -0.033 0.049
0.017 -0.019 0.051
0.009 -0.017 0.061
0.015 -0.015 0.059
0.015 -0.013 0.061
0.017 -0.011 0.063
0.017 -0.015 0.057
0.019 -0.011 0.057
0.005 -0.047 0.065
0.005 -0.045 0.067
0.005 -0.043 0.071
0.011 -0.045 0.065
0.011 -0.043 0.069
0.013 -0.035 0.069
0.015 -0.033 0.071
0.011 -0.037 0.075
0.011 -0.035 0.079
0.003 -0.057 0.087
0.005 -0.053 0.083
0.005 -0.049 0.081
0.003 -0.055 0.089
0.003 -0.055 0.089
0.005 -0.051 0.089
0.007 -0.051 0.093
0.009 -0.053 0.095
0.005 -0.049 0.081
0.007 -0.047 0.081
0.005 -0.049 0.087
0.009 -0.045 0.085
0.011 -0.043 0.083
0.009 -0.045 0.085
0.013 -0.039 0.085
0.013 -0.039 0.085
0.013 -0.039 0.085
0.015 -0.037 0.085
0.013 -0.041 0.083
0.013 -0.035 0.081
0.015 -0.035 0.083
0.013 -0.039 0.085
0.011 -0.049 0.095
0.011 -0.045 0.091
0.013 -0.045 0.093
0.013 -0.043 0.093
0.009 -0.041 0.089
0.015 -0.041 0.093
0.015 -0.037 0.093
0.015 -0.037 0.093
0.015 -0.035 0.089
0.015 -0.041 0.093
0.015 -0.025 0.069
0.015 -0.023 0.071
0.013 -0.025 0.065
0.015 -0.031 0.077
0.017 -0.025 0.077
0.009 -0.017 0.065
0.009 -0.015 0.067
0.013 -0.013 0.065
0.011 -0.013 0.071
0.017 -0.019 0.079
0.017 -0.017 0.079
0.011 -0.011 0.077
0.019 -0.007 0.065
0.019 -0.003 0.079
0.017 -0.027 0.081
0.019 -0.029 0.093
0.021 -0.027 0.095
0.021 -0.025 0.095
0.017 -0.029 0.085
0.017 -0.017 0.081
0.021 -0.023 0.085
0.021 -0.023 0.087
0.023 -0.019 0.095
0.021 -0.021 0.085
0.023 -0.019 0.087
0.025 -0.017 0.087
0.013 -0.007 0.081
0.013 -0.007 0.081
0.017 -0.001 0.083
0.013 -0.007 0.085
0.013 -0.003 0.087
0.023 -0.023 0.093
0.025 -0.019 0.093
0.025 -0.019 0.093
0.023 -0.019 0.089
0.025 -0.015 0.095
0.003 -0.059 0.099
0.005 -0.057 0.099
0.003 -0.059 0.101
0.005 -0.059 0.101
0.005 -0.057 0.103
0.001 -0.057 0.105
0.003 -0.051 0.105
0.007 -0.045 0.099
0.011 -0.045 0.097
0.011 -0.045 0.097
0.017 -0.033 0.101
0.017 -0.033 0.099
0.023 -0.023 0.097
0.023 -0.023 0.101
0.013 -0.035 0.105
0.013 -0.035 0.105
0.013 -0.033 0.105
0.013 -0.027 0.107
0.021 -0.031 0.103
0.021 -0.027 0.105
0.021 -0.027 0.105
0.013 -0.023 0.111
0.021 -0.029 0.099
0.021 -0.027 0.099
0.021 -0.031 0.103
0.021 -0.029 0.105
0.023 -0.023 0.101
0.025 -0.019 0.101
0.025 -0.019 0.101
0.015 -0.015 0.105
0.017 -0.009 0.111
0.019 -0.007 0.111
0.025 -0.015 0.097
0.011 -0.025 0.113
0.017 0.017 0.035
-0.001 0.003 0.035
0.021 -0.013 0.041
-0.001 0.003 0.033
-0.001 0.003 0.035
-0.003 0.005 0.039
-0.001 0.005 0.037
0.011 -0.003 0.041
-0.005 0.005 0.037
-0.001 0.009 0.037
-0.001 0.007 0.035
0.013 -0.005 0.041
-0.001 0.005 0.037
0.009 0.007 0.039
-0.001 0.007 0.037
0.011 0.007 0.039
0.009 0.007 0.049
-0.003 0.009 0.043
0.001 0.009 0.045
0.013 0.007 0.047
0.017 0.009 0.049
0.017 0.011 0.039
0.023 0.011 0.041
0.027 0.013 0.037
0.017 0.013 0.037
0.013 0.007 0.043
0.017 0.009 0.045
0.013 0.007 0.049
0.013 0.007 0.049
0.017 0.009 0.045
0.019 0.011 0.047
0.017 0.009 0.043
0.019 0.011 0.045
0.021 0.015 0.049
0.007 0.009 0.053
0.007 0.011 0.057
0.015 0.011 0.057
0.011 0.009 0.055
0.013 0.009 0.055
0.009 0.011 0.057
0.019 0.011 0.051
0.017 0.011 0.053
0.019 0.011 0.053
0.019 0.011 0.053
0.017 0.011 0.055
0.009 0.011 0.059
0.019 0.003 0.061
0.015 0.005 0.059
0.009 0.011 0.059
0.009 0.011 0.059
0.005 0.015 0.063
0.015 0.007 0.065
0.013 0.011 0.059
0.013 0.011 0.059
0.007 0.013 0.061
0.011 0.015 0.063
0.009 0.015 0.063
0.013 0.011 0.059
0.015 0.013 0.061
0.015 0.013 0.061
0.007 0.013 0.061
0.015 0.013 0.061
0.023 0.027 0.041
0.027 0.021 0.039
0.023 0.027 0.039
0.021 0.025 0.047
0.001 0.045 0.047
0.021 0.019 0.053
0.021 0.021 0.053
0.019 0.027 0.051
0.001 0.041 0.051
0.001 0.043 0.049
0.017 0.033 0.063
0.005 0.041 0.057
0.017 0.009 0.069
0.013 0.015 0.065
0.019 0.009 0.071
0.015 0.015 0.033
0.013 0.017 0.031
0.013 0.021 0.031
0.015 0.021 0.033
0.015 0.021 0.033
0.029 0.017 0.033
0.013 0.007 0.047
0.009 0.007 0.043
0.027 0.013 0.037
0.019 0.011 0.041
0.023 0.013 0.041
0.023 0.011 0.041
0.025 0.015 0.043
0.017 0.009 0.047
0.021 0.015 0.047
0.017 0.013 0.035
0.017 0.013 0.035
0.017 0.013 0.035
0.019 0.013 0.039
0.023 0.011 0.041
0.017 0.015 0.035
0.027 0.013 0.037
0.027 0.019 0.035
0.023 0.013 0.041
0.029 0.019 0.037
0.023 0.013 0.045
0.025 0.017 0.045
0.021 0.021 0.045
0.027 0.017 0.041
0.029 0.021 0.033
0.027 0.017 0.037
0.025 0.025 0.039
0.021 0.015 0.047
0.025 0.015 0.045
0.025 0.015 0.045
0.023 0.027 0.041
0.023 0.025 0.041
0.019 -0.005 0.053
0.019 -0.009 0.057
0.019 -0.003 0.053
0.013 0.009 0.055
0.017 0.009 0.049
0.015 0.009 0.053
0.019 -0.001 0.057
0.013 0.011 0.059
0.019 0.011 0.049
0.021 0.015 0.051
0.019 0.015 0.055
0.021 0.015 0.053
0.019 0.015 0.057
0.021 0.015 0.051
0.021 0.019 0.051
0.021 0.017 0.057
0.021 0.021 0.053
0.021 0.021 0.049
0.021 0.023 0.055
0.019 0.023 0.053
0.015 0.011 0.057
0.015 0.015 0.063
0.021 0.025 0.059
0.021 0.019 0.049
0.021 0.017 0.055
0.021 0.021 0.053
0.021 0.019 0.057
0.021 0.021 0.061
0.019 0.027 0.057
0.019 0.029 0.063
0.025 0.021 0.041
0.023 0.027 0.039
0.015 0.035 0.037
0.021 0.023 0.043
0.017 0.029 0.055
0.001 0.041 0.049
0.001 0.047 0.049
0.005 0.041 0.059
0.009 0.041 0.063
0.007 0.045 0.061
0.007 0.045 0.059
0.019 -0.007 0.067
0.021 -0.001 0.065
0.021 0.001 0.069
0.013 0.015 0.065
0.021 0.003 0.069
0.019 -0.003 0.077
0.021 0.001 0.075
0.021 0.005 0.079
0.019 0.007 0.073
0.019 0.009 0.073
0.021 -0.001 0.065
0.021 0.001 0.069
0.021 0.003 0.073
0.021 0.005 0.077
0.021 0.009 0.075
0.021 0.007 0.075
0.021 0.011 0.079
0.013 0.017 0.069
0.017 0.017 0.065
0.013 0.017 0.071
0.017 0.019 0.069
0.021 0.009 0.075
0.017 0.017 0.075
0.021 0.025 0.071
0.021 0.025 0.071
0.019 0.021 0.075
0.019 0.017 0.077
0.021 0.023 0.077
0.021 0.023 0.077
0.021 0.025 0.075
0.021 0.027 0.073
0.015 -0.003 0.083
0.015 -0.001 0.085
0.013 0.001 0.089
0.013 0.001 0.089
0.015 0.003 0.089
0.013 -0.001 0.089
0.017 0.009 0.091
0.015 0.007 0.091
0.021 0.015 0.087
0.017 0.011 0.091
0.019 0.009 0.087
0.021 0.019 0.085
0.017 0.011 0.091
0.017 0.015 0.091
0.019 0.023 0.089
0.013 0.025 0.093
0.019 0.027 0.085
0.017 0.017 0.091
0.019 0.031 0.065
0.021 0.027 0.069
0.021 0.027 0.069
0.019 0.031 0.069
0.009 0.039 0.065
0.019 0.033 0.069
0.009 0.045 0.067
0.015 0.037 0.071
0.021 0.023 0.077
0.019 0.029 0.079
0.019 0.031 0.079
0.011 0.045 0.079
0.019 0.033 0.067
0.011 0.047 0.079
0.021 0.025 0.081
0.019 0.027 0.081
0.019 0.029 0.083
0.019 0.031 0.081
0.013 0.035 0.085
0.007 0.043 0.087
0.007 0.043 0.087
0.009 0.049 0.083
0.007 0.049 0.087
