-0.013 -0.057 0.085
-0.005 -0.059 0.093
-0.011 -0.049 0.087
-0.011 -0.025 0.053
-0.003 -0.051 0.049
-0.017 -0.039 0.039
-0.023 -0.037 0.043
-0.021 -0.033 0.045
-0.019 -0.033 0.045
-0.017 -0.033 0.045
-0.003 -0.051 0.045
-0.011 -0.041 0.043
-0.009 -0.045 0.051
-0.005 -0.049 0.049
-0.005 -0.049 0.051
-0.011 -0.057 0.087
-0.011 -0.053 0.089
-0.007 -0.059 0.093
-0.003 -0.061 0.091
-0.005 -0.051 0.089
-0.021 -0.037 0.043
-0.019 -0.035 0.043
-0.019 -0.029 0.045
-0.021 -0.033 0.045
-0.011 -0.057 0.087
-0.011 -0.049 0.087
-0.007 -0.057 0.093
-0.015 -0.017 0.041
-0.013 -0.025 0.051
-0.011 -0.023 0.051
-0.011 -0.025 0.053
-0.013 -0.021 0.047
-0.015 -0.015 0.039
-0.013 -0.011 0.037
-0.015 -0.015 0.039
-0.011 -0.017 0.047
-0.005 -0.055 0.105
-0.007 -0.053 0.105
-0.007 -0.051 0.105
-0.013 -0.009 0.039
-0.005 -0.049 0.105
-0.007 -0.043 0.099
-0.009 -0.041 0.085
-0.009 -0.041 0.099
-0.009 -0.041 0.099
-0.005 -0.039 0.099
-0.011 -0.053 0.089
-0.013 -0.027 0.051
-0.011 -0.051 0.087
-0.011 -0.049 0.087
-0.011 -0.025 0.053
-0.007 -0.051 0.105
-0.007 -0.041 0.099
-0.007 -0.037 0.097
-0.005 -0.039 0.099
-0.003 -0.037 0.103
-0.007 -0.035 0.097
-0.005 -0.035 0.099
-0.001 -0.059 0.089
-0.007 -0.055 0.105
-0.003 -0.055 0.103
-0.003 -0.061 0.087
-0.003 -0.061 0.091
-0.011 -0.057 0.087
-0.009 -0.057 0.089
-0.009 -0.055 0.089
-0.003 -0.059 0.093
-0.007 -0.055 0.091
-0.001 -0.055 0.091
-0.003 -0.055 0.101
-0.001 -0.057 0.103
-0.007 -0.055 0.105
-0.007 -0.055 0.105
-0.007 -0.055 0.105
-0.007 -0.051 0.105
-0.001 -0.051 0.107
-0.005 -0.055 0.105
-0.005 -0.055 0.105
-0.005 -0.049 0.105
-0.003 -0.051 0.107
-0.001 -0.041 0.101
-0.003 -0.047 0.105
-0.001 -0.039 0.103
-0.003 -0.039 0.101
-0.001 -0.039 0.103
-0.001 -0.037 0.105
-0.001 -0.035 0.105
-0.001 -0.039 0.105
-0.001 -0.035 0.105
-0.007 -0.055 0.105
-0.005 -0.053 0.105
-0.007 -0.053 0.105
-0.003 -0.055 0.105
-0.001 -0.051 0.107
-0.009 -0.045 0.101
-0.005 -0.039 0.099
-0.001 -0.039 0.105
-0.001 -0.037 0.105
-0.001 -0.033 0.105
-0.005 -0.029 0.097
-0.003 -0.031 0.103
-0.001 -0.027 0.103
0.009 -0.047 0.063
0.003 -0.059 0.103
0.013 -0.039 0.069
0.017 -0.029 0.051
0.007 -0.051 0.049
0.007 -0.051 0.053
0.011 -0.049 0.053
0.007 -0.049 0.059
0.011 -0.047 0.057
0.013 -0.047 0.049
0.015 -0.043 0.041
0.009 -0.049 0.051
0.021 -0.047 0.039
0.021 -0.043 0.039
0.015 -0.043 0.053
0.019 -0.041 0.053
0.019 -0.041 0.041
0.007 -0.051 0.051
0.007 -0.051 0.053
0.007 -0.051 0.053
0.003 -0.061 0.083
0.015 -0.045 0.051
0.011 -0.047 0.059
0.013 -0.041 0.067
0.021 -0.037 0.051
0.017 -0.035 0.055
0.013 -0.043 0.061
0.003 -0.059 0.099
0.003 -0.059 0.103
0.007 -0.055 0.099
0.021 -0.037 0.051
0.019 -0.037 0.053
0.013 -0.037 0.071
0.017 -0.029 0.051
0.025 -0.021 0.035
0.019 -0.031 0.051
0.005 -0.053 0.101
0.007 -0.049 0.099
0.009 -0.045 0.097
0.003 -0.049 0.105
0.003 -0.045 0.103
0.009 -0.043 0.099
0.001 -0.039 0.105
0.007 -0.041 0.105
0.011 -0.045 0.097
0.011 -0.043 0.103
0.003 -0.053 0.103
0.005 -0.057 0.103
-0.001 -0.051 0.107
0.011 -0.049 0.095
0.007 -0.053 0.099
0.007 -0.053 0.099
0.007 -0.051 0.099
0.001 -0.053 0.105
0.005 -0.045 0.101
0.005 -0.045 0.101
0.011 -0.043 0.101
0.007 -0.045 0.099
0.003 -0.041 0.105
0.009 -0.039 0.105
0.013 -0.037 0.103
0.013 -0.035 0.105
0.013 -0.043 0.101
0.001 -0.057 0.089
0.003 -0.057 0.087
0.007 -0.045 0.069
0.013 -0.037 0.073
0.001 -0.059 0.103
0.005 -0.057 0.103
0.009 -0.051 0.097
0.011 -0.049 0.095
0.013 -0.045 0.093
0.005 -0.059 0.101
0.003 -0.057 0.103
0.005 -0.057 0.103
0.007 -0.051 0.099
0.007 -0.049 0.099
0.011 -0.049 0.095
0.001 -0.053 0.105
0.011 -0.047 0.095
0.011 -0.045 0.097
0.013 -0.043 0.101
0.003 -0.053 0.103
0.005 -0.047 0.101
0.009 -0.047 0.097
0.009 -0.045 0.097
0.007 -0.043 0.103
0.007 -0.041 0.105
0.011 -0.043 0.103
0.009 -0.043 0.103
0.009 -0.043 0.103
0.015 -0.039 0.097
0.015 -0.039 0.097
0.015 -0.039 0.101
0.017 -0.035 0.097
0.001 -0.051 0.107
0.007 -0.045 0.099
0.011 -0.045 0.097
0.011 -0.043 0.099
0.003 -0.049 0.105
0.005 -0.041 0.105
0.007 -0.045 0.099
0.009 -0.043 0.099
0.011 -0.043 0.103
-0.001 -0.041 0.101
0.003 -0.041 0.105
0.001 -0.039 0.105
0.003 -0.037 0.105
0.007 -0.037 0.105
0.015 -0.033 0.103
0.005 -0.035 0.105
-0.001 -0.031 0.105
0.009 -0.033 0.105
0.007 -0.033 0.105
0.009 -0.027 0.107
0.001 -0.027 0.105
-0.001 -0.025 0.105
0.001 -0.021 0.107
0.013 -0.027 0.107
0.015 -0.029 0.103
0.015 -0.027 0.103
0.015 -0.023 0.107
0.017 -0.025 0.105
0.001 -0.043 0.101
0.001 -0.041 0.103
0.013 -0.041 0.103
0.007 -0.043 0.103
-0.001 -0.037 0.105
0.001 -0.035 0.105
0.001 -0.025 0.105
0.013 -0.027 0.107
0.017 -0.035 0.097
0.015 -0.037 0.103
0.017 -0.033 0.103
0.019 -0.031 0.103
0.017 -0.027 0.105
0.017 -0.027 0.105
0.019 -0.025 0.107
0.009 -0.029 0.105
0.013 -0.029 0.105
0.009 -0.027 0.107
0.013 -0.023 0.113
0.009 -0.021 0.109
0.005 -0.023 0.105
0.001 -0.023 0.107
0.007 -0.015 0.101
0.019 -0.027 0.105
0.023 -0.027 0.107
0.023 -0.025 0.109
0.023 -0.025 0.109
0.005 -0.057 0.103
0.001 -0.055 0.105
0.007 -0.049 0.099
0.007 -0.047 0.099
0.001 -0.049 0.107
0.001 -0.047 0.105
0.003 -0.049 0.105
0.007 -0.041 0.105
0.009 -0.047 0.097
0.015 -0.037 0.103
0.009 -0.039 0.105
0.011 -0.039 0.103
0.013 -0.037 0.103
0.007 -0.033 0.105
0.013 -0.035 0.105
0.001 -0.029 0.105
0.013 -0.033 0.105
0.003 -0.023 0.105
0.007 -0.025 0.107
0.013 -0.025 0.111
0.001 -0.029 0.105
0.003 -0.027 0.105
0.013 -0.027 0.107
0.001 -0.021 0.107
0.011 -0.023 0.113
0.011 -0.021 0.115
0.017 -0.029 0.105
0.023 -0.027 0.107
0.019 -0.025 0.107
0.021 -0.025 0.109
0.017 -0.025 0.105
0.003 -0.021 0.107
0.007 -0.013 0.101
0.005 -0.017 0.107
0.005 -0.017 0.103
0.005 -0.017 0.107
0.005 -0.017 0.107
0.009 -0.025 0.111
0.005 -0.011 0.103
0.007 -0.011 0.101
0.005 -0.009 0.103
0.011 -0.019 0.115
0.015 -0.013 0.111
0.015 -0.011 0.111
0.015 -0.009 0.111
0.017 -0.015 0.109
0.019 -0.007 0.111
0.013 -0.021 0.115
-0.003 -0.033 0.103
-0.005 0.011 0.047
-0.011 0.019 0.053
-0.003 0.023 0.047
-0.001 0.021 0.049
-0.005 0.029 0.045
-0.003 -0.035 0.103
-0.013 0.007 0.039
-0.011 0.007 0.037
-0.009 0.011 0.037
-0.007 0.009 0.037
-0.009 0.013 0.047
-0.005 0.009 0.043
-0.005 0.011 0.049
-0.013 0.013 0.037
-0.009 0.013 0.043
-0.013 0.017 0.043
-0.009 0.013 0.047
-0.007 0.015 0.051
-0.011 0.017 0.051
-0.011 0.017 0.049
-0.013 0.019 0.053
-0.001 0.013 0.049
-0.011 0.015 0.047
-0.011 0.017 0.051
-0.015 0.019 0.051
-0.007 0.017 0.053
-0.007 0.017 0.053
-0.003 0.017 0.051
-0.013 0.019 0.057
-0.011 0.019 0.061
-0.001 0.031 0.047
-0.017 0.023 0.059
-0.015 0.019 0.051
-0.013 0.019 0.057
-0.005 0.019 0.051
-0.007 0.017 0.053
-0.015 0.021 0.057
-0.007 0.021 0.065
-0.013 0.023 0.063
-0.011 0.023 0.063
-0.013 0.019 0.053
-0.009 0.019 0.059
-0.009 0.021 0.061
-0.009 0.021 0.065
-0.013 0.019 0.059
-0.013 0.021 0.061
-0.011 0.037 0.051
-0.015 0.039 0.047
-0.013 0.039 0.051
-0.001 0.035 0.049
-0.005 0.037 0.055
-0.013 0.025 0.061
-0.013 0.039 0.051
-0.005 0.025 0.069
-0.003 0.021 0.073
-0.013 0.041 0.051
-0.009 0.041 0.057
-0.009 0.043 0.059
-0.003 0.041 0.065
-0.007 0.045 0.061
-0.007 0.021 0.069
-0.011 0.025 0.065
0.007 -0.033 0.105
-0.001 -0.021 0.107
0.001 -0.023 0.107
0.005 -0.019 0.103
0.005 -0.037 0.105
-0.003 -0.033 0.103
0.005 -0.037 0.105
0.009 -0.033 0.105
0.005 -0.035 0.105
0.007 -0.035 0.105
0.007 -0.033 0.105
0.009 -0.033 0.105
0.011 -0.033 0.105
0.011 -0.033 0.105
0.013 -0.031 0.105
0.015 -0.029 0.103
0.017 -0.029 0.105
0.017 -0.027 0.105
0.001 -0.025 0.105
-0.001 -0.023 0.105
0.001 0.017 0.053
0.005 -0.021 0.105
0.003 -0.019 0.109
0.001 0.019 0.057
0.001 0.003 0.083
0.003 -0.019 0.109
0.011 -0.003 0.089
0.011 -0.003 0.089
0.011 -0.029 0.105
0.013 -0.027 0.107
0.019 -0.025 0.107
0.017 -0.027 0.105
0.021 -0.027 0.107
0.019 -0.027 0.105
0.009 -0.025 0.111
0.011 -0.023 0.113
0.013 -0.023 0.113
0.013 -0.027 0.107
0.019 -0.027 0.105
0.011 -0.021 0.115
0.013 -0.023 0.115
0.005 -0.031 0.105
0.009 -0.033 0.105
0.001 -0.027 0.105
0.005 -0.027 0.105
0.005 -0.025 0.105
0.001 -0.029 0.105
0.003 -0.025 0.105
0.011 -0.027 0.107
0.005 -0.025 0.105
0.007 -0.025 0.107
0.011 -0.027 0.109
0.003 -0.019 0.109
0.013 -0.027 0.107
0.013 -0.029 0.105
0.013 -0.025 0.109
-0.001 -0.021 0.107
0.005 -0.007 0.101
0.009 -0.001 0.087
0.001 0.007 0.081
0.003 0.003 0.085
0.001 0.007 0.083
0.013 -0.023 0.115
0.015 -0.021 0.107
0.011 -0.021 0.115
0.015 -0.019 0.109
0.015 -0.015 0.109
0.013 -0.019 0.115
0.009 -0.023 0.111
0.009 -0.021 0.109
0.005 -0.017 0.107
0.005 -0.011 0.103
0.005 -0.009 0.103
0.003 0.005 0.087
0.003 0.005 0.087
0.001 0.021 0.061
0.003 -0.017 0.109
0.001 0.017 0.085
0.001 0.025 0.077
0.003 0.015 0.089
0.007 0.007 0.091
0.005 0.019 0.091
0.001 -0.023 0.107
0.003 -0.023 0.105
0.007 -0.023 0.107
0.001 -0.019 0.109
0.003 -0.011 0.101
0.015 -0.023 0.107
0.017 -0.021 0.101
0.021 0.001 0.077
0.013 -0.021 0.115
0.013 -0.019 0.115
0.013 -0.013 0.109
0.013 -0.011 0.109
0.015 -0.013 0.111
0.017 -0.011 0.111
0.003 -0.009 0.101
0.005 -0.009 0.103
0.003 0.007 0.087
0.005 0.007 0.089
0.007 -0.009 0.103
0.007 -0.009 0.103
0.011 0.001 0.091
0.001 0.017 0.085
0.001 0.015 0.085
0.001 0.019 0.085
0.013 -0.013 0.109
0.013 -0.009 0.111
0.015 -0.009 0.111
0.015 -0.007 0.111
0.017 0.013 0.091
0.017 -0.003 0.113
0.015 0.019 0.093
0.003 -0.013 0.103
0.001 0.011 0.085
0.001 0.015 0.085
0.013 -0.013 0.109
0.007 0.015 0.091
0.015 -0.007 0.111
0.015 -0.005 0.113
0.001 0.015 0.085
0.003 0.021 0.089
0.015 0.023 0.091
0.009 0.027 0.091
0.005 0.015 0.091
0.005 0.019 0.091
0.015 0.019 0.093
0.009 0.025 0.091
0.015 0.025 0.091
0.015 0.029 0.089
0.017 -0.003 0.113
0.017 -0.001 0.113
0.019 0.021 0.089
0.017 0.023 0.091
0.003 0.023 0.087
0.003 0.021 0.089
0.001 0.027 0.083
0.007 0.029 0.087
0.005 0.041 0.079
0.015 0.021 0.093
0.003 0.045 0.085
0.003 0.045 0.087
0.003 0.045 0.087
0.003 0.047 0.087
0.009 0.041 0.085
0.005 0.049 0.087
0.003 0.051 0.087
0.007 0.047 0.087
0.005 0.055 0.087
